data/map/cret5.asc
ncols         217
nrows         146
xllcorner     6.39591e+006
yllcorner     1.68973e+006
cellsize      1135.85
NODATA_value  -99999
[rows 30 to 59 of 146, columns 0 to 66 of 217]
5751.57 5814 5876.44 5927.62 5964.84 6002.06 6002.75 5968.63 5934.52 5922.5 5926.61 5930.72 5960.69 6004.97 6049.25 6163.84 6307.24 6450.65 6618.61 6793.7 6968.8 7158.25 7350.42 7542.6 8095.87 8686.46 9277.05 9873.32 10469.7 10793 10768.1 10733.3 10687.4 10629.2 10558 10472.3 10531.2 10612.8 10688.7 10762.2 10833.3 10906.4 10980.3 11059.4 11145.1 11245.9 11370 11534.4 11720.5 12019.5 12292.5 12562.3 12815.9 13042.3 13331.2 13542.6 14151.6 14771.6 15327.9 15778.5 16225.9 16630.7 17001.3 17338.9 17666.5 17876.6 18026.8
5802.24 5841.44 5880.64 5913.11 5937.24 5961.37 5962.55 5941.88 5921.22 5917.58 5926.4 5935.21 5973.35 6027.74 6082.13 6188 6314.99 6441.98 6591.35 6747.22 6903.09 7058.82 7214.52 7370.22 7791.95 8241.19 8690.42 9227.69 9767.49 10299.1 10621.5 10744.3 10698.9 10642.7 10574.5 10493.4 10398.1 10528.2 10619.3 10701.3 10783.9 10867.2 10954.3 11044.5 11142.7 11250.6 11374.8 11517.6 11680.2 11854.6 12085.9 12279 12464.9 12630.8 12880 13231.2 13628.1 14301.5 14931.2 15503.9 16038.7 16524.4 16972 17382.5 17781.8 18046.6 18237.1
5852.9 5868.87 5884.83 5898.6 5909.64 5920.67 5922.36 5915.14 5907.92 5912.67 5926.18 5939.69 5986.01 6050.51 6115 6212.17 6322.74 6433.31 6564.08 6700.73 6837.38 6959.38 7078.61 7197.84 7488.04 7795.91 8103.78 8582.06 9065.24 9546.14 9969 10391.9 10721.6 10668 10604 10528.5 10441.2 10483.7 10557.1 10641.7 10731.4 10826 10922.6 11023.3 11127.7 11240 11360.3 11491 11628.4 11767.7 11903.1 12035.7 12146.8 12248.7 12452.4 12781.8 13237.8 13780.6 14517.8 15138.7 15760.1 16332.2 16864 17353.8 17832 18160.8 18401.3
5898.75 5896.34 5893.94 5892.76 5893.1 5893.43 5893.5 5893.33 5893.16 5903.32 5921.02 5938.72 5988.62 6056.36 6124.09 6209.53 6302.23 6394.92 6505.53 6621.34 6737.15 6828.54 6915.29 7002.04 7197.89 7405 7612.12 8036.38 8466.9 8898.84 9367.22 9835.61 10261.5 10318.5 10375.5 10467.4 10496.9 10407.7 10484.6 10575.4 10675.6 10780.7 10888.3 10996.1 11106.5 11219.3 11336.7 11456.4 11576.2 11689.6 11783.6 11850.7 11898.9 11941.3 12098 12396.6 12842.5 13336.4 14070.7 14740.4 15425.4 16069.2 16680.7 17253.9 17817.3 18217.2 18517.9
5937.59 5923.88 5910.17 5899.5 5892.6 5885.69 5881.09 5878.7 5876.3 5887.52 5908.68 5929.84 5976.66 6037.68 6098.71 6168.02 6240.73 6313.45 6401.6 6494.25 6586.89 6652.15 6712.22 6772.29 6927.69 7092.93 7258.18 7635.65 8019.22 8404.71 8838.95 9273.19 9680.38 9852.94 10025.5 10217.2 10502.7 10484.4 10397.7 10500.4 10613.4 10734 10852 10967.5 11080.9 11195.1 11309 11422.6 11531.1 11630.2 11707.9 11751 11769 11777.7 11897.8 12154.5 12567.2 13107.9 13718.9 14381.6 15087.5 15767.4 16438.5 17084.3 17729.4 18201.9 18572.3
5976.43 5951.42 5926.41 5906.25 5892.1 5877.95 5868.68 5864.06 5859.44 5871.72 5896.34 5920.96 5964.69 6019.01 6073.32 6126.51 6179.24 6231.97 6297.68 6367.15 6436.62 6475.76 6509.15 6542.54 6657.49 6780.86 6904.23 7234.91 7571.55 7910.58 8310.68 8710.78 9099.3 9387.39 9675.47 9966.89 10274.7 10569.7 10494.9 10414.5 10544.4 10688.6 10819.3 10939.3 11055.5 11169.4 11282.6 11392.5 11496.9 11590 11665.2 11714.2 11731 11732.7 11836.6 12064.1 12431.2 12927.2 13457.8 14071.5 14750.7 15430.4 16136.9 16842 17565 18114.3 18565.9
6026.49 5988.4 5950.31 5918.89 5895.74 5872.58 5858.45 5852.91 5847.37 5860.17 5886.37 5912.56 5951.73 5998.1 6044.46 6084.73 6122.49 6160.26 6210.56 6264.51 6318.45 6349.85 6376.97 6404.08 6496.92 6596.54 6696.17 6980.66 7270.46 7563.23 7931.56 8299.88 8665.37 9006.27 9347.17 9688.42 10031.3 10374.3 10598.5 10531.2 10460.6 10657.5 10796 10915.7 11030.8 11145.2 11258.1 11368.7 11472.9 11567.8 11647.9 11709.6 11750.1 11769.1 11879.5 12096.5 12430.6 12868.8 13428.7 13876.4 14481.8 15119.4 15820.5 16553.3 17329.2 17943.1 18471.2
6089.01 6035.87 5982.73 5938.09 5903.97 5869.85 5850.64 5845.64 5840.63 5853.35 5879.02 5904.69 5937.67 5974.71 6011.75 6042.64 6071 6099.37 6142.11 6189.02 6235.93 6279.98 6323.48 6366.98 6458.07 6554.07 6650.07 6889.05 7132.14 7378.86 7718.03 8057.2 8394.81 8718.91 9043 9378.63 9770.98 10163.3 10554.6 10652.2 10595.9 10684.1 10792.1 10895.8 11007.7 11121.2 11236.7 11349.9 11458.8 11559.3 11649.3 11726.2 11790.4 11843.5 11978.3 12200 12514.1 12905.3 13391.6 13785.3 14355.5 14885.6 15556.7 16297.3 17105.3 17765 18352.7
6151.53 6083.34 6015.16 5957.29 5912.2 5867.12 5842.83 5838.36 5833.89 5846.53 5871.67 5896.81 5923.61 5951.33 5979.04 6000.55 6019.52 6038.48 6073.65 6113.53 6153.41 6210.11 6270 6329.88 6419.22 6511.6 6603.98 6797.44 6993.82 7194.48 7504.5 7814.52 8124.25 8431.54 8738.82 9068.85 9510.63 9952.4 10375.4 10737 10732.6 10691 10792.2 10867.9 10982 11096.4 11216.9 11335.7 11451.9 11561.8 11663.3 11756.5 11843.7 11936.5 12107.1 12343.7 12648 13003.1 13413.5 13761.2 14183 14703.2 15311.4 16029.9 16841.5 17532.2 18166.8
6188.68 6113.8 6038.93 5975.51 5926.29 5877.07 5850.95 5846.85 5842.75 5853.31 5874.59 5895.86 5916.26 5936.18 5956.1 5970.06 5981.57 5993.07 6023.33 6059.03 6094.72 6159.4 6229.56 6299.72 6385.57 6473.04 6560.5 6726.18 6894.11 7066.47 7352.03 7637.58 7924.93 8227.81 8530.7 8857.31 9300.55 9743.79 10160.7 10491.9 10823 10841 10817.7 10801.3 10961 11072.4 11202.8 11327.6 11452.5 11570.9 11685.1 11793.7 11901.6 12021.9 12243.7 12496.6 12796.9 13117.1 13458.5 13750.9 14084.5 14517.8 15085.4 15767.3 16560.7 17268.1 17937.4
6204.19 6129.75 6055.31 5992.89 5945.36 5897.84 5872.67 5868.81 5864.94 5871.71 5886.27 5900.82 5914.65 5928.07 5941.5 5949.46 5955.17 5960.88 5988.48 6022.43 6056.38 6125.03 6200.26 6275.49 6356.36 6437.81 6519.27 6672.28 6827.34 6986.56 7251.66 7516.76 7786.4 8095.47 8404.53 8729.61 9133.39 9537.17 9915.88 10212.9 10510 10767.5 10933 10942.9 10939.7 11010.1 11158.9 11300.6 11445.4 11583.2 11713.1 11831.8 11948.2 12064.6 12383.6 12649.4 12940.2 13226.7 13506.5 13781.4 13990.4 14363.4 14874 15512.4 16270.8 16980 17668.4
6219.69 6145.69 6071.69 6010.27 5964.44 5918.61 5894.4 5890.76 5887.12 5890.11 5897.94 5905.77 5913.03 5919.96 5926.9 5928.85 5928.77 5928.69 5953.63 5985.84 6018.04 6090.67 6170.96 6251.26 6327.15 6402.59 6478.03 6618.37 6760.58 6906.65 7151.29 7395.93 7647.87 7963.12 8278.36 8601.9 8966.22 9330.54 9671.05 9933.96 10196.9 10428 10585.2 10700.7 10794.5 10878.6 11044 11220.2 11402.3 11578.1 11746.3 11880.5 12011.2 12082.4 12425.3 12777.2 13052.9 13307.7 13536.8 13754.7 14012.7 14231.7 14694.3 15293.1 16013.6 16717.7 17416.2
6237.7 6164.81 6091.92 6031.98 5988.08 5944.19 5919.24 5912.33 5905.42 5903.54 5905.33 5907.12 5908.94 5910.78 5912.63 5911.65 5909.5 5907.36 5936.39 5974.46 6012.54 6088.3 6171.21 6254.13 6332.48 6410.36 6488.24 6620.82 6754.97 6892.72 7122.22 7351.73 7588.02 7883.13 8178.25 8478.16 8801.63 9125.11 9428.21 9664.96 9901.71 10111.8 10258.8 10401.6 10478.7 10588.5 10719.2 10914.4 11193.3 11484.2 11739.9 11917.9 12088.8 12305.4 12591.4 12870.3 13130.1 13355.6 13546.4 13721.7 13930 14066.5 14461.8 15002.1 15668.9 16360.8 17067
6257.33 6185.99 6114.65 6056.5 6014.7 5972.9 5946.12 5933.65 5921.18 5913.72 5909.91 5906.1 5903.25 5900.91 5898.58 5896.65 5894.89 5893.12 5930.63 5979.53 6028.44 6106.8 6190.73 6274.67 6360.33 6446.17 6532.01 6660.02 6789.24 6921.81 7139.65 7357.49 7579.46 7837.3 8095.14 8357.01 8638.73 8920.46 9186.69 9402.46 9618.22 9810.65 9935.13 10052.1 10156.9 10279.4 10406.5 10627.7 10976.2 11344.9 11675.6 11997.9 12248.1 12464.3 12707.1 12979.9 13176.9 13379.1 13542.9 13688 13857.7 13925.8 14250.4 14725 15330.6 15992.8 16693.8
6276.96 6207.17 6137.39 6081.03 6041.32 6001.61 5973 5954.98 5936.95 5923.9 5914.5 5905.09 5897.55 5891.04 5884.53 5881.66 5880.27 5878.88 5924.87 5984.61 6044.35 6125.29 6210.25 6295.21 6388.18 6481.97 6575.77 6699.21 6823.51 6950.89 7157.07 7363.25 7570.91 7791.47 8012.02 8235.86 8475.83 8715.8 8945.17 9139.95 9334.74 9509.54 9618.95 9725.4 9836.06 9965.57 10096.9 10341.5 10739.1 11156.4 11531.8 11884 12191 12494.7 12736.3 13016.2 13187.1 13381.8 13533.5 13657.5 13796.4 13838.1 14085.8 14490.6 15025.7 15641.8 16314.2
6278.96 6211.71 6144.46 6090.02 6051.47 6012.92 5984.69 5966.27 5947.86 5933.69 5922.6 5911.51 5902.43 5894.45 5886.47 5884.71 5885.5 5886.29 5940.06 6009.23 6078.4 6160.95 6246.03 6331.11 6436.37 6543.71 6651.05 6761.88 6872.8 6986.2 7162.57 7338.93 7516.18 7701.14 7886.1 8076.03 8290.46 8504.88 8709.09 8880.02 9050.95 9195.22 9288.04 9377 9476.38 9599.05 9723.57 9982.59 10421.3 10874.7 11283 11644.5 12000.5 12346.9 12718.9 13050.1 13235.7 13361.7 13516.4 13635.9 13755.7 13800.9 13993.3 14329.9 14774.2 15326.7 15951.2
6272.32 6208.08 6143.85 6091.4 6053.55 6015.7 5988.91 5972.65 5956.4 5943.27 5932.43 5921.58 5912.48 5904.36 5896.24 5896.6 5900.45 5904.3 5965.54 6043.45 6121.35 6205.02 6289.77 6374.53 6494.52 6618.15 6741.78 6836.05 6929.47 7024.56 7162.21 7299.86 7438.8 7588.99 7739.17 7897.24 8094.06 8290.88 8475.68 8621.35 8767.02 8884.49 8952.33 9017.65 9097.6 9205.71 9315.97 9583.33 10058.8 10544.4 10989.8 11391.7 11793.5 12169 12547 12925 13244.6 13392.4 13502.4 13628 13713.4 13780.4 13926.5 14176.4 14539 15012 15570
6265.67 6204.46 6143.24 6092.77 6055.62 6018.47 5993.13 5979.04 5964.94 5952.86 5942.25 5931.65 5922.54 5914.27 5906 5908.5 5915.41 5922.32 5991.02 6077.66 6164.3 6249.09 6333.52 6417.96 6552.68 6692.6 6832.52 6910.22 6986.13 7062.91 7161.85 7260.79 7361.43 7476.84 7592.24 7718.44 7897.66 8076.87 8242.28 8362.68 8483.09 8576.93 8619.12 8659.9 8718.71 8810.23 8903.98 9176.88 9685.99 10202.2 10687.4 11138.8 11586.5 11991 12375.1 12759.2 13166.7 13397.3 13518 13624.4 13717.5 13799.6 13915.5 14104.4 14390.6 14756 15231.8
6243.69 6191.15 6138.61 6093.96 6059.08 6024.21 5999.98 5985.88 5971.79 5957.89 5944.13 5930.36 5920.52 5912.85 5905.18 5911.55 5923.68 5935.81 6004.9 6090.52 6176.14 6260.69 6345.04 6429.39 6567.99 6712.2 6856.41 6929.75 7001.05 7073.01 7161.75 7250.5 7341.05 7447.3 7553.55 7671.36 7845.94 8020.52 8180.81 8294.57 8408.32 8501.29 8535.77 8571.24 8626.28 8715.43 8806.71 9082.46 9600.94 10124.6 10619.1 11085.5 11531.9 11944.2 12329.9 12715.6 13123.7 13414.2 13528.4 13634.1 13732.6 13828.6 13934.1 14068.2 14284 14569.1 14971.6
6216.22 6174.38 6132.54 6095.08 6063.04 6031 6007.76 5992.9 5978.04 5961.29 5943.16 5925.02 5914.18 5907.37 5900.57 5911.44 5929.57 5947.69 6014.63 6095.75 6176.86 6260.69 6345.04 6429.39 6567.99 6712.2 6856.41 6929.75 7001.05 7073.01 7161.75 7250.5 7341.05 7447.3 7553.55 7671.36 7845.94 8020.52 8180.81 8294.57 8408.32 8501.29 8540.26 8578.12 8635.37 8726.8 8820.11 9097.27 9616.09 10138.6 10629.4 11085.5 11531.9 11944.2 12329.9 12715.6 13123.7 13438.6 13547.5 13650.9 13750.3 13848.1 13949.1 14056.3 14209.5 14427.8 14744.2
6188.76 6157.62 6126.48 6096.2 6066.99 6037.79 6015.54 5999.91 5984.29 5964.69 5942.19 5919.68 5907.84 5901.9 5895.96 5911.33 5935.45 5959.57 6024.36 6100.97 6177.58 6260.69 6345.04 6429.39 6567.99 6712.2 6856.41 6929.75 7001.05 7073.01 7161.75 7250.5 7341.05 7447.3 7553.55 7671.36 7845.94 8020.51 8180.81 8294.57 8408.32 8501.29 8545.86 8584.66 8643.26 8736.27 8830.92 9108.81 9627.61 10149.4 10639.1 11085.5 11531.9 11944.2 12329.9 12715.6 13123.7 13467.9 13571.6 13672.1 13769.3 13864.5 13957.9 14046.6 14154.5 14320.6 14589.7
6183.33 6154.3 6125.28 6096.42 6067.78 6039.13 6017.08 6001.3 5985.53 5965.36 5941.99 5918.63 5906.58 5900.81 5895.04 5911.31 5936.61 5961.92 6039.47 6132.2 6224.92 6311.54 6397 6482.46 6609.24 6740.3 6871.36 6938.15 7003.1 7068.93 7157.51 7246.09 7335.14 7428.21 7521.27 7624.04 7774.48 7924.91 8064.55 8169.03 8273.52 8361.36 8410.48 8459.59 8522.86 8620.25 8718.9 8990.98 9491.28 9994.83 10455.8 10879.1 11302.5 11704.3 12089.4 12474.5 12860.9 13248.1 13599.4 13696.1 13790.7 13882.5 13971.3 14053.7 14121 14251.4 14468.2
6183.33 6154.3 6125.28 6096.42 6067.78 6039.13 6017.08 6001.3 5985.52 5965.36 5941.99 5918.63 5906.58 5900.81 5895.04 5911.31 5936.61 5961.92 6055.9 6169.83 6283.76 6374.91 6461.76 6548.6 6660.66 6775.32 6889.99 6948.62 7005.65 7063.85 7152.23 7240.61 7327.77 7404.41 7481.05 7565.07 7685.41 7805.75 7919.65 8012.58 8105.51 8186.98 8241.75 8296.51 8369.09 8472.49 8575.88 8840.15 9316.04 9791.93 10227.3 10621.9 11016.5 11405.3 11789.6 12173.9 12533.4 12878.1 13222.9 13577.7 13814.2 13903.8 13990.9 14076 14161.7 14266.8 14379.4
6183.33 6154.3 6125.28 6096.42 6067.78 6039.13 6017.08 6001.3 5985.53 5965.36 5941.99 5918.63 5906.58 5900.81 5895.04 5911.31 5936.61 5961.92 6072.33 6207.46 6342.59 6438.29 6526.51 6614.74 6712.07 6810.34 6908.62 6959.09 7008.19 7058.77 7146.94 7235.12 7320.4 7380.61 7440.82 7506.1 7596.35 7686.59 7774.75 7856.13 7937.51 8012.59 8073.01 8133.44 8210.98 8318.14 8425.3 8682.04 9135.53 9589.02 9998.88 10364.7 10730.5 11106.3 11489.9 11873.4 12205.9 12508.1 12810.4 13186.9 13596.1 13927.1 14012.9 14097.4 14183.3 14274.7 14369.4
5998.48 6009.02 6019.55 6022.28 6015.32 6008.36 5997.45 5982.77 5968.1 5948.46 5925.19 5901.92 5892.71 5891.29 5889.86 5911.26 5942.01 5972.76 6089.45 6231.09 6372.73 6465.4 6548.79 6632.18 6726.96 6822.92 6918.87 6971.79 7023.46 7076.15 7154.46 7232.78 7309.13 7368.49 7427.85 7489.65 7563.41 7637.16 7711.79 7789.23 7866.67 7939 7999.44 8059.87 8134.08 8232.12 8330.16 8558.88 8959.51 9360.13 9734.58 10082.6 10430.6 10807.5 11206.7 11606 11939.6 12234.6 12529.5 12897.8 13298.3 13698.8 13992.5 14117.8 14198.9 14279.5 14355.9
5785.54 5841.65 5897.76 5936.86 5954.89 5972.92 5974.84 5961.43 5948.02 5928.98 5905.83 5882.68 5876.73 5880.31 5883.89 5911.19 5948.23 5985.26 6106.67 6252.59 6398.51 6487.01 6564.62 6642.23 6736.3 6832.08 6927.85 6984.82 7040.67 7096.94 7163.93 7230.92 7297.27 7358.15 7419.03 7479.65 7538.99 7598.34 7661.28 7735.94 7810.59 7880.72 7940.32 7999.92 8069.54 8156.49 8243.44 8441.04 8784.17 9127.3 9464.84 9796.73 10128.6 10508.7 10926.1 11343.5 11682.7 11975.6 12268.6 12624.1 13007.1 13390.1 13694.9 13975.1 14215.6 14288.1 14352.7
5572.61 5674.28 5775.96 5851.45 5894.46 5937.47 5952.24 5940.09 5927.94 5909.5 5886.47 5863.44 5860.76 5869.34 5877.92 5911.13 5954.44 5997.76 6123.9 6274.1 6424.3 6508.62 6580.44 6652.27 6745.64 6841.24 6936.84 6997.85 7057.88 7117.73 7173.39 7229.05 7285.41 7347.81 7410.21 7469.66 7514.58 7559.51 7610.77 7682.65 7754.52 7822.45 7881.21 7939.96 8004.99 8080.86 8156.73 8323.19 8608.83 8894.46 9195.09 9510.87 9826.64 10209.9 10645.5 11081.1 11425.7 11716.7 12007.7 12350.4 12715.8 13081.3 13397.3 13697.8 13998.2 14241.2 14365.4
5350.16 5484.09 5618.01 5720.43 5783.8 5847.16 5873.73 5865.25 5856.77 5843.96 5827.98 5811.99 5816.99 5833.61 5850.23 5888.05 5934.56 5981.06 6106.29 6254.37 6402.46 6486.03 6557.37 6628.72 6719.72 6812.76 6905.81 6970.08 7033.52 7096.62 7150.91 7205.19 7260.74 7327.2 7393.65 7456.64 7502.55 7548.47 7597.88 7658.67 7719.45 7779.77 7838.99 7898.21 7962.1 8034.07 8106.03 8260.07 8522.07 8784.06 9063.03 9359.13 9655.24 10010.2 10410.9 10811.6 11139.2 11423.7 11708.2 12042.7 12399.1 12755.6 13064.8 13359.1 13653.4 13884.7 14102.6
5127.05 5292.27 5457.49 5586.18 5669.57 5752.95 5791.26 5786.62 5781.99 5775.15 5766.7 5758.25 5771.25 5796.13 5821.01 5863.34 5912.82 5962.3 6086.21 6231.72 6377.24 6460.31 6531.54 6602.77 6691.3 6781.62 6871.94 6939.41 7006.22 7072.53 7126.15 7179.77 7235.16 7305.85 7376.55 7443.4 7491.4 7539.4 7587.66 7636.77 7685.87 7738.19 7797.97 7857.75 7920.75 7989.32 8057.89 8200.83 8441.59 8682.35 8940.74 9216.92 9493.09 9817.61 10179.6 10541.6 10850.6 11128.2 11405.9 11732.5 12080.6 12428.7 12729.8 13016.1 13302.3 13522.2 13728.1
4903.93 5100.45 5296.97 5451.92 5555.34 5658.75 5708.79 5707.99 5707.2 5706.33 5705.42 5704.52 5725.52 5758.65 5791.79 5838.63 5891.09 5943.54 6066.13 6209.08 6352.02 6434.59 6505.71 6576.83 6662.88 6750.48 6838.07 6908.74 6978.92 7048.45 7101.4 7154.35 7209.58 7284.51 7359.44 7430.17 7480.25 7530.33 7577.43 7614.86 7652.29 7696.61 7756.95 7817.29 7879.4 7944.58 8009.75 8141.59 8361.12 8580.64 8818.45 9074.7 9330.95 9624.98 9948.3 10271.6 10561.9 10832.8 11103.6 11422.3 11762 12101.8 12394.8 12673 12951.3 13159.8 13353.5
