data/map/cret5.asc
ncols         217
nrows         146
xllcorner     6.39591e+006
yllcorner     1.68973e+006
cellsize      1135.85
NODATA_value  -99999
[rows 30 to 59 of 146, columns 67 to 133 of 217]
18120.7 18167.7 18189.5 18197.9 18196.4 18182.7 18159.9 18127.8 18090.4 18053.5 18011 17962.3 17904 17822.3 17708 17576.5 17433.5 17290.6 17144.5 16991 16827.3 16650.7 16440.6 16135.4 15819.5 15482.2 15152.4 14824.3 14584.5 14359.2 14155.2 13962.9 13814.1 13703.7 13629.9 13589.2 13570.3 13565.2 13560.7 13552.8 13545.3 13538.8 13533.7 13537.4 13552.8 13581.7 13625.4 13683.6 13753.8 13833.2 13916.9 13999 14067 14122.9 14151.1 14127.2 14001.8 13809.7 13583.2 13319.2 13061.8 12747.1 12346.2 11845.2 11093.1 10976.3 10876.2
18354.1 18411.3 18440.1 18455.5 18464.3 18466.4 18464.7 18457.8 18450.4 18443.7 18434.2 18421.6 18405.1 18373.9 18316 18240.9 18151.6 18054.7 17938.4 17804.8 17651 17467.5 17241.1 16914.4 16567.6 16189.4 15821.5 15445.4 15150.1 14866.9 14606 14346.5 14123.2 13939.7 13809.6 13711.5 13660 13627.2 13618.5 13612.8 13609.7 13608.6 13610 13622.2 13647.7 13689.5 13749.2 13826.5 13917 14018.2 14124 14227 14312.4 14384 14430.5 14432.2 14378.3 14236.8 14053.2 13828.7 13557.2 13238.4 12845.3 12386.8 11790 11533.2 11329.6
18550 18624.6 18664.4 18689.3 18708.2 18723.5 18737.9 18749.6 18762.8 18776.4 18788.9 18800 18809.3 18809.6 18786.1 18745.2 18690.5 18625.3 18533 18426.8 18302.2 18141.5 17940 17647.5 17326.3 16961.2 16601.3 16213.3 15880.5 15527.4 15189.1 14851.1 14556.2 14291.1 14089.6 13937.4 13845.1 13776.3 13755.8 13742.7 13732.9 13729.5 13731.9 13748.5 13780.7 13832.3 13905.1 13998.1 14106.2 14227.1 14353.6 14476 14577.1 14660.7 14717.1 14760.6 14777.6 14667.9 14516.1 14328.2 14040.9 13710 13314.6 12853.2 12363.3 11977.8 11729.4
18708.9 18810.3 18871.1 18914.9 18951.1 18985.4 19018.7 19049.4 19080 19110 19139.7 19168.9 19196.7 19218.7 19219.1 19202 19171.1 19128 19055.8 18973.7 18876.9 18745.9 18581 18341.1 18071.8 17753.2 17433.7 17072.7 16736.5 16359.2 15986 15591.7 15225.5 14875.9 14590.5 14336.4 14182.6 14065.4 14014.7 13975.3 13941.7 13923 13917.4 13931.2 13964.2 14020 14100 14202.7 14323 14460.2 14606 14747.3 14863.9 14956.8 15015.8 15067.4 15115.8 15022.2 14883.4 14725.1 14456.4 14139.6 13772.2 13307.4 12807.5 12314.5 12024.6
18819.1 18963.6 19058.7 19133.6 19196.7 19258.1 19315.1 19367.6 19414.8 19459.8 19505.1 19550.2 19593.3 19632.4 19652.4 19655.3 19643.6 19618.4 19563.7 19500.5 19424.7 19319.3 19188.4 19000.5 18785.5 18523.4 18257 17943.4 17642.4 17292.1 16920.9 16504 16095.5 15675.6 15309.1 14948.6 14721.5 14530.7 14426.9 14337.1 14261.4 14211.5 14185.7 14186.5 14210.8 14265.8 14345.5 14445 14567.3 14715 14876.7 15033.5 15163.6 15263.7 15324.1 15353.3 15400.7 15305.3 15159.4 15007.7 14798.7 14539.5 14224.7 13856.6 13451.3 13020.3 12585.8
18884 19088.8 19230.3 19351.3 19453.8 19553.1 19642.5 19724.6 19792.3 19855.1 19918.1 19980.3 20038.5 20093.7 20133 20155.2 20161.4 20153.6 20116.5 20070.6 20012.3 19928.7 19827.3 19686.2 19520.8 19315.4 19104.7 18851.6 18609.5 18311.3 17975.9 17574.8 17155.2 16676.9 16241.2 15779.7 15487.1 15205.6 15030 14871 14732.4 14633.6 14573.4 14554.2 14566.2 14604.1 14666.4 14744.3 14845.6 14975.8 15134.4 15289.3 15431.5 15537.4 15598.1 15610.6 15638.4 15606.5 15488.3 15340.6 15165.2 14928.4 14640.7 14419.6 14139.7 13761.6 13275.7
18868.2 19144.5 19342.5 19516.3 19660.4 19794.3 19912.2 20018.9 20101.8 20177.9 20254.2 20329.3 20398.8 20467.5 20525.9 20565.7 20586.9 20593.1 20569.7 20532.4 20480.6 20408 20323.2 20208.2 20077.2 19919.3 19761.8 19578.2 19392.7 19153.7 18881.1 18548.5 18165.1 17682 17190.1 16611.1 16247.1 15871.2 15611.4 15368.7 15169.2 15022.8 14944 14927.4 14930.2 14953.7 14999.1 15065.8 15150.3 15257.6 15394.7 15553.7 15704.9 15814 15871.6 15873.5 15835 15773.6 15706.6 15598.6 15454.7 15240.1 14987.9 14800.6 14575.5 14232.3 13734.9
18812.5 19150.5 19401.4 19630.2 19822.2 20003.1 20161.8 20303.7 20408.6 20502 20593 20680.5 20757.8 20836.4 20907.1 20958.1 20989.7 21008.2 20997.2 20967.2 20920.1 20855 20776.9 20668.4 20552.3 20424.7 20310.7 20171.3 20035.9 19852.4 19637.9 19376.1 19067.4 18655.8 18209.4 17602.2 17191 16735.3 16376.6 16045.8 15770.6 15563.9 15482.4 15441.1 15422.1 15395.7 15411.4 15473.1 15554 15632.2 15757.7 15899.3 16035 16121.7 16153.4 16135.1 16074.8 15994.1 15908.9 15806.1 15685.7 15523.6 15327.2 15116.1 14859.3 14528.9 14091.6
18683 19083.9 19390.7 19677.7 19923.9 20160 20368.4 20554.6 20687.8 20802.1 20907.9 21004.9 21087.3 21169.8 21247.1 21305.6 21345.5 21373.3 21370.8 21343.9 21298.1 21234.2 21158.6 21052.9 20940.1 20811.4 20688 20542 20406.4 20234.2 20038.8 19807.9 19536.8 19173 18771.3 18196.2 17840 17429.5 17109.3 16819.6 16541.6 16300.1 16172 16084.2 16008.7 15918.6 15889.6 15903.7 15967 16072.7 16221.7 16331.8 16413.3 16453.5 16452.5 16387.9 16297.3 16189.9 16086.9 15982.4 15888.5 15742.7 15571.8 15385.4 15172.4 14927.4 14628.6
18498 18953.5 19314.1 19660 19959.6 20251.8 20513.4 20748.3 20912.4 21048 21167 21272.7 21361 21449.9 21535.9 21604.8 21654.1 21689.6 21691.5 21665.2 21617.4 21550.8 21472.1 21363.8 21259.7 21136.9 21027.1 20901 20792.3 20649.5 20491.5 20311.2 20106.4 19827 19521.6 19072.4 18767.3 18373.8 18028.8 17685.9 17384.7 17129.5 16953.5 16842 16706.4 16536.2 16428.2 16349.6 16344.2 16408.3 16565.4 16614.7 16658.1 16680.6 16653.1 16574.1 16466.7 16349.7 16242.3 16146.2 16040.9 15907.7 15747.2 15541.1 15278.5 15061.9 14820
18258.1 18755.3 19165.5 19568.8 19921.8 20270.1 20585.4 20870.2 21065.7 21223 21357 21473.7 21572.4 21674.7 21775.7 21859.7 21921.8 21966 21970.8 21944 21892.9 21822.1 21738.6 21624.8 21510.9 21410.2 21306.4 21192 21101.6 20978.1 20840.9 20687.5 20519.7 20302.4 20071.7 19731.4 19488.1 19169.7 18862.2 18533.1 18215.4 17945.2 17677.9 17592.9 17455.9 17213.1 17032.1 16866.2 16791.8 16810.3 16908.2 16949.6 16939.8 16889 16811.4 16697.3 16569.1 16450.1 16341 16251.4 16146.9 16015 15842.6 15628.7 15362.4 15112.5 14852.5
18019.2 18542.6 18993.1 19451.8 19860.9 20272.8 20648.6 20990 21222.2 21406 21559.2 21690.9 21803.7 21922.7 22041.9 22143.5 22220.3 22274.7 22283.3 22256.9 22203.6 22129.2 22041.1 21921 21800.4 21678.3 21579 21474.6 21397.2 21292.3 21173.9 21043.5 20906.5 20742.2 20572.6 20318.9 20145.5 19906.5 19662.9 19390.2 19107.1 18837.9 18575.5 18630.1 18214.7 17935.1 17709.5 17482.6 17349.1 17316.9 17371 17360.7 17296.7 17194.6 17056.5 16904.9 16743.2 16592.1 16455.2 16343.8 16213.3 16052.6 15852.3 15615.3 15332 15051.9 14763.4
17687.5 18244 18737.7 19254.1 19721.5 20195.6 20629.4 21027.7 21300.5 21515.7 21694.3 21846.7 21980.3 22122 22265.1 22389.2 22485.4 22552.6 22566.4 22542.9 22489 22412.6 22320.6 22194.2 22064.6 21933.1 21811.7 21687.2 21626.1 21537 21438.5 21328.2 21214.8 21086.3 20954 20751.4 20623.6 20446.6 20265 20061.7 19828.6 19572.8 19318.2 19320.6 19598.8 18670.5 18426.1 18164.5 17982.9 17893.8 17880.8 17806.8 17683.3 17526.2 17338.4 17139.5 16939.8 16757.9 16586.8 16437.4 16266.7 16063.3 15819.2 15550 15246.5 14943.9 14674.5
17318.7 17894.3 18419.4 18985.2 19507.1 20041.7 20534.9 20990.7 21309.6 21564.8 21778.7 21961.3 22121.8 22292.9 22463.8 22611.8 22727.7 22809.3 22829.9 22814.5 22766.8 22694.2 22601.4 22468.9 22328.3 22183.9 22049.6 21915.4 21808.7 21691.8 21600.1 21500.7 21401.4 21295.2 21185.5 21008.5 20915.7 20785.4 20665.4 20510.9 20318.8 20100 19907.3 19815.9 19877.5 19510.6 19022.9 18753 18542.4 18401.5 18317.4 18177.5 17996.7 17783.7 17543 17296.7 17061.1 16850.7 16653.2 16475.2 16277.9 16038.2 15758.7 15460.5 15135.3 14829 14562.2
16925.3 17503.9 18047.9 18651.9 19222.5 19815.2 20369.1 20886.4 21258.7 21564.4 21826 22048.4 22239.6 22440.4 22639.1 22809.2 22944.1 23041 23072 23067.9 23031.3 22967.9 22882.1 22750.5 22604.5 22449.7 22303.3 22155.8 22037.5 21926.5 21824 21694.3 21611.1 21532.2 21445.5 21299.6 21227.8 21134 21060 20937.3 20773.8 20586 20431.7 20303.8 20214.1 20090.2 19950.1 19734.3 19051.8 18872.6 18718.8 18517.9 18283 18019.3 17732.3 17425.4 17140.2 16891.2 16655.6 16436.9 16211.1 15997.2 15680.9 15366.2 15032.4 14705.1 14417.4
16533.7 17102.6 17653.6 18288.1 18895.2 19535.4 20145 20722.5 21150.3 21515.2 21833.2 22103.1 22330 22559.4 22784.6 22976.4 23130.8 23244.6 23288.8 23298.5 23275.7 23224.8 23150.6 23026.9 22884.4 22728.1 22575.8 22418.6 22288.3 22164.5 22050.5 21933.7 21783.3 21697.1 21657.3 21542.9 21475.2 21403.9 21357.1 21243.3 21085.7 20909.7 20763.9 20591.4 20396.4 20237.5 20086.7 19860.7 19608.2 19334.3 19002.3 18747.4 18464.7 18155.6 17828.3 17485.6 17175.9 16899.6 16638.2 16389.5 16140.7 15871.8 15570.2 15267.7 14929.8 14593.3 14313.3
16108.9 16657.6 17206.8 17866.5 18509.4 19193.2 19856.1 20494.4 20982.6 21409.1 21791.6 22119.4 22391 22654.4 22911.2 23128.5 23306 23440.4 23501 23527.4 23521.3 23485.7 23426.5 23315.3 23181.3 23029.1 22877.2 22715.2 22575.8 22440.6 22314.5 22186 22072.7 21917.6 21833.2 21716.4 21641 21598.5 21565 21448.9 21282.9 21103.9 20970.4 20793.9 20561.9 20312.5 20077 19824.3 19558 19296.8 19044.9 18771.6 18480.5 18138.3 17778 17408 17084 16803.3 16541.1 16290.5 16048.3 15780.4 15472.6 15161.4 14841.2 14520.5 14236
15710.9 16224.1 16762.1 17437.1 18106.4 18821.6 19524.1 20209 20748.4 21230.8 21678.1 22069.7 22394.2 22698.8 22991.8 23237.7 23441.4 23599.3 23678.5 23723.3 23734.9 23716 23673.7 23578.8 23458.3 23316.5 23172 23014.3 22873.8 22733.1 22598.5 22459 22336.3 22205.1 22075.6 21887.5 21802.1 21734.5 21713.7 21586.6 21417.6 21234.8 21107.9 20929.1 20683.3 20413.6 20146.4 19915.8 19615.7 19314.6 19017.3 18712 18417.7 17994.4 17554.3 17140.4 16897.9 16617.9 16376 16154.2 15943.3 15695.4 15388.5 15060.1 14778.8 14441.1 14105.6
15396.9 15881.5 16406.8 17092.2 17777.9 18511.8 19238.9 19956.9 20533.6 21058 21557.6 22003.1 22373.8 22714.2 23038.3 23308.3 23534.1 23711.8 23806.8 23866.8 23893 23887.7 23859.7 23779 23670.9 23539.7 23403.6 23252.6 23115.2 22975.1 22837.6 22695.2 22559.7 22415.1 22279.3 22140.7 22017.5 21945.7 21922.1 21776.3 21580.4 21383 21274.6 21108.2 20862.2 20556.8 20246.7 19964.3 19640.5 19325.6 19011.1 18682.4 18352.9 17900.2 17475.9 16967 16594 16280.1 16230.5 16040 15862.5 15628 15313.6 14952.2 14578 14197.4 13852.4
15111.4 15557.6 16065.1 16756.9 17456.5 18202.1 18939.5 19671.6 20268.7 20819.8 21363.1 21861.6 22287.2 22673.6 23037.5 23336.2 23589 23790 23902.5 23978.8 24020 24028.8 24015.4 23950.2 23856.3 23738 23612.9 23472 23341.4 23206.7 23073.9 22926.5 22778.1 22629 22505.6 22386.2 22259.6 22165.9 22171.4 21992.7 21754.4 21498.6 21399.5 21247.3 21008.8 20662.3 20298.5 19974.8 19640.5 19318.1 18994 18660.4 18317.6 17859.2 17458.8 16820.1 16435.8 16167.2 16028.8 15953.2 15797.6 15572.1 15254.8 14877.2 14483.3 14042.3 13705.3
14885 15250.3 15763 16451.5 17165.8 17924.5 18670.1 19372.9 19974.8 20531.1 21099.4 21638.6 22120.2 22562 22976.9 23314.1 23600.8 23828.8 23960.7 24054.7 24111.9 24135.2 24137.1 24088.4 24010.1 23906.7 23794.5 23665.9 23544.6 23418.3 23289.7 23136.4 22973.9 22827 22726.8 22639.1 22510.4 22400.9 22351.8 22149.4 21871 21589 21484.3 21340.8 21106 20707 20277.1 19949.8 19599.6 19284.8 18984 18645.3 18272.9 17799.2 17423.3 16766.1 16420.5 16127.8 15978.7 15859.3 15744.8 15528.2 15220.3 14848.1 14454.3 14037.2 13672.2
14723.6 15039.3 15514.3 16194.7 16917.2 17686.6 18439.2 19109.6 19704 20254.3 20831.5 21399.2 21925.4 22420.8 22887.4 23266.2 23585.3 23839 23989.3 24100 24172 24208.5 24224.1 24190.7 24126.9 24037.4 23937.7 23821.1 23709.1 23592.4 23471.9 23327.1 23172.4 23027.4 22919.7 22818.2 22674.6 22557 22533 22307.3 21998.8 21696 21577.2 21419.1 21172.9 20758.2 20304 19859.4 19502.6 19151.3 18957 18626.5 18223 17745 17397.2 16720.6 16408 16150 15960.2 15794.6 15677.9 15468.6 15183.9 14838.3 14482.5 14099.6 13759.3
14602.2 14884.4 15352.9 16001.1 16648.6 17423.9 18191.1 18838.9 19422.5 19956.7 20524.9 21102.3 21659.3 22205.6 22728.7 23159.7 23519.5 23802.7 23974.5 24104.6 24193.5 24244.6 24275.5 24258.7 24211 24137.2 24051.4 23948.4 23847.6 23744.6 23637 23509.9 23375.4 23234.6 23111.2 22985.5 22828.9 22709.5 22686.5 22449.4 22126.6 21809.3 21675.2 21495.2 21226.6 20793.6 20323.3 19863.1 19486.3 19120.7 18757.8 18413.3 18038.9 17666.5 17357.3 16717.8 16450.6 16193.7 15959.7 15735.2 15522.5 15375.2 15111.9 14796.6 14478.5 14139 13832.6
14467.3 14683.2 14693.3 15212.6 16349.7 17026.8 17807.5 18448.6 19038.9 19567.4 20126.1 20709.5 21296.7 21897.1 22483.2 22981.6 23397.1 23720 23921 24077.9 24190.3 24261.9 24314.1 24320.7 24295.3 24243 24176.5 24092 24009.3 23919.5 23824.6 23717.3 23606.3 23470 23329.5 23179.9 23018.5 22903 22879.2 22622.2 22274.3 21940.1 21770.2 21555.3 21260.1 20805.4 20315.3 19837.3 19430.6 19040.1 18661 18303.4 17930.5 17469.3 17133.6 16723.8 16462.6 16226.3 15969.6 15715 15469.5 15270.8 15033.2 14765.9 14504.9 14226.6 13957.5
14422.3 14464.7 14337 14688 16099 16974.7 17345.2 17994 18613.8 19155.6 19709.1 20289.5 20888.6 21530.8 22170.7 22733.4 23206.7 23573.9 23804.8 23990.7 24129.2 24224.3 24301 24334.5 24334.8 24307 24262.3 24198.8 24128.2 24047.7 23961.2 23863.3 23762.9 23634.1 23497.1 23352.7 23193.6 23074.1 23037.6 22774.9 22432.1 22110 21911.2 21671.4 21362.8 20897.6 20397.2 19908.3 19459.9 19027.4 18615.5 18267.4 17920.9 17493 17149.2 16830.1 16526.4 16252.1 15959.6 15659.6 15379.1 15169.7 14950.1 14713.9 14486.6 14253.3 14008.9
14400.9 14416.4 14360.7 14248 15304.5 16140.3 16973.2 17453 18115.8 18694.4 19265 19848.3 20477.2 21151.3 21833.9 22451.8 22981 23367.7 23627.3 23841.9 24008.4 24129.7 24234.6 24299.4 24329.3 24329.6 24309.5 24269.1 24211.8 24144.9 24070.4 23984.9 23898.5 23783.4 23657.9 23526.7 23373.3 23250.6 23201.7 22937.9 22615.6 22312.3 22088.3 21829 21513.6 21051.2 20558.4 20065.4 19573.5 19093.1 18634.1 18278.5 17948.2 17539.5 17162.1 16812.3 16482.7 16126 15847.5 15595.4 15293.5 15017.5 14864 14630.5 14416.3 14201.8 13966.2
14412.6 14439.1 14441.6 14448.9 14560 15191.7 16051.3 16942.6 17702.8 18106.6 18712.9 19316.8 19983.2 20687.1 21410.5 22081.2 22668.3 23080.6 23375.3 23623.4 23821.9 23974.2 24113.3 24216.5 24282.4 24316.7 24326.2 24313.9 24275.7 24226.5 24167.4 24098.1 24030.5 23933.2 23821.6 23704.5 23556.6 23431.1 23364.6 23117.2 22823.1 22545.6 22301.6 22028.5 21711.8 21258.3 20778.9 20294.2 19760.5 19230.6 18718.9 18346.4 18012.2 17600.4 17166.6 16760.9 16382.8 16009.3 15724.5 15426.4 15102.1 14945.3 14802 14558.5 14328.5 14102.1 13819
14320.6 14486.2 14517.2 14546 14568.5 14459.2 15133.8 15993.2 16976.1 17723.9 18351.1 18744.4 19462.8 20192.7 20946.6 21657.2 22293.5 22726.2 23059.1 23344.7 23578 23762.9 23939.6 24084 24189 24260.1 24301.7 24316.6 24299.7 24275.7 24234.7 24174.4 24115.7 24028.8 23925.2 23813.9 23676.3 23562.4 23500.6 23249.2 22947.5 22663.4 22417.5 22160.3 21871.5 21430.8 20961.7 20485.1 19962.2 19436.9 18922.4 18519.5 18162.9 17721.5 17264.8 16835.3 16438.8 16056.9 15785.1 15502.1 15184.7 14907.2 14663.4 14540 14319.3 13991.3 13831.5
13934 14220 14515.8 14649 14708.9 14786.4 15038.8 15141.7 16054 16937.3 17686.5 18089.7 18905.7 19665.4 20448.8 21186 21859.5 22309.3 22683.5 23011.1 23283.5 23503.5 23716.9 23903.9 24049.5 24159.6 24235.2 24284.4 24296.5 24304.4 24286 24237.2 24189.9 24117.2 24025.3 23923.6 23801.1 23703.4 23651.2 23396.9 23088.8 22800.3 22564 22329.4 22074.2 21649.8 21194 20723.8 20219 19701 19185.6 18756 18376.9 17899.2 17415.4 16955.7 16527.9 16126.8 15863.2 15596.5 15287.3 15024.6 14793.7 14576.4 14372.3 14059.3 13860.8
13547.3 13826.1 14115.2 14404.3 14831.1 14939.2 15093 15215.4 15317.1 16143.4 16978.4 17457.7 18215.7 19106.8 19919.8 20678.1 21372.7 21824.7 22234.9 22604.3 22918.9 23181.1 23438.2 23671.7 23859.9 24010.9 24124.3 24216.9 24265.3 24311.2 24319.7 24286.5 24254.9 24200.3 24124.2 24035.8 23932.7 23852.9 23811.6 23556.7 23245.7 22957.1 22734.5 22523.5 22300.6 21892.5 21451.9 20990.9 20509 20004.6 19492.9 19029.6 18607.4 18079.3 17549.4 17043.9 16579.2 16166.9 15911.3 15663.9 15361.4 15108.5 14883.6 14660.6 14470.3 14240.9 13895.6
