data/map/cret5.asc
ncols         217
nrows         146
xllcorner     6.39591e+006
yllcorner     1.68973e+006
cellsize      1135.85
NODATA_value  -99999
[rows 60 to 89 of 146, columns 134 to 200 of 217]
13675.6 13358.8 12999.1 12605.7 12233.3 11892.1 11618 11413 11308.2 11265.7 11281.8 11375.5 11546.1 11804.2 12147.4 12554.5 12874.1 12887.1 12778.3 12548.9 12201.5 11899.8 11760.6 11629.5 11515.7 11419.9 11340.7 11269.6 11209.4 11161.5 11169.2 11188 11251.3 11342.5 11428.4 11521.4 11608.1 11661.8 11671 11816.7 11901 12006 12133.4 12246 12278.7 12455.9 12631.4 12713.8 12776.2 12837.9 12934.6 13040.7 13134.6 13208.6 13229.8 13175.3 13057.7 12791.3 12499.6 11974.6 11528.5 11089.5 10805 10657.4 10638 10586.5 10278.4
13719.5 13410.3 13073.1 12712.1 12370.8 12044.8 11754.3 11544 11437.7 11379.4 11383.6 11467.1 11616.6 11838.9 12124.8 12456.6 12703.8 12710.9 12619.3 12428.1 12136.3 11872.1 11756.6 11640.6 11533.1 11442.2 11368 11305.9 11246 11203.7 11197.3 11238.5 11318.3 11415 11539.5 11677 11737.2 11760.7 11804.2 11868.6 11932.8 12031.3 12150.9 12284.3 12439.3 12520.1 12660.2 12768.1 12852.3 12927.8 13027.8 13121.3 13189.2 13179.1 13141.4 13054.5 12897.8 12590.6 12199.5 11792.3 11393.3 11021.9 10737.7 10513.2 10562.2 10676.4 10536.9
13849.9 13520.2 13183.7 12849 12524.3 12195.7 11879.2 11655.5 11542 11462.1 11448.3 11518.3 11643.4 11829 12057.7 12302.2 12466.3 12469.6 12405.3 12268.3 12069.9 11891.7 11802.8 11709.1 11620.5 11545.4 11484.5 11436.4 11368.7 11326.6 11332.4 11387.9 11494.6 11624.1 11805.3 11954.5 12010 12011.6 12006.1 12035.6 12081.8 12162.3 12274.9 12405.3 12563.9 12670.3 12835.1 12966.5 13051.8 13149.9 13189.7 13199.4 13183.2 13142.3 13081.8 12963.6 12751.3 12359.6 12129.6 11517.2 11201.2 10932.6 10727.7 10587.9 10593.2 10663.8 10690.9
13937.7 13632.7 13342.5 13010.4 12709.6 12390.6 12064.2 11832.5 11707.6 11601.4 11559.6 11600.7 11688.4 11827.8 11996.9 12163.7 12274.5 12295.6 12267.5 12192.1 12082.6 11986.6 11937.4 11886.4 11834.2 11785.4 11743.7 11711.1 11660.2 11634.8 11663.1 11732.7 11861.6 12005.6 12157.2 12267 12309.7 12284.3 12213.6 12170 12180.8 12231.8 12319.8 12440.6 12611 12783 12960.6 13092.1 13188.8 13238.6 13216.9 13152.4 13056.3 12944.7 12816.2 12647.1 12473.4 12169.1 11875.7 11546.1 11278.8 11063.1 10904 10741.1 10660 10638.6 10592.1
14160.4 13846.1 13547.5 13273.1 12987.1 12632.4 12295.7 12052.2 11907.8 11766.1 11685.2 11686.1 11726.3 11811.9 11917.4 12015.5 12087.3 12128.9 12146.3 12144.8 12132.2 12130.5 12150.8 12161.8 12161.5 12150.3 12134 12117.8 12083.4 12071.7 12109.9 12195.2 12310.2 12426.7 12539.2 12599.8 12592.9 12514.4 12392.4 12277.5 12253.7 12276.4 12346.2 12462 12639.5 12827.4 13005.1 13144.5 13239.5 13258.7 13206.4 13096.2 12945.7 12786.3 12583.9 12327.8 12083.5 11874.1 11646.4 11393.5 11198.8 11031.7 10905.5 10751.2 10641.4 10563.3 10459.2
14473.9 14127.5 13801.6 13526.7 13244.6 12892.1 12527.1 12269.3 12103.5 11924.5 11799.3 11753.5 11743.2 11778.3 11832.2 11884.8 11941.3 12008 12074.3 12146.7 12224.7 12312.7 12417.4 12507.1 12571.2 12600.2 12604.7 12593.4 12572.7 12571.4 12617.6 12708.7 12810.3 12900.8 12980.2 12993 12930.8 12781.9 12587.7 12385.3 12302.1 12291.2 12349.3 12459.1 12642.2 12836.4 13008.3 13144.7 13223.9 13184.6 13084.8 12912.9 12697.2 12494.1 12206.7 11847.6 11536.8 11367.9 11276 11122.1 11006.3 10902.6 10821.4 10695.6 10576.6 10465 10345.9
14575.5 14265.1 13982.1 13774.7 13500.4 13079.5 12617.3 12395.2 12229.4 12035 11883.7 11807 11765.8 11767.5 11789.8 11822.5 11881.8 11973.6 12086.9 12232.9 12398.5 12573.4 12754.8 12902.9 13006.6 13077.5 13103.6 13094.5 13078 13080.8 13130.2 13228.7 13323.8 13396.3 13450.4 13424.7 13308 13086.4 12813.1 12530.8 12389.8 12343.3 12384 12481.1 12635.6 12806.6 12960.6 13083.4 13134.2 13040.7 12896.2 12671.4 12414.8 12187 11910.9 11629 11453.2 11286.3 11094.1 10840.6 10782.4 10766.9 10728.3 10616 10493.8 10365.3 10227.5
14705.1 14492.4 14280.4 14137.3 13849.9 13343 12808.5 12512.2 12386.1 12176.9 12002.2 11898 11830.9 11807.7 11807.9 11829.7 11891.1 11996.2 12138.6 12337.5 12568.6 12812.2 13054.1 13238.8 13359.2 13451.1 13489.5 13426.6 13401.7 13408 13467.2 13594.6 13742.2 13814.3 13863.2 13820.5 13670.8 13386.8 13047.8 12704.1 12507.5 12418.9 12428.5 12502.2 12626.9 12770.9 12903.6 13004.6 13016.4 12877.3 12693 12430.7 12152.9 11913 11682.1 11534.6 11549.5 11360 10998.5 10575.3 10547.8 10620.4 10614 10506.9 10377.6 10231.4 10077.5
14908.1 14765.2 14646.8 14555.2 14239.5 13651.8 13053.9 12720.9 12574.3 12359.5 12147.9 12012.8 11920.2 11871.7 11847.5 11852.1 11910 12017.7 12170.1 12395.1 12663.7 12952.3 13224.7 13424.2 13543.3 13620 13643.4 13616.7 13608 13624.1 13691.9 13825.4 13962.7 14079.2 14142.9 14105.3 13948.4 13633.3 13257.3 12883.7 12641.8 12512.4 12489.2 12527.1 12615.2 12725.6 12831.5 12899.5 12868.4 12693 12484.9 12206.8 11924.4 11694.1 11526 11519.7 11724.3 11489.4 10935.1 10328.3 10331.9 10482.8 10496.2 10383.1 10240.2 10076.4 9920.77
15235.1 14832.2 14818.7 14759.3 14439.4 13859 13276.7 12921.2 12722.8 12465.6 12223.5 12041.9 11908.9 11814.8 11739.1 11694.2 11760.3 11891.3 12064.9 12309.4 12604.4 12927.1 13220.4 13430.5 13548.6 13642.9 13667.4 13642.7 13646 13673.7 13752.3 13882 14013.6 14126.6 14246.3 14237.7 14100.6 13782.8 13397.3 13022 12756.3 12588.9 12524.1 12510.2 12546.8 12609.1 12669.8 12686.2 12612.4 12422.4 12211.4 11935 11658.9 11448.3 11294.2 11311.2 11573.8 11338.4 10746.5 10109 10156.7 10356.7 10381.7 10264.8 10113.4 9946.69 9809.07
15316.7 14697.9 14868.9 14930.3 14670.9 14119.5 13537.5 13130.9 12867 12568.9 12290.6 12075 11918.3 11788.5 11667.4 11575 11652.6 11806.3 11993.3 12242.2 12544.9 12882.7 13172 13372.8 13485.5 13588.9 13610.9 13594.5 13622.4 13674.4 13757.1 13876.5 14001.4 14119 14264.5 14311.5 14215.6 13920.6 13552.1 13199 12934.4 12752 12652.1 12585.7 12564.5 12572.6 12582.6 12545.6 12438.6 12254.6 12060.6 11807.8 11559.5 11382.1 11247.2 11283.8 11564.6 11252.1 10525 9747.22 9737 9935.09 9985.08 9927.01 9848.77 9762.78 9699.96
15555.3 14857.5 15045.8 15079.7 14852.4 14394.2 13838.7 13378 13044.5 12712.1 12402.5 12153.9 11971.1 11813 11658.6 11526.9 11600.3 11751.4 11922.4 12157.6 12450.1 12782.5 13037.2 13214.6 13313.4 13424.4 13455.3 13466.3 13519.1 13590.3 13681.2 13793.3 13916.6 14042.3 14212.4 14294.9 14248.2 13992.5 13664.8 13348 13093.8 12907.8 12782.8 12673.2 12603.3 12559.5 12512.9 12422.3 12288.4 12118.4 11943.3 11723.3 11519.6 11389.1 11285 11322.7 11570.4 11193.5 10386.3 9520.8 9415.64 9600.1 9738.23 9689.93 9583.56 9477.05 9504.58
16852 16336.7 15881 15277.2 14835.5 14592.7 14169 13709.1 13321.2 12963.6 12608.5 12299.6 12063.3 11879.1 11710.6 11561.6 11582.1 11660.7 11747.4 11948 12215.9 12510 12692.9 12812.9 12867.9 13007.8 13086.4 13160.3 13240.8 13332.6 13438.1 13576.6 13721.5 13876.8 14046.8 14137.5 14115 13902.8 13618.1 13338.8 13083.8 12883.7 12733.5 12604.9 12507.8 12409 12267.7 12092.7 11910.5 11734.6 11556.2 11382.4 11265.1 11217.4 11147.8 11149.9 11302.2 11092.1 10603.4 10057.1 10007.7 10220.6 10496.7 10140.9 9591.66 9053.52 9141.52
18098.8 17638.1 16435.7 15156.5 14522.4 14557.7 14347.6 13967.7 13562.8 13184.9 12777.7 12405.3 12114.8 11904.2 11723.7 11563.5 11542.6 11564 11586.4 11766.5 12011.3 12264.2 12376.5 12429.1 12431.1 12597.6 12722.1 12846.8 12951.2 13062.5 13184.3 13353.7 13528.1 13714.1 13885.1 13983.3 13978.3 13797.7 13549.4 13300.8 13042.2 12828.1 12658 12518.8 12403.4 12259 12035.2 11794.1 11585.1 11419.2 11253.8 11138 11109.1 11139.9 11093.9 11041 11073.7 11029.7 10869.3 10652.5 10633.8 10832.4 11193.7 10449 9380.43 8339.15 8432.83
18795.8 18352.1 16827.5 15347 14664.9 14728.2 14511.1 14165.4 13812.3 13441.7 12984.7 12549.8 12208.3 11969.1 11774.2 11603.6 11541.1 11507.3 11471.3 11614.1 11808.2 11986.7 12034.6 12028.4 11988.1 12159.4 12306.4 12456.5 12580.4 12708.8 12845.5 13036.8 13230.9 13432.5 13605.1 13709.5 13715.8 13552.9 13332 13105.6 12838.8 12611.1 12420.6 12258.9 12118.9 11940.1 11670.9 11405.1 11210.6 11080 10949.5 10902 10958.7 11038.5 11010.3 10920.1 10852.2 10885.7 10914.2 10883.9 10851.4 11003.7 11382.5 10491.8 9238.9 8023.23 8102.95
18523.5 18201 17353.2 16672.2 16176.6 15657.8 14867 14360.2 14143.3 13829.6 13326.7 12822.1 12425.1 12144.7 11923.1 11735.5 11616.2 11511.5 11398.2 11452.6 11534.6 11574.8 11580.6 11556.5 11510.3 11651.9 11782.6 11914.5 12053.1 12194.8 12342.6 12534.8 12726.9 12911 13084.8 13192.7 13202.1 13036.1 12833.5 12619.9 12342 12102.8 11907.2 11717.6 11558.4 11385.9 11162.3 10938.5 10775.1 10653.6 10528.5 10507.8 10596.5 10678.6 10688.4 10641.2 10572.8 10560 10533.6 10452.1 10359.6 10445.7 10757.7 10300.1 9630.84 9011.66 9118.54
18456.9 18260.9 18056.2 18126.8 17771.3 16654.7 15314.9 14671.3 14593.8 14315 13733.5 13112.9 12623.6 12271.8 12005.2 11795.2 11620.1 11449.8 11268.9 11246.8 11227.5 11138.2 11111 11075.4 11026.5 11140.8 11257.6 11370.6 11522.9 11677.2 11836.8 12033 12231.4 12409.5 12589.8 12705.4 12720.6 12548.9 12357.8 12155.9 11868.2 11625.3 11423.9 11207.1 11028.6 10859.8 10671.2 10483.8 10339.6 10216.5 10091.5 10098.8 10226 10322.5 10382.5 10399.1 10366.4 10362.5 10345 10278.6 10179.2 10209.7 10416.1 10325.5 10180.4 10099.9 10198.8
18552.8 18383.2 18494.5 18973 18683.6 17217 15583.6 14929.6 14990.1 14730.6 14098.7 13423 12901.7 12487.8 12168 11939.1 11703 11459.8 11206.9 11113.3 10999.8 10799.4 10739 10687.2 10629 10702.7 10779.2 10851.5 11007.4 11165.4 11329.1 11533.3 11747.1 11925.3 12118 12245.5 12268.6 12086.1 11902 11708.4 11428 11201.5 11014.7 10791.4 10612.8 10464 10321.3 10176.7 10063.5 9964.01 9869.11 9894.81 10017.3 10091.4 10164.3 10211.4 10195.2 10215.8 10235.1 10210 10130 10111.9 10196.9 10242.9 10333.3 10500.8 10515.5
18726.4 18465 18469.5 18902.3 18608.9 17158.8 15573.3 15042.8 15223.7 14980.7 14382.9 13786 13358.6 12920.4 12547.6 12304.4 11990.7 11649.4 11299.3 11128.6 10928.3 10627 10525.7 10447.4 10364.7 10367.2 10371 10371.2 10515.9 10663.4 10818 11030.8 11252.7 11432.7 11633.1 11770.8 11803.5 11615.9 11435.6 11256.3 11015.4 10835.3 10693 10489.7 10336.9 10231.1 10150.7 10059.5 10000.6 9964.57 9940.72 9968.73 10017.9 10000.9 10020 10030 9959.48 9967.83 10009.9 10010.7 9944.75 9896.01 9903.57 9856.2 9861.38 9952.32 9854.4
18930.5 18651 18626.5 19062.9 18769.1 17297.4 15699.5 15234.6 15509.8 15292.2 14741.9 14225.3 13887.4 13417.3 12978.7 12708.6 12302.2 11845.7 11383.7 11128.7 10841.1 10444 10309.9 10212.2 10107.4 10037.7 9966.24 9891.64 10022.7 10157.5 10300.9 10519 10744.4 10923.9 11132.3 11282.6 11330.6 11149.6 10985.4 10832.5 10643.3 10518.5 10421.9 10235 10100 10026.8 9999.84 9950.75 9917.06 9910.98 9922.05 9915.59 9862.99 9758.14 9735.19 9726.49 9622.93 9636.9 9708.84 9742.11 9695.01 9643.17 9627.98 9569.45 9575.12 9673.47 9521.7
19100.3 18850.3 18853.4 19329.6 19067.1 17596.9 16001.4 15573.9 15899 15682.9 15136.9 14627.5 14299.3 13775.8 13274.4 12974 12503.7 11972.9 11455.2 11154 10818.3 10370.8 10222.5 10104.5 9983.23 9871.35 9755.64 9636.18 9755.38 9880.03 10014.8 10232.9 10455.7 10640.3 10857 11021.7 11090.8 10932.4 10789.3 10676.4 10541.1 10469.9 10395.2 10205.8 10055.5 9970.64 9939.87 9899.45 9875.24 9883.18 9911.42 9890.21 9792.64 9648.01 9614.73 9609.73 9499.93 9521.01 9610.78 9658.8 9618.16 9565.41 9550.86 9506.73 9535.4 9662.13 9501.31
19199.3 18978.9 19008.3 19502.2 19251.6 17790.8 16202.4 15785.3 16122.3 15916.5 15370.9 14849.5 14494.1 13933.5 13391 13049.2 12538.6 11976.5 11449.4 11153.3 10822.2 10386.9 10254.1 10141.9 10012.9 9896.25 9773.52 9644.31 9752.64 9871.25 10002.6 10215.9 10428 10610.7 10827.3 10997 11079.2 10945.3 10821.5 10729.3 10623.6 10575.8 10511.1 10327.3 10179.7 10085.5 10046.8 10005.1 9977.27 9985.93 10014 9997.6 9909.27 9778.72 9756.91 9763.22 9663.83 9687.14 9777.35 9823.05 9779.46 9718.29 9699.33 9648.64 9672.76 9797.7 9638.46
19283.4 19085.8 19118.5 19571.7 19239.1 17681.5 16003 15524.1 15867.1 15742.1 15319.7 14908.3 14633.5 14110.1 13551.9 13146 12558.3 11933.1 11367.4 11054 10730 10323.7 10230.2 10156 10043.1 9928.27 9797.89 9653.99 9741.1 9854.75 9986.77 10200.1 10403 10588.1 10814.4 10997.9 11101.5 11001.8 10901.2 10826.4 10734.3 10689.9 10616.8 10422.8 10264.1 10159.1 10115.3 10077.5 10053.2 10064 10091.3 10072.3 9982.36 9853.38 9832.79 9846.45 9760.76 9799.03 9902.8 9965.17 9936.72 9886.59 9874.67 9841.25 9876.47 10008.4 9857.8
19369 19192.3 19206.3 19563.7 19251.3 17903 16446.3 15996 16284.9 16255.5 15812 15228.9 14746.1 14274 13835.1 13461.6 12850.5 12202.7 11635.9 11270.6 10906.1 10488.2 10334.7 10197.1 10012 9911.45 9794.5 9656.36 9694.02 9763.73 9856.67 10036.4 10206 10365.2 10589.8 10766.8 10870.4 10798.6 10718.6 10659.9 10600.3 10579.3 10523.4 10356.2 10223.5 10127.4 10071.7 10031.6 10002.9 10000.9 10009.4 9980.26 9896.1 9780.22 9756.06 9763.77 9684.42 9719.73 9808.38 9857.01 9844.04 9820.85 9836.86 9803.87 9824.33 9934.24 9806.95
19449.2 19292.7 19277.5 19517.4 19363.9 18554.5 17651.8 17353.4 17534.1 17555.3 16863.8 15768.8 14751 14314.6 14133.6 13927.2 13379.5 12761.8 12225.5 11769.2 11311.6 10836.3 10526.1 10230.4 9896.65 9825.25 9745.52 9637.47 9606.57 9599.4 9620.89 9739.45 9851.76 9963.81 10175.3 10336.5 10432.2 10394 10334.8 10298.6 10286.5 10303 10288.6 10186.6 10118.8 10053.4 9976.74 9924.44 9876.4 9840.72 9812.33 9775.07 9713.79 9623.35 9594.75 9582.84 9497.31 9510.39 9564.85 9577.68 9585.22 9602.73 9659.69 9608.86 9587.19 9646.48 9560.34
19505.4 19363.8 19315.4 19435.3 19438.9 19167.1 18818.4 18674.5 18734.2 18769.7 17777 16131.4 14562.1 14176.5 14293.8 14311.5 13865.9 13286.1 12756.7 12184.8 11609 11053.2 10570.2 10116.6 9637.54 9614.1 9594.02 9541.63 9469.42 9412.01 9376.71 9448.77 9520.31 9596.08 9808.93 9967.86 10066.6 10067.3 10037 10016.9 10044 10090.2 10112.7 10069.7 10067.8 10033.3 9934.47 9864.84 9789.21 9712.41 9643.93 9596.04 9555.99 9493.9 9460.5 9426.99 9334.35 9330.83 9357.96 9346.71 9386.41 9456.75 9561.63 9499.65 9442.12 9455.48 9412.75
19534.5 19413.1 19340.7 19367.5 19352.8 19202.2 18991.1 18838.1 18799.1 18816.8 17946.5 16514.6 15178.8 14718.4 14574.8 14294.8 13921.2 13507.2 13092 12524 11949.7 11425.1 10852.8 10324.5 9808.65 9715.66 9635.86 9528.81 9454.9 9386.47 9331.87 9389.01 9440.27 9492.23 9673.97 9798.64 9871.74 9894.71 9876.04 9862.2 9904.5 9957.27 9988.27 9960.59 9970.24 9952.41 9865.44 9808.37 9741.62 9660.46 9590.33 9539.55 9499.7 9441.75 9406.65 9370.59 9287.92 9277.54 9284.54 9258.48 9316.1 9417.29 9546.76 9477.41 9394.91 9372.56 9334.96
19561.4 19461.3 19377.4 19353.7 19242.8 18976.8 18664.9 18428.4 18319.6 18281.8 17790.4 17051.6 16435.3 15757.2 14932.4 13984.4 13674.8 13542.1 13349 12899.7 12412.1 11984.5 11360.6 10785.1 10273.8 10015.8 9781.25 9532.94 9481.31 9418.39 9360.31 9422.97 9474.87 9516.75 9645.04 9713.25 9737.88 9764.6 9742.26 9723.29 9776.04 9832.72 9864.58 9831.45 9831.37 9819.4 9765.43 9738.7 9700.5 9640.73 9592.38 9544.92 9491.88 9424.62 9389.1 9363.01 9299.84 9280.67 9265.86 9221.86 9279.29 9386.46 9524.03 9439.33 9332.44 9278.01 9213.12
19587.8 19509 19424.7 19392.7 19254.1 18955 18622.8 18366.8 18203.5 18065.8 17869.1 17728.4 17734.7 16764.4 15228.6 13622.1 13412.5 13612.2 13694.8 13400.4 13021.2 12695.8 12009.9 11364.3 10821.9 10362.7 9939.05 9520.31 9468.15 9402.38 9337 9403.44 9454.45 9481.12 9549.98 9561.95 9541.12 9576.45 9560.43 9549.26 9621.54 9690.57 9729.91 9699.96 9697.26 9695.59 9676.01 9680.54 9666.14 9622.42 9590.59 9541.01 9469.86 9389.79 9349.67 9328.7 9280.8 9249.3 9210.65 9148.13 9205.9 9319.3 9460.46 9357.36 9221.11 9129.27 9033.4
19511.8 19446.9 19380.9 19362.1 19251.3 18966 18659.6 18428.6 18251.1 18047 17875.7 17841.9 17959 17130.8 15801.4 14460.3 14092.7 13959.1 13674.7 13442.2 13206.6 12998.6 12325.4 11677.9 11148 10668.3 10246.5 9852.19 9706.1 9560 9414.36 9442.99 9453.48 9433.87 9456.77 9423.43 9370.37 9431.85 9440.09 9441.58 9510.65 9570.87 9602.66 9572.23 9562.33 9560.4 9555.92 9570.15 9566.34 9536.25 9517.41 9480.7 9423.86 9363.29 9329.71 9309.59 9272.35 9237.98 9193.41 9131.43 9166.63 9245.98 9349.55 9281.52 9194.47 9143.24 8980.64
