data/map/cvmhlowres2.asc
ncols         217
nrows         146
xllcorner     6.39591e+006
yllcorner     1.68973e+006
cellsize      1135.85
NODATA_value  -99999
[rows 90 to 119 of 146, columns 67 to 133 of 217]
6396.26 6518.17 6644.13 6770.1 6917.81 7066.49 7218.1 7493.22 7768.34 8065.7 8590.97 9116.24 9614.09 9961.96 10309.8 10666.3 11052.9 11439.5 11822.4 12195.8 12569.3 12922.4 13237.8 13553.3 13810.9 13987.6 14164.4 14256.6 14258.3 14260 14195.2 14075.6 13956 13854.7 13765 13675.3 13871.5 14202.3 14533 15572 16852.3 18132.7 19106.5 20009.1 20911.7 21693.5 22458.3 23223.1 23660.6 24078.3 24495.8 24886.6 25277.4 25657.9 25909.7 26161.4 26391.2 26486.1 26581 26669.5 26733.1 26796.7 26834.5 26803.2 26771.8 26722.8 26639
6198.56 6306.47 6422.32 6538.17 6681.91 6826.89 6974.79 7245.76 7516.72 7808.93 8318.99 8829.05 9313.61 9658.72 10003.8 10358 10744.1 11130.3 11513.2 11888.1 12262.9 12617.8 12936 13254.1 13517.8 13705.7 13893.5 13987.5 13981.1 13974.7 13921.5 13829.8 13738.1 13650.9 13566.6 13482.3 13615.3 13850.5 14085.6 15053.6 16271.4 17489.1 18446.5 19343.4 20240.3 21011.7 21765.6 22519.4 22971.1 23404.4 23837.7 24251.2 24664.8 25069.6 25365.1 25660.6 25931.6 26052 26172.5 26281.1 26344 26406.9 26462.6 26498.8 26535.1 26534.8 26462.6
6121.93 6212.4 6311.78 6411.15 6544.61 6679.58 6817.35 7072.89 7328.42 7603.04 8073.2 8543.36 8993.06 9330.83 9668.59 10014.8 10390.8 10766.8 11137 11492.6 11848.2 12199.4 12542.4 12885.4 13177.9 13399.9 13621.9 13770.9 13841.8 13912.7 13892.3 13796.8 13701.4 13617.1 13540 13462.8 13565.8 13753.4 13941.1 14811.8 15915.3 17018.7 17943.7 18827.2 19710.8 20429.3 21124.8 21820.3 22305.5 22778.1 23250.2 23682.2 24114.3 24537.5 24851.7 25165.8 25454.6 25587.2 25719.9 25844.4 25937.8 26031.1 26114.8 26172.2 26229.7 26254.4 26214.6
6091.89 6163.59 6244.05 6324.5 6445.24 6567.78 6692.94 6928.72 7164.5 7416.72 7837.49 8258.26 8664.79 8993.44 9322.08 9658.11 10020.3 10382.4 10735 11063.4 11391.9 11737.2 12113.5 12489.9 12819.8 13084.9 13350 13574.5 13755.6 13936.7 13957.3 13845.8 13734.3 13648.7 13579.4 13510 13595.8 13754.5 13913.2 14676.4 15645.7 16615 17501.4 18368.6 19235.8 19885.2 20504.1 21123 21649.3 22170 22690 23138.8 23587.5 24027 24350.2 24673.4 24970.9 25110.6 25250.2 25389.1 25524.9 25660.8 25776.2 25837 25897.8 25938.4 25939.2
6061.84 6114.79 6176.32 6237.85 6345.88 6455.98 6568.53 6784.55 7000.58 7230.41 7601.79 7973.16 8336.52 8656.05 8975.57 9301.44 9649.76 9998.07 10332.9 10634.2 10935.5 11274.9 11684.7 12094.4 12461.7 12769.9 13078.2 13378.2 13669.5 13960.7 14022.2 13894.8 13767.3 13680.4 13618.8 13557.3 13625.8 13755.5 13885.2 14541.1 15376.2 16211.3 17059.1 17910 18760.8 19341 19883.3 20425.7 20993 21561.9 22129.8 22595.3 23060.8 23516.4 23848.7 24181 24487.3 24633.9 24780.6 24933.8 25112.1 25290.4 25437.7 25501.9 25566 25622.5 25663.8
6203.04 6249.55 6305.23 6360.92 6457.59 6556.08 6655.99 6815.63 6975.28 7148.25 7457.85 7767.45 8075.19 8372.78 8670.36 8977.96 9320.99 9664.02 9992.64 10285.2 10577.8 10914.5 11332.2 11750 12170.5 12594.9 13019.3 13387.4 13695.2 14003 14075.3 13954 13832.7 13760.8 13719.9 13678.9 13735.9 13838.9 13941.9 14508.7 15233.5 15958.4 16725.1 17501.6 18278 18844.6 19381.8 19919 20455.8 20992.5 21528.6 21988.7 22448.9 22900.7 23248.8 23596.9 23920.4 24092.7 24265 24439.5 24622.4 24805.4 24959.9 25038.2 25116.6 25187 25241.9
6390.36 6433.75 6487.11 6540.47 6626.14 6713.25 6800.51 6893.91 6987.31 7094.14 7338.63 7583.11 7831.88 8104.08 8376.27 8663.41 9003.47 9343.53 9668.96 9957.86 10246.8 10581.4 11000.4 11419.4 11897.3 12457.6 13017.8 13452 13751.1 14050.2 14125.3 14016 13906.8 13854.3 13837.5 13820.6 13867.5 13944.4 14021.3 14504.1 15125.1 15746.2 16420.3 17106.7 17793.2 18361 18912.4 19463.7 19950.6 20433.6 20916.3 21365.1 21814 22256.7 22622.4 22988.2 23331.2 23534.1 23737 23934.7 24112.1 24289.5 24444.6 24540 24635.4 24719.3 24780.5
6577.68 6617.95 6668.98 6720.02 6794.7 6870.43 6945.03 6972.19 6999.34 7040.03 7219.4 7398.78 7588.57 7835.38 8082.18 8348.87 8685.95 9023.03 9345.27 9630.48 9915.69 10248.4 10668.6 11088.8 11624.1 12320.2 13016.3 13516.5 13807 14097.5 14175.2 14078.1 13980.9 13947.9 13955.1 13962.3 13999.2 14050 14100.8 14499.5 15016.7 15533.9 16115.4 16711.9 17308.3 17877.5 18442.9 19008.3 19445.4 19874.6 20304 20741.6 21179.1 21612.6 21996 22379.4 22741.9 22975.4 23209 23429.9 23601.7 23773.6 23929.3 24041.8 24154.3 24251.6 24319
6662.14 6738 6804.18 6870.36 6942.73 7015.38 7086.28 7083.54 7080.79 7086.81 7182.66 7278.52 7391.68 7599.51 7807.35 8038.99 8354.9 8670.82 8973.91 9245 9516.08 9838.69 10256.3 10673.8 11217.2 11936.1 12655 13172.2 13473.7 13775.1 13927.9 13958.5 13989.1 14001.9 14003.5 14005.2 14058.2 14135.4 14212.5 14549.1 14974.1 15399.1 15890.5 16397.2 16903.9 17435 17969.6 18504.1 18929.7 19348.8 19767.9 20191.4 20615 21035.3 21414.9 21794.4 22153.3 22385.6 22617.9 22837.6 23008.9 23180.2 23339.2 23465.1 23591.1 23702.6 23785.8
6728.94 6847.04 6931.36 7015.69 7087.25 7158.24 7226.97 7200.56 7174.16 7150.91 7160.08 7169.25 7202.74 7369.28 7535.82 7729.91 8021.54 8313.16 8594.37 8849.54 9104.72 9415.85 9830.14 10244.4 10787.3 11509.6 12231.8 12757.8 13073.5 13389.3 13629.6 13807.8 13986 14049.2 14040.1 14031 14104.7 14217.3 14329.9 14608.1 14942.9 15277.6 15679.2 16096.3 16513.3 16999.6 17495.6 17991.5 18412.3 18828.6 19244.8 19653.9 20063.1 20469.5 20841.5 21213.5 21564.9 21790.4 22015.9 22230.4 22402 22573.6 22736.3 22875 23013.8 23139.6 23240.3
6795.75 6956.08 7058.55 7161.02 7231.76 7301.09 7367.66 7317.59 7267.52 7215.01 7137.5 7059.98 7013.81 7139.05 7264.29 7420.83 7688.17 7955.51 8214.82 8454.09 8693.36 8993.02 9404.03 9815.03 10357.4 11083 11808.7 12343.3 12673.4 13003.5 13331.2 13657.1 13982.9 14096.4 14076.6 14056.8 14151.2 14299.2 14447.2 14667.2 14911.6 15156.1 15467.9 15795.3 16122.8 16564.2 17021.6 17479 17894.9 18308.4 18721.7 19116.5 19511.2 19903.6 20268.1 20632.5 20976.5 21195.3 21414 21623.1 21795 21966.9 22133.3 22284.9 22436.4 22576.7 22694.7
6251.29 6593.93 6889.62 7185.31 7302.38 7411.52 7516.54 7448.25 7379.96 7307.55 7192.93 7078.31 6994.1 7076.15 7158.21 7270.57 7490.15 7709.73 7930.58 8154.61 8378.65 8665.37 9067.66 9469.96 9970.12 10606.9 11243.7 11729.1 12052.6 12376.1 12712.4 13059.3 13406.2 13585.2 13659 13732.7 13887.3 14079.9 14272.5 14511.6 14766.6 15021.5 15279.9 15539.1 15798.2 16202.5 16627.1 17051.7 17443.9 17834.2 18224.1 18569.5 18915 19258 19571.2 19884.4 20187 20424.9 20662.7 20887.4 21061.4 21235.4 21400.5 21542 21683.4 21815.8 21930.2
5653.11 6190.38 6694.68 7198.97 7366.51 7519.09 7666.14 7580.1 7494.07 7402.58 7255.22 7107.85 6989.25 7027.96 7066.68 7134.25 7304.01 7473.77 7654.71 7863.57 8072.43 8346.08 8739.19 9132.29 9586.61 10126.4 10666.1 11097.3 11412.4 11727.4 12065.4 12422.2 12779 13025 13201.4 13377.8 13596.1 13834.1 14072.1 14337.2 14611.5 14885.8 15094 15286.7 15479.5 15847.3 16239.6 16631.9 16998.7 17364 17728.7 18021.8 18314.8 18605.3 18863.4 19121.5 19379.8 19639.1 19898.3 20140.5 20316.7 20492.9 20656.3 20785.6 20915 21037.5 21146.6
5054.94 5786.83 6499.73 7212.63 7430.64 7626.67 7815.74 7711.96 7608.18 7497.62 7317.5 7137.39 6984.41 6979.77 6975.14 6997.94 7117.88 7237.82 7378.85 7572.53 7766.21 8026.79 8410.71 8794.63 9203.11 9645.87 10088.6 10465.6 10772.2 11078.8 11418.4 11785.1 12151.8 12464.7 12743.8 13022.9 13304.9 13588.3 13871.7 14162.7 14456.4 14750.1 14908 15034.4 15160.8 15492.1 15852.1 16212.1 16553.5 16893.8 17233.3 17474 17714.7 17952.6 18155.7 18358.7 18572.6 18853.3 19133.9 19393.6 19571.9 19750.3 19912.1 20029.3 20146.5 20259.2 20362.9
4242.99 4891.79 5531.95 6172.11 6634.3 7088.59 7532.53 7540.25 7547.98 7539.32 7362.64 7185.96 7027.89 6971.59 6915.3 6893.25 6992.45 7091.65 7210.95 7380.44 7549.92 7778.8 8117.19 8455.57 8833.07 9265.17 9697.27 10066 10366.8 10667.7 11008.6 11382.5 11756.5 12083.9 12382.1 12680.3 12952.5 13212.6 13472.6 13798.6 14147 14495.4 14669.7 14803.6 14937.4 15196.8 15473.7 15750.6 16080.2 16412.8 16744.8 16987.1 17229.5 17468.2 17661.3 17854.5 18058.1 18325.7 18593.2 18842.5 19021.1 19199.7 19357.7 19460.4 19563.2 19663.6 19759.7
3427.78 3989.23 4552.34 5115.46 5824.8 6540.64 7242.69 7363.9 7485.11 7580.2 7407.51 7234.82 7072.11 6964.03 6855.95 6789.05 6867.96 6946.86 7044.71 7189.86 7335.02 7531.91 7824.2 8116.49 8463.23 8886 9308.77 9669.89 9965.05 10260.2 10602.5 10983.6 11364.6 11705.7 12021.8 12337.8 12599.2 12834.9 13070.5 13431.5 13835.2 14238.9 14430.6 14573 14715.5 14902.4 15095.5 15288.6 15606.3 15931.7 16256.3 16501.1 16746 16986.3 17170.3 17354.3 17548.1 17802 18055.9 18294.4 18473.2 18652 18806.2 18894.4 18982.6 19070.9 19159.4
2648.63 3123.6 3609.76 4095.93 5034.48 5993.12 6935 7170.85 7406.69 7607.09 7444.06 7281.02 7118.94 6962.06 6805.17 6695.63 6753.65 6811.66 6887.6 7008.28 7128.96 7294.73 7543.64 7792.55 8109.74 8522.23 8934.72 9287.69 9576.96 9866.22 10209.1 10596 10983 11336.6 11669.4 12002.1 12252.9 12465.1 12677.4 13071.6 13527.8 13984 14192.9 14344.4 14495.9 14614.5 14728.6 14842.6 15147.5 15463.9 15779.7 16024.4 16269.1 16508.7 16684.3 16860 17044.7 17285 17525.4 17752.7 17929.3 18106 18255 18329.9 18404.7 18481.6 18562.9
2545.99 2950.66 3361.75 3772.83 4603.97 5453.77 6292.49 6664.56 7036.62 7371.45 7324.52 7277.58 7214.77 7065.07 6915.37 6804.37 6830.37 6856.36 6901.68 6995.25 7088.82 7239.69 7496.2 7752.71 8062.69 8447.28 8831.88 9165.79 9445.46 9725.12 10054 10423.3 10792.7 11136.8 11465.1 11793.4 12038.9 12245.4 12452 12845.3 13302.2 13759.2 13982.1 14150.8 14319.4 14449.5 14574.3 14699.1 14968.5 15246.6 15524 15720.7 15917.4 16113.1 16295.1 16477.1 16665.5 16893.3 17121.1 17329 17460.3 17591.5 17709.6 17792.4 17875.2 17957.7 18039.8
2443.35 2777.72 3113.73 3449.73 4173.47 4914.42 5649.97 6158.26 6666.55 7135.81 7204.98 7274.14 7310.59 7168.08 7025.57 6913.12 6907.09 6901.07 6915.77 6982.22 7048.68 7184.64 7448.76 7712.88 8015.63 8372.33 8729.04 9043.89 9313.96 9584.03 9898.91 10250.7 10602.4 10937 11260.8 11584.6 11824.8 12025.7 12226.6 12619 13076.7 13534.4 13771.4 13957.1 14142.9 14284.6 14420.1 14555.6 14789.4 15029.3 15268.3 15417 15565.8 15717.4 15905.8 16094.2 16286.4 16501.6 16716.8 16905.4 16991.2 17077 17164.2 17254.9 17345.7 17433.8 17516.7
2366.32 2636.78 2904.33 3171.88 3785.31 4414.11 5042.78 5666.09 6289.4 6874.38 7066.37 7258.35 7400.42 7269.44 7138.46 7028.9 6995.14 6961.37 6949.69 6993.13 7036.57 7158.96 7426.93 7694.9 7988.08 8316.47 8644.85 8939.25 9197.28 9455.3 9755.34 10089.9 10424.5 10747.1 11062.1 11377.2 11610.7 11806 12001.2 12391 12847.2 13303.3 13551.7 13751.8 13952 14104 14249.2 14394.4 14595.8 14800.6 15004.4 15109.9 15215.4 15327.2 15518.4 15709.6 15902 16101.7 16301.4 16470.1 16519.3 16568.6 16631.3 16730.5 16829.6 16924.4 17010.7
2483.79 2738.93 2988.34 3237.76 3718.94 4210.42 4703.89 5281.2 5858.5 6417.01 6782.87 7148.72 7444.67 7358.26 7271.85 7198.1 7169.18 7140.26 7134.34 7185.86 7237.38 7356.35 7599.68 7843.01 8108.69 8405.56 8702.43 8965.76 9193.18 9420.61 9699.23 10019.9 10340.7 10632.5 10906.4 11180.2 11396.7 11586.2 11775.7 12150.2 12587.6 13025.1 13264.6 13458.1 13651.6 13804.6 13952 14099.4 14291 14485.3 14678.7 14776.7 14874.8 14977.9 15144.8 15311.7 15477.8 15639.6 15801.4 15946.3 16026.3 16106.3 16194.5 16305 16415.5 16525.6 16635.2
2601.27 2841.08 3072.36 3303.63 3652.57 4006.74 4365.01 4896.3 5427.59 5959.64 6499.36 7039.09 7488.93 7447.08 7405.24 7367.31 7343.22 7319.14 7318.99 7378.59 7438.19 7553.74 7772.43 7991.12 8229.29 8494.65 8760.01 8992.26 9189.09 9385.92 9643.12 9949.97 10256.8 10518 10750.6 10983.1 11182.6 11366.4 11550.3 11909.3 12328.1 12746.8 12977.4 13164.3 13351.2 13505.3 13654.9 13804.4 13986.2 14170 14352.9 14443.5 14534.2 14628.7 14771.2 14913.7 15053.6 15177.5 15301.4 15422.5 15533.3 15644 15757.7 15879.5 16001.3 16126.8 16259.7
2703.07 2931.59 3149.93 3368.26 3604.99 3842.53 4085.53 4558.63 5031.73 5524.08 6213.7 6903.31 7491.06 7521.58 7552.1 7572.69 7558.13 7543.56 7552.23 7618.92 7685.61 7795.79 7986.16 8176.53 8383.21 8612.69 8842.16 9041.97 9210.02 9378.08 9610.4 9895.58 10180.8 10413.1 10612.4 10811.6 10995.7 11172.6 11349.5 11690.5 12087.5 12484.4 12702.4 12878.9 13055.5 13212 13365.7 13519.4 13694.7 13871.4 14047.3 14135.9 14224.6 14315.4 14432.8 14550.2 14663.6 14752.1 14840.6 14938.9 15075.6 15212.2 15347.4 15478.7 15610 15749 15903.3
2734.44 2969.73 3198.51 3427.29 3641.83 3855.73 4073.03 4433.21 4793.38 5186.58 5918.31 6650.04 7303.87 7531.7 7759.53 7940.7 7956.66 7972.62 8003.85 8073.16 8142.48 8238.58 8384.05 8529.52 8686.87 8860.8 9034.73 9195.9 9343.41 9490.93 9682.82 9911.21 10139.6 10351.5 10553.2 10754.8 10931.1 11095.5 11259.9 11571 11932.1 12293.3 12482.3 12631.5 12780.6 12945.3 13112.2 13279.2 13463.1 13648 13832.3 13943.2 14054.1 14163.4 14252.5 14341.6 14427.2 14491.5 14555.9 14635.9 14776.8 14917.6 15056.2 15188.8 15321.4 15465.6 15632.4
2765.82 3007.88 3247.1 3486.32 3678.67 3868.94 4060.53 4307.78 4555.03 4849.09 5622.92 6396.76 7116.69 7541.83 7966.96 8308.7 8355.19 8401.69 8455.47 8527.41 8599.35 8681.36 8781.94 8882.52 8990.53 9108.91 9227.3 9349.83 9476.8 9603.77 9755.24 9926.85 10098.5 10290 10493.9 10697.9 10866.5 11018.4 11170.3 11451.5 11776.8 12102.1 12262.2 12384 12505.7 12678.7 12858.8 13038.9 13231.4 13424.7 13617.4 13750.5 13883.7 14011.4 14072.2 14133 14190.8 14231 14271.2 14332.9 14478 14623 14765.1 14898.9 15032.8 15182.1 15361.5
2810.34 3051.93 3294.03 3536.13 3709.88 3880.6 4051.12 4213.42 4375.72 4595.19 5400.71 6206.22 6975.88 7549.44 8123.01 8585.54 8655.01 8724.47 8795.21 8869.13 8943.04 9014.46 9081.27 9148.07 9218.96 9295.57 9372.17 9465.63 9577.15 9688.67 9809.72 9938.61 10067.5 10243.6 10449.4 10655.2 10817.9 10960.4 11102.8 11361.6 11660 11958.3 12096.6 12197.8 12299 12478.1 12668.2 12858.2 13057.2 13256.6 13455.7 13605.5 13755.4 13897.1 13936.6 13976 14013 14035 14057 14105 14253.2 14401.4 14546 14680.9 14815.7 14968.8 15157.7
2894.83 3113.9 3335.93 3557.96 3724.01 3887.58 4051.12 4213.42 4375.72 4595.19 5400.71 6206.22 6975.88 7549.44 8123.01 8585.54 8655 8724.47 8795.21 8869.13 8943.04 9014.46 9081.27 9148.07 9218.97 9295.57 9372.17 9465.63 9577.15 9688.67 9809.72 9938.61 10067.5 10243.6 10449.4 10655.2 10817.9 10960.4 11102.8 11361.6 11660 11958.3 12096.6 12197.8 12299 12478.1 12668.2 12858.2 13057.2 13256.6 13455.7 13605.5 13755.4 13897.1 13936.6 13976 14013 14035 14057 14105 14253.2 14401.4 14546 14680.9 14815.7 14968.8 15157.7
2979.31 3175.88 3377.83 3579.79 3738.15 3894.56 4051.12 4213.42 4375.72 4595.19 5400.71 6206.22 6975.88 7549.44 8123.01 8585.54 8655.01 8724.47 8795.21 8869.13 8943.04 9014.46 9081.27 9148.07 9218.96 9295.57 9372.17 9465.63 9577.15 9688.67 9809.72 9938.62 10067.5 10243.6 10449.4 10655.2 10817.9 10960.4 11102.8 11361.6 11660 11958.3 12096.6 12197.8 12299 12478.1 12668.2 12858.2 13057.2 13256.6 13455.7 13605.5 13755.4 13897.1 13936.6 13976 14013 14035 14057 14105 14253.2 14401.4 14546 14680.9 14815.7 14968.8 15157.7
3037.32 3218.43 3406.6 3594.78 3746.29 3896.18 4046.27 4204.6 4362.94 4575.53 5344.31 6113.09 6862.25 7504.07 8145.9 8663.32 8740.4 8817.48 8894.05 8969.33 9044.61 9114.68 9175.17 9235.66 9299 9366.3 9433.61 9518.3 9621.61 9724.91 9843.62 9974.98 10106.3 10279.1 10477.8 10676.5 10833.4 10970.6 11107.9 11357.7 11646 11934.2 12067.2 12164.1 12261.1 12433.2 12615.8 12798.5 12994.6 13191.6 13388.2 13538.7 13689.3 13832.1 13879.8 13927.4 13971.1 13990.5 14009.9 14057 14210.9 14364.7 14512.7 14644.9 14777.2 14928.1 15115.7
3037.32 3218.43 3406.6 3594.78 3741.34 3886.05 4030.78 4176.46 4322.15 4512.8 5164.38 5815.95 6499.68 7359.3 8218.92 8911.51 9012.88 9114.25 9209.41 9289.03 9368.66 9434.47 9474.81 9515.14 9554.36 9592.01 9629.66 9686.36 9763.46 9840.56 9951.76 10091 10230.3 10392.2 10568.3 10744.5 10882.9 11003.5 11124.1 11345.5 11601.3 11857.1 11973.1 12056.7 12140.2 12289.9 12448.9 12607.8 12795.2 12984.2 13173 13325.5 13478.1 13624.8 13698.5 13772.3 13837.3 13848.4 13859.6 13903.8 14075.8 14247.7 14406.5 14530.3 14654.1 14798.1 14981.8
