data/map/cvmhlowres2.asc
ncols         217
nrows         146
xllcorner     6.39591e+006
yllcorner     1.68973e+006
cellsize      1135.85
NODATA_value  -99999
[rows 90 to 119 of 146, columns 134 to 200 of 217]
26555.2 26472 26389.6 26307.2 26061.9 25631.6 25201.3 24895.4 24698 24500.6 24295.8 24086 23876.2 23102.7 22045.8 20988.8 19956.5 18933.3 17910.1 17789.3 17898.6 18007.9 17508.4 16911.7 16315.1 15682.5 15047.2 14411.9 13718.3 13024.4 12346.2 11917.7 11489.2 11077 10778.9 10480.8 10241.9 10254.6 10267.3 10303.9 10409.9 10515.9 10593.2 10610.3 10627.4 10640.8 10648.4 10656 10639 10592.3 10545.6 10482.6 10404.3 10326.1 10252.9 10183.2 10113.5 10051.9 9994.54 9937.23 9939.56 9965.52 9991.48 9936.5 9858.95 9781.39 9405.06
26390.3 26331 26290.8 26250.6 26035.9 25623.1 25210.2 24911.9 24713.3 24514.8 24287.9 24042 23796.1 23469.2 23101.5 22733.8 21315.9 19511.7 17707.5 17564.3 17844.7 18125.1 17748.3 17266.7 16785.2 16276.7 15766.1 15255.5 14393.3 13528.9 12684.1 12150 11616 11101 10719.4 10337.7 10030.2 10037.1 10044 10065.8 10130.8 10195.7 10241.2 10245.8 10250.4 10263.5 10289.7 10316 10327.9 10322.6 10317.2 10303.8 10282.9 10262 10214.2 10147.5 10080.7 10004.9 9924.29 9843.69 9774.45 9709.71 9644.98 9630.2 9629.34 9628.49 9169.12
26174.9 26139.4 26110 26080.6 25889.4 25514.8 25140.2 24868 24685.1 24502.3 24277.3 24024.3 23771.2 23550.9 23347.1 23143.3 21923.7 20330.4 18737.1 18224.8 17988.2 17751.7 17434.9 17105.3 16775.7 16333.3 15882.1 15431 14577 13720.5 12881.7 12322.6 11763.6 11219.5 10779.9 10340.2 9978.86 9949.5 9920.14 9908.3 9947.22 9986.15 10011.8 10009.7 10007.6 10018.2 10048.9 10079.6 10104.4 10122.1 10139.7 10151.1 10156.7 10162.3 10127.7 10064.6 10001.5 9929.64 9853.07 9776.5 9690.66 9601.16 9511.66 9506.93 9525.83 9544.73 9067.65
25940.1 25928.2 25897.6 25866.9 25696.7 25368.2 25039.7 24800.8 24640.1 24479.4 24265.7 24016.6 23767.5 23523.1 23281.1 23039.1 22242.4 21241.6 20240.9 19226.1 18207.8 17189.4 16908.4 16745 16581.6 16183 15766.1 15349.3 14571.6 13791.7 13025.3 12472.3 11919.2 11374.4 10886.5 10398.7 9989.19 9911.84 9834.49 9781.78 9800.5 9819.22 9829.74 9823.01 9816.27 9823.67 9853.4 9883.12 9914.6 9948.21 9981.82 10008.5 10028.7 10048.9 10022.7 9963.59 9904.5 9843.5 9781.47 9719.44 9638.17 9549.27 9460.38 9454.09 9470.83 9487.58 9017.92
25705.2 25717.1 25685.2 25653.2 25504 25221.6 24939.2 24733.7 24595.1 24456.6 24254.1 24008.9 23763.7 23495.2 23215 22934.8 22561 22152.8 21744.6 20227.4 18427.3 16627.2 16382 16384.8 16387.6 16032.8 15650.2 15267.6 14566.3 13862.9 13168.9 12621.9 12074.9 11529.2 10993.2 10457.2 9999.52 9874.18 9748.83 9655.27 9653.78 9652.3 9647.64 9636.31 9624.97 9629.18 9657.9 9686.62 9724.79 9774.35 9823.91 9865.82 9900.64 9935.46 9917.69 9862.59 9807.5 9757.35 9709.87 9662.38 9585.67 9497.38 9409.09 9401.25 9415.84 9430.43 8968.2
25296.8 25327.5 25322.4 25317.3 25209.9 24986.3 24762.7 24581 24435.8 24290.6 24091.4 23856.2 23621 23351.1 23063.8 22776.4 22485.1 22192.3 21899.6 20618.8 19085.9 17553.1 16964.3 16526.1 16087.8 15774.1 15469.9 15165.8 14534.8 13901.7 13274.9 12746.3 12217.7 11684.6 11119.8 10555 10069.9 9922.48 9775.1 9654.5 9611.48 9568.46 9533.47 9515.36 9497.24 9494.91 9517.48 9540.06 9576.59 9629.93 9683.27 9726.85 9761.4 9795.95 9788.15 9750.3 9712.45 9674.59 9636.73 9598.87 9536.29 9463.91 9391.53 9377.76 9380.33 9382.9 9031.92
24841.6 24889.9 24919.2 24948.5 24888.5 24727.1 24565.8 24405.3 24245.6 24086 23888 23664.5 23440.9 23175.7 22889.5 22603.3 22302.8 21997.1 21691.3 20845.9 19862.8 18879.7 17845.1 16802.4 15759.6 15486.2 15272.4 15058.6 14496.3 13931.8 13370.8 12863.9 12357.1 11840 11251.7 10663.4 10156.3 9993.93 9831.51 9687.6 9597.3 9507.01 9437.59 9412.11 9386.62 9376.86 9391.9 9406.94 9439.58 9493.43 9547.28 9588.88 9619.14 9649.4 9652 9634.97 9617.93 9592.75 9563.19 9533.63 9487.74 9435.39 9383.05 9362.17 9350.07 9337.96 9126.2
24386.4 24452.3 24516 24579.7 24567.1 24468 24368.8 24229.6 24055.5 23881.4 23684.6 23472.7 23260.8 23000.3 22715.3 22430.3 22120.6 21801.8 21483 21073 20639.7 20206.3 18726 17078.7 15431.3 15198.3 15074.8 14951.3 14457.7 13961.9 13466.6 12981.5 12496.4 11995.5 11383.6 10771.8 10242.8 10065.4 9887.93 9720.7 9583.12 9445.55 9341.71 9308.86 9276 9258.8 9266.31 9273.82 9302.58 9356.94 9411.29 9450.91 9476.88 9502.86 9515.85 9519.63 9523.42 9510.91 9489.64 9468.38 9439.2 9406.88 9374.56 9346.58 9319.8 9293.03 9220.48
23869 23952.2 24035.3 24118.5 24132.3 24067.4 24002.6 23892.1 23741.8 23591.5 23410.8 23209.6 23008.5 22759.8 22487.1 22214.4 21884.4 21533.3 21182.2 20787.1 20380.9 19974.7 18771.5 17441.2 16110.9 15895.9 15767.3 15638.8 14952.8 14263.5 13587.4 13122.7 12657.9 12175.8 11572.4 10969 10440.5 10229.6 10018.7 9816.79 9641.11 9465.43 9331.3 9284.61 9237.91 9207.48 9202.74 9198 9217.76 9267.03 9316.3 9353.86 9380.59 9407.31 9426.01 9439.03 9452.04 9449.59 9438.83 9428.06 9408.94 9386.5 9364.06 9324.55 9280.28 9236.01 9175.54
23340.9 23441.3 23541.3 23641.4 23678 23642.7 23607.3 23526.8 23407 23287.1 23124.8 22934.3 22743.8 22508.1 22249.6 21991.2 21638.9 21252.1 20865.4 20413.3 19944.4 19475.6 18673.6 17818.5 16963.4 16762.6 16612.6 16462.6 15539.5 14611.6 13712.5 13267.9 12823.2 12360.5 11771 11181.6 10657.3 10409.8 10162.2 9923.7 9711.49 9499.27 9335.56 9273.91 9212.25 9167.61 9149.81 9132.02 9141.9 9185.13 9228.35 9263.85 9292.18 9320.51 9344.12 9364.38 9384.64 9391.79 9391.91 9392.03 9381.81 9367.51 9353.21 9301.41 9239.17 9176.92 9106.71
22812.7 22930.3 23047.3 23164.3 23223.7 23217.9 23212.1 23161.6 23072.1 22982.6 22838.9 22659 22479.1 22256.4 22012.1 21767.9 21393.4 20971 20548.6 20039.4 19508 18976.6 18575.8 18195.8 17815.8 17629.4 17457.9 17286.4 16126.2 14959.8 13837.6 13413 12988.5 12545.1 11969.6 11394.1 10874.1 10589.9 10305.7 10030.6 9781.86 9533.11 9339.83 9263.21 9186.6 9127.74 9096.89 9066.03 9066.03 9103.22 9140.4 9173.83 9203.77 9233.72 9262.23 9289.74 9317.24 9334 9344.99 9355.99 9354.69 9348.52 9342.35 9278.28 9198.05 9117.83 9037.88
22044.7 22167.1 22301.1 22435.2 22524 22561.4 22598.8 22591.8 22545.9 22500 22397.8 22258 22118.2 21918.5 21688.8 21459.1 21112 20721.7 20331.4 19823 19284.5 18746 18375.7 18032.3 17688.9 17474.2 17269.4 17064.6 16140.5 15211.9 14303.2 13708.6 13113.9 12528.9 12011.6 11494.3 11018.6 10718.9 10419.3 10131.2 9876.32 9621.46 9420.76 9334.01 9247.26 9176.19 9129.83 9083.48 9069.64 9094.96 9120.28 9144.46 9167.58 9190.7 9215.48 9241.44 9267.4 9282.68 9292.24 9301.79 9301.11 9296.37 9291.63 9209.57 9105.93 9002.3 8905.1
21255.6 21381.7 21532.8 21683.9 21802.6 21884.5 21966.4 22004 22002.9 22001.8 21943.1 21846 21748.8 21573.1 21358 21142.8 20827.4 20475.1 20122.8 19620.4 19079.7 18539 18166.7 17821.3 17476 17229.2 16990 16750.8 16104.5 15455.6 14798.8 14017.3 13235.8 12495.1 12039.9 11584.7 11156.6 10843.5 10530.3 10231.2 9972.89 9714.59 9508.43 9411.97 9315.51 9232.39 9170.33 9108.27 9080.23 9093.17 9106.11 9120.41 9135.97 9151.53 9171.82 9195.46 9219.1 9231.93 9238.97 9246 9245.21 9241.31 9237.42 9136.85 9009.33 8881.81 8766.69
20466.6 20596.2 20764.4 20932.6 21081.3 21207.6 21334 21416.2 21459.9 21503.5 21488.4 21433.9 21379.5 21227.8 21027.1 20826.5 20542.8 20228.5 19914.3 19417.8 18874.9 18331.9 17957.7 17610.4 17263 16984.2 16710.7 16437.1 16068.5 15699.3 15294.4 14326.1 13357.7 12461.3 12068.2 11675.1 11294.7 10968 10641.3 10331.2 10069.5 9807.72 9596.1 9489.93 9383.75 9288.6 9210.83 9133.06 9090.81 9091.38 9091.95 9096.37 9104.37 9112.37 9128.16 9149.48 9170.8 9181.19 9185.7 9190.21 9189.3 9186.25 9183.19 9064.14 8912.73 8761.32 8628.29
19855.9 19971.9 20117.5 20263.2 20397 20517.4 20637.8 20733.8 20808.5 20883.2 20895.1 20864.9 20834.7 20733.1 20595.4 20457.8 20201.7 19902.1 19602.5 19161.5 18684.5 18207.5 17850.1 17511.9 17173.6 16911.1 16654.5 16397.8 16096.3 15794.5 15457.8 14569 13680.2 12838.8 12329.4 11819.9 11345 11016.5 10688 10381.8 10140.6 9899.4 9700.81 9591.89 9482.97 9382.96 9297 9211.04 9154.04 9131.94 9109.84 9100.13 9101.88 9103.63 9109.08 9117.15 9125.22 9124.43 9118.87 9113.31 9100.02 9083.67 9067.32 8944.71 8792.48 8640.24 8484.37
19247.9 19350.1 19472.5 19595 19713.3 19826.9 19940.5 20049.9 20155.5 20261.1 20299.6 20293.5 20287.3 20236.1 20162.2 20088.3 19859.8 19574.5 19289.2 18904.5 18494.4 18084.3 17744.1 17415.1 17086.1 16840.6 16601.7 16362.7 16125.1 15887.5 15616.1 14810.9 14005.7 13222.6 12594.1 11965.6 11394 11063.9 10733.7 10431.7 10211.4 9991.06 9805.79 9694.23 9582.67 9477.91 9383.87 9289.84 9218.08 9173.15 9128.23 9104.31 9099.83 9095.36 9090.37 9085.03 9079.69 9067.58 9051.83 9036.09 9010.23 8980.36 8950.49 8824.57 8671.87 8519.16 8340.37
18644.3 18733 18832.8 18932.6 19035.8 19142.8 19249.9 19371.1 19504.8 19638.4 19702.2 19719.2 19736.3 19733.4 19720.5 19707.6 19508.3 19240.4 18972.6 18644.3 18300.7 17957 17635.4 17317.3 16999.1 16771.1 16550 16328.9 16154.2 15979.8 15773.2 15056.9 14340.7 13619.8 12866.6 12113.4 11440.9 11110.4 10779.8 10482.9 10283.3 10083.7 9911.33 9796.28 9681.23 9571.19 9469.05 9366.91 9280.63 9213.48 9146.33 9108.68 9098.36 9088.04 9073.27 9055.33 9037.39 9014.44 8988.81 8963.17 8925.64 8883.4 8841.16 8711.02 8556.37 8401.71 8199.72
18121.9 18206 18293 18380.1 18474.9 18578.5 18682.2 18788.8 18898.1 19007.4 19066.6 19092.2 19117.9 19124 19120.1 19116.3 18975.8 18784.9 18594.1 18326.6 18039.5 17752.4 17475.1 17199.3 16923.6 16718.7 16519.3 16320 16189.9 16060.2 15906.9 15379.9 14852.9 14268.7 13285.2 12301.6 11447.3 11140.9 10834.5 10559.9 10377.2 10194.6 10027.5 9893.01 9758.53 9633.22 9522.39 9411.55 9315.5 9237.25 9159.01 9116.72 9107.73 9098.74 9086.13 9070.95 9055.78 9030.96 9000.96 8970.96 8938.69 8905.51 8872.33 8721 8536.72 8352.44 8121.87
17599.5 17678.9 17753.2 17827.6 17914 18014.2 18114.5 18206.5 18291.5 18376.4 18431 18465.3 18499.5 18514.5 18519.8 18525.1 18443.3 18329.4 18215.6 18008.8 17778.2 17547.7 17314.8 17081.4 16848.1 16666.4 16488.7 16311 16225.5 16140.5 16040.5 15702.8 15365.1 14917.7 13703.7 12489.8 11453.6 11171.4 10889.2 10636.9 10471.2 10305.5 10143.7 9989.74 9835.83 9695.26 9575.73 9456.2 9350.36 9261.02 9171.68 9124.75 9117.09 9109.43 9098.99 9086.58 9074.17 9047.47 9013.11 8978.75 8951.73 8927.61 8903.49 8730.97 8517.06 8303.16 8044.02
17096.9 17175 17241 17307 17388.8 17488.7 17588.6 17668.7 17731.6 17794.4 17844.4 17885.8 17927.1 17949.8 17963 17976.2 17947.3 17902.8 17858.3 17708.4 17531.6 17354.8 17164.4 16972 16779.5 16618.7 16460.4 16302.2 16256 16210.5 16157.9 15993.4 15829 15508 14092.8 12677.7 11482.3 11218.8 10955.3 10720.6 10569.5 10418.3 10260.1 10087.1 9914.16 9758.48 9630.09 9501.71 9387.11 9289.12 9191.13 9139.88 9131.91 9123.93 9114.03 9102.78 9091.53 9062.35 9023.55 8984.75 8960.08 8941 8921.92 8721.94 8471.52 8221.09 7940.65
16744.8 16846.9 16938 17029.1 17135.1 17258.1 17381 17469.1 17526.7 17584.4 17629.8 17666.9 17704.1 17724.7 17737 17749.3 17728.5 17695.4 17662.3 17540.2 17395.5 17250.8 17090.1 16926.8 16763.5 16606.7 16450.3 16293.9 16247.3 16201.4 16151.5 16038.5 15925.6 15652.3 14257.7 12863.2 11680.2 11394.3 11108.5 10856.1 10700.6 10545.1 10378.8 10189.5 10000.2 9830.68 9692.22 9553.77 9438.16 9350.1 9262.04 9208.89 9188.07 9167.26 9145.6 9123.33 9101.06 9064.77 9020.94 8977.12 8932.75 8888.18 8843.6 8568.54 8229.2 7889.86 7643.45
16392.6 16518.7 16635 16751.3 16881.5 17027.4 17173.4 17269.4 17321.9 17374.3 17415.1 17448.1 17481.1 17499.7 17511.1 17522.5 17509.6 17487.9 17466.2 17372.1 17259.5 17146.9 17015.7 16881.7 16747.6 16594.6 16440.2 16285.7 16238.7 16192.3 16145.1 16083.7 16022.3 15796.7 14422.6 13048.7 11878 11569.9 11261.7 10991.5 10831.8 10672 10497.4 10291.9 10086.3 9902.88 9754.36 9605.83 9489.22 9411.08 9332.94 9277.9 9244.24 9210.59 9177.16 9143.88 9110.6 9067.19 9018.34 8969.49 8905.43 8835.36 8765.28 8415.14 7986.89 7558.64 7346.24
16057.5 16209 16356.5 16504.1 16657 16816 16975.1 17075.2 17123.9 17172.6 17209.1 17237.6 17266.2 17282.5 17292.8 17303 17296.8 17284.5 17272.2 17203.1 17119.4 17035.8 16932.5 16826 16719.5 16573.3 16424 16274.7 16228.3 16182.5 16138.2 16118.5 16098.8 15915.3 14587.2 13259.2 12118.7 11773.9 11429.1 11130.1 10964.1 10798.1 10614.6 10394.5 10174.4 9979.08 9822.97 9666.86 9548.98 9477.16 9405.34 9347.05 9301.29 9255.54 9210.98 9167.29 9123.59 9070.6 9012.62 8954.64 8868.35 8770.86 8673.36 8249.77 7735.25 7220.73 7034.09
15799.2 15981.9 16188.2 16394.5 16563.8 16691.1 16818.5 16905.2 16956.5 17007.8 17042 17064.7 17087.4 17100.5 17108.8 17117.1 17110.7 17099 17087.3 17030.1 16961.4 16892.7 16809.1 16723 16637 16510.6 16380.9 16251.3 16210 16169.2 16129.5 16106.9 16084.3 15918.4 14750.2 13582.1 12551.9 12106.1 11660.4 11282.6 11101.8 10920.9 10725.2 10498.3 10271.3 10073.2 9920.72 9768.24 9647.86 9566.17 9484.47 9416.86 9362.3 9307.73 9254.98 9203.52 9152.06 9078.43 8992.89 8907.35 8787.41 8653.85 8520.29 8030.65 7441.71 6852.77 6654.81
15540.9 15754.8 16019.9 16284.9 16470.6 16566.3 16661.9 16735.3 16789.2 16843 16874.8 16891.7 16908.6 16918.5 16924.8 16931.1 16924.6 16913.5 16902.3 16857.2 16803.4 16749.6 16685.7 16620.1 16554.6 16447.8 16337.9 16227.9 16191.7 16155.9 16120.8 16095.3 16069.9 15921.4 14913.3 13905.1 12985 12438.3 11891.7 11435.1 11239.4 11043.8 10835.9 10602 10368.2 10167.3 10018.5 9869.62 9746.74 9655.17 9563.6 9486.67 9423.3 9359.92 9298.98 9239.75 9180.53 9086.26 8973.16 8860.06 8706.47 8536.84 8367.21 7811.52 7148.16 6484.81 6275.52
15346.6 15584 15893.2 16202.5 16400.5 16472.3 16544.1 16607.4 16663.3 16719.1 16749 16761.6 16774.1 16781.6 16786.4 16791.2 16784.7 16773.9 16763.1 16727 16684.5 16641.9 16592.8 16542.7 16492.5 16400.6 16305.5 16210.3 16177.9 16145.9 16114.2 16086.6 16059 15923.8 15035.9 14148 13310.8 12688.3 12065.7 11549.8 11343 11136.2 10919.1 10680.1 10441.1 10238.1 10092 9945.88 9821.13 9722.13 9623.13 9539.19 9469.19 9399.19 9332.07 9267.01 9201.95 9092.15 8958.32 8824.48 8645.58 8448.82 8252.06 7646.67 6927.34 6208 5990.19
15346.6 15584 15893.2 16202.5 16400.5 16472.3 16544.1 16607.4 16663.3 16719.1 16749 16761.6 16774.1 16781.6 16786.4 16791.2 16784.7 16773.9 16763.1 16727 16684.5 16641.9 16592.8 16542.7 16492.5 16400.6 16305.5 16210.3 16177.9 16145.9 16114.2 16086.6 16059 15923.8 15035.9 14148 13310.8 12688.2 12065.7 11549.8 11343 11136.2 10919.1 10680.1 10441.1 10238.1 10092 9945.88 9821.12 9722.13 9623.13 9539.19 9469.19 9399.19 9332.08 9267.01 9201.95 9092.15 8958.32 8824.48 8645.58 8448.82 8252.06 7646.68 6927.34 6208 5990.19
15346.6 15584 15893.2 16202.5 16400.5 16472.3 16544.1 16607.4 16663.3 16719.1 16749 16761.6 16774.1 16781.6 16786.4 16791.2 16784.7 16773.9 16763.1 16727 16684.5 16641.9 16592.8 16542.7 16492.5 16400.6 16305.5 16210.3 16177.9 16145.9 16114.2 16086.6 16059 15923.8 15035.9 14148 13310.8 12688.3 12065.7 11549.8 11343 11136.2 10919.1 10680.1 10441.1 10238.1 10092 9945.88 9821.12 9722.13 9623.13 9539.19 9469.19 9399.19 9332.07 9267.01 9201.95 9092.15 8958.32 8824.48 8645.58 8448.82 8252.06 7646.68 6927.34 6208 5990.19
15303.4 15538.4 15843.6 16148.7 16346.3 16421.8 16497.2 16563.2 16620.9 16678.7 16710 16723.8 16737.5 16746.3 16752.5 16758.7 16752.7 16742.1 16731.5 16695.9 16653.8 16611.8 16563.4 16514.1 16464.7 16379.1 16290.8 16202.4 16171.4 16140.8 16110.3 16082.4 16054.4 15923.1 15068.8 14214.6 13407.6 12800.9 12194.2 11680.1 11434.2 11188.3 10946.1 10711.8 10477.6 10277.2 10130.2 9983.28 9858.15 9759.3 9660.45 9574.16 9499.5 9424.83 9351.39 9278.8 9206.21 9087.21 8943.26 8799.32 8613.71 8411.6 8209.48 7605.25 6888.88 6172.51 5955.59
15165.5 15392.9 15685.1 15977.2 16173.4 16260.4 16347.5 16422.1 16485.9 16549.6 16585.6 16603.1 16620.6 16633.6 16644.3 16655 16650.5 16640.5 16630.5 16596.3 16556 16515.7 16469.7 16422.8 16375.9 16310.6 16243.9 16177.1 16150.7 16124.5 16098.1 16069 16039.8 15920.9 15173.9 14426.9 13716.4 13160.4 12604.4 12095.9 11725.2 11354.4 11032.5 10813.2 10593.9 10401.6 10252.1 10102.6 9976.28 9877.89 9779.5 9685.72 9596.19 9506.66 9413 9316.41 9219.81 9071.44 8895.24 8719.05 8512.05 8292.84 8073.63 7473.08 6766.19 6059.29 5845.19
