data/map/cvmhlowres2.asc
ncols         217
nrows         146
xllcorner     6.39591e+006
yllcorner     1.68973e+006
cellsize      1135.85
NODATA_value  -99999
[rows 0 to 29 of 146, columns 0 to 66 of 217]
-99999 -779.736 -272.155 215.464 604.803 856.9 960.009 918.3 738.36 414.621 -84.0999 -817.914 -294.572 76.6299 292.802 342.387 177.405 -322.561 -52.368 356.483 678.807 942.09 1166.32 1340.98 1467.5 1555.49 1615.73 1656.5 1682.23 1694.99 1696.6 1690.22 1679.23 1665.81 1649.88 1629.96 1605.24 1581.97 1595.66 -99999 -99999 -99999 -99999 -99999 -99999 -99999 -99999 -99999 -99999 -99999 -99999 -99999 -99999 -99999 -99999 -99999 -99999 -99999 -99999 -99999 -99999 -99999 -99999 -99999 -99999 -99999 -99999
-1448.36 -953.01 -252.211 313.712 742 1005.83 1104.76 1056.47 882.103 589.561 150.968 -547.721 -142.432 231.658 459.387 556.951 512.386 341.522 262.857 442.985 737.779 981.01 1215.68 1388.8 1505.61 1582.77 1634.63 1670.93 1694.56 1705.49 1703.97 1694.21 1681.12 1667.86 1653.47 1634.47 1603.59 1544.9 1363.38 1738.47 2113.56 2550.3 3130.54 3710.79 4095.86 4143.13 4190.4 4263.04 4369.04 4475.04 5160.23 6430.21 7700.19 8264 8280.34 8296.68 8283.82 8253.73 8223.64 8214.52 8214.61 8214.7 8218.24 8222.87 8227.5 8186.4 8135.67
-280.117 -126.473 -97.4001 549.572 1043.62 1319.62 1396.7 1320.66 1143.97 910.517 646.116 404.604 473.595 533.049 756.14 913.651 973.67 913.413 838.433 838.701 848.274 1028.4 1326.41 1492.69 1583.03 1634.92 1668.62 1697.48 1719.04 1727.88 1719.01 1701.02 1682.72 1670.6 1661.35 1650.62 1629.61 1630.58 1934.13 2337.62 2741.11 3403.21 4667.27 5931.34 6698.32 6604.99 6511.66 6425.46 6348.63 6271.8 6589.4 7305.22 8021.05 8312.17 8274.02 8235.88 8181.73 8118.13 8054.53 8037.53 8041.01 8044.5 8019.32 7985.12 7950.91 7863.62 7765.15
734.468 824.625 897.946 938.338 1563.26 1832.28 1841.69 1685.46 1462.57 1262.38 1118.35 1046.41 1099.15 1162.49 1118.47 1367.84 1555.22 1500.02 1338.76 1225.11 1148.56 1163.5 1568.79 1672.32 1698.66 1704.94 1707.09 1730.95 1755.81 1767.57 1742.75 1707.76 1677.78 1670.19 1670.45 1676.89 1633.57 2069.72 2504.88 2936.77 3368.66 4256.11 6204 8151.89 9300.79 9066.86 8832.92 8587.88 8328.22 8068.57 8018.57 8180.24 8341.91 8360.33 8267.71 8175.08 8079.63 7982.53 7885.42 7860.55 7867.42 7874.29 7820.4 7747.36 7674.32 7540.83 7394.62
1658.9 1792.56 1926.22 2003.88 2438.79 2604.53 2452.32 2116.87 1758.45 1558.06 1518.48 1563.51 1714.09 1899.29 2008.08 1884.01 2379.37 2192.68 1791.46 1574.41 1357.36 1483.65 1675.02 1929.04 1834.22 1778.94 1723.66 1763.2 1805.46 1843.6 1776.44 1709.28 1650.25 1661.76 1673.27 1752.83 2166.75 2580.67 3117.35 4054.13 4990.9 6117.39 7685.46 9253.53 10133.3 9821.81 9510.33 9192.39 8865.97 8539.56 8350.71 8300.75 8250.79 8142.34 7988.55 7834.75 7699.51 7575.21 7450.91 7431.98 7459.35 7486.73 7454.31 7403.04 7351.77 7273.06 7188.58
2834.56 3124.68 3414.8 3577.89 3583.5 3589.12 3246.18 2571.23 1896.29 1692.9 1833.99 1975.08 2294.43 2712.5 3130.58 3287.66 3337.75 3099.88 3086.29 2682.61 2278.93 2478.16 2791.67 3105.19 3036.8 2928.95 2821.09 2793.57 2768.35 2738.05 2577.74 2417.43 2278.11 2320.78 2363.46 2454.77 2785.07 3115.36 3743.63 5342.94 6942.25 8312.29 9148.63 9984.97 10380.2 10012 9643.85 9281.46 8926.68 8571.9 8319.88 8171.63 8023.37 7836.29 7619.12 7401.95 7227.4 7077.99 6928.58 6920.16 6973.7 7027.25 7032.9 7023.46 7014.02 7023.5 7036.96
4010.22 4456.79 4903.37 5151.9 5154.9 5157.89 4618.1 3561.31 2504.51 2201.83 2450.04 2698.26 3190.72 3818.45 4446.19 4679.43 4750.94 4822.46 4381.11 3790.81 3200.51 3472.66 3908.32 4343.98 4239.38 4078.95 3918.52 3823.94 3731.25 3632.49 3379.04 3125.58 2905.97 2979.8 3053.64 3156.71 3403.39 3650.06 4369.91 6631.76 8893.6 10507.2 10611.8 10716.4 10627.1 10202.3 9777.38 9370.53 8987.38 8604.24 8289.06 8042.5 7795.94 7530.24 7249.69 6969.14 6755.29 6580.77 6406.26 6408.35 6488.06 6567.77 6611.49 6643.88 6676.26 6773.93 6885.34
4760.75 5182.43 5604.12 5854.18 5891.44 5928.71 5507.2 4648.69 3790.19 3488.13 3592.56 3697 4018.7 4460.72 4902.75 5034.49 5039.02 5043.56 4696.81 4248.04 3799.27 4148.33 4648.64 5148.95 5552.01 5945.01 6338.01 6352.88 6356.87 6354.49 6189.75 6025.01 5880.1 5907.1 5934.09 5988.71 6179.05 6369.38 6912.96 8607.69 10302.4 11455 11345.6 11236.3 11005.5 10564.4 10123.4 9707.67 9325.31 8942.95 8535.5 8102.73 7669.96 7301.94 6984.12 6666.31 6460.02 6319.51 6179 6203.03 6299.37 6395.72 6453.41 6498.91 6544.42 6662.91 6796.77
5416.09 5772.29 6128.49 6361.28 6441.08 6520.88 6288.2 5757.87 5227.55 4948.48 4852.96 4757.44 4831.38 4999.18 5166.99 5157.45 5075.2 4992.96 4793.29 4559.52 4325.75 4752.61 5304.7 5856.79 6889.26 7971.38 9053.5 9217.34 9354.75 9485.64 9450.34 9415.04 9379.53 9342.22 9304.91 9297.6 9437.71 9577.82 9885.15 10737.5 11589.8 12123.6 11916.2 11708.8 11413.2 10965.1 10516.9 10100.4 9725.3 9350.25 8844.02 8205.35 7566.68 7091.05 6741.81 6392.58 6204.34 6111.07 6017.79 6066.32 6177.18 6288.03 6354.28 6406.48 6458.67 6582.91 6722.31
6071.44 6362.15 6652.86 6868.39 6990.72 7113.05 7069.2 6867.05 6664.9 6408.82 6113.35 5817.87 5644.06 5537.64 5431.22 5280.4 5111.39 4942.36 4889.78 4871.01 4852.24 5356.89 5960.76 6564.64 8226.52 9997.75 11769 12081.8 12352.6 12616.8 12710.9 12805.1 12879 12777.3 12675.7 12606.5 12696.4 12786.3 12857.3 12867.2 12877.1 12792.2 12486.7 12181.3 11821 11365.7 10910.5 10493 10125.3 9757.54 9152.53 8307.97 7463.41 6880.16 6499.5 6118.84 5948.66 5902.63 5856.59 5929.62 6054.98 6180.34 6255.15 6314.04 6372.93 6502.91 6647.85
6177.47 6452.5 6727.54 6940.5 7076.51 7212.52 7228.33 7129.65 7030.97 6834.48 6566.52 6298.57 6108.19 5960.79 5813.38 5688.94 5573.92 5458.9 5867.42 6428 6988.58 7534.94 8078.61 8622.28 9919.65 11294.9 12670.2 12949.5 13197.2 13438.9 13526.2 13613.5 13683.8 13607.5 13531.2 13471.4 13492.6 13513.7 13503.9 13393 13282.2 13116.2 12822.2 12528.1 12193.3 11788.1 11382.9 11004.7 10662 10319.2 9712.91 8840.42 7967.93 7361.93 6962.51 6563.1 6325.12 6182.37 6039.62 6014.48 6041.03 6067.58 6132.6 6209.73 6286.87 6411.78 6546.75
6210.54 6476.51 6742.48 6954.83 7100.69 7246.55 7304.87 7279.8 7254.74 7122.68 6912.47 6702.25 6526.02 6368.62 6211.21 6135.42 6093.09 6050.76 6962.12 8150.44 9338.77 9922.06 10390.6 10859.2 11660.1 12495.2 13330.4 13551.9 13755.8 13954.3 14016.6 14078.9 14130.8 14091.7 14052.6 14011.6 13961.7 13911.7 13841.6 13705.8 13570 13394.5 13126.4 12858.3 12561 12213.4 11865.8 11532.1 11216.8 10901.5 10306.8 9429.97 8553.2 7935.7 7519.21 7102.72 6785.55 6526.97 6268.38 6128.78 6041.47 5954.15 6006.93 6103.85 6200.77 6319.18 6442.11
6243.6 6500.51 6757.43 6969.15 7124.86 7280.58 7381.4 7429.96 7478.51 7410.89 7258.42 7105.94 6943.85 6776.44 6609.03 6581.9 6612.26 6642.62 8056.81 9872.88 11689 12309.2 12702.7 13096.2 13400.5 13695.5 13990.6 14154.3 14314.3 14469.7 14507 14544.4 14577.7 14575.8 14573.9 14551.9 14430.7 14309.6 14179.2 14018.6 13857.9 13672.8 13430.6 13188.4 12928.7 12638.7 12348.6 12059.5 11771.6 11483.7 10900.6 10019.5 9138.46 8509.47 8075.91 7642.35 7245.99 6871.57 6497.14 6243.08 6041.9 5840.73 5881.26 5997.96 6114.67 6226.57 6337.47
6106.61 6758.28 7409.95 7899.87 8189.25 8478.64 8712.82 8894.43 9076.04 9090.69 8983.36 8876.02 8745.84 8603.01 8460.18 8448.29 8490.09 8531.89 9565.68 10887.6 12209.5 12740.7 13122 13503.4 13691.4 13859.4 14027.4 14185.4 14343.1 14496.2 14532.3 14568.4 14600.7 14600.8 14600.8 14579.7 14454.9 14330.1 14196.6 14034.7 13872.8 13687.1 13446.3 13205.4 12947.6 12660.6 12373.5 12086.7 11800.2 11513.7 10931.2 10049.9 9168.65 8539.07 8104.62 7670.18 7269.73 6889.34 6508.94 6248.97 6041.92 5834.88 5874.78 5992.5 6110.23 6221.8 6332.07
5960.38 7028.76 8097.15 8880.42 9310.21 9739.99 10112.5 10430.4 10748.3 10846.2 10783.3 10720.4 10623.1 10506.7 10390.3 10391.9 10441.8 10491.7 11097.1 11863.8 12630.5 13065.9 13438.5 13811.1 13903.5 13966.9 14030.3 14185.4 14343.1 14496.2 14532.3 14568.4 14600.7 14600.8 14600.8 14579.7 14454.9 14330.1 14196.6 14034.7 13872.8 13687.1 13446.3 13205.4 12947.6 12660.6 12373.5 12086.7 11800.2 11513.7 10931.2 10049.9 9168.65 8539.07 8104.62 7670.18 7269.73 6889.34 6508.94 6248.97 6041.92 5834.88 5874.78 5992.5 6110.23 6221.8 6332.07
5816.2 7295.43 8774.65 9847.14 10415.4 10983.6 11492.4 11944.7 12396.9 12576.9 12557.8 12538.8 12473.9 12383.6 12293.3 12308.1 12366 12423.9 12606.9 12826.2 13045.5 13386.5 13750.5 14114.5 14113.4 14074.6 14035.8 14187.6 14344.8 14497.5 14533.5 14569.5 14601.7 14601.4 14601.1 14579.7 14455 14330.2 14196.9 14035.5 13874.2 13689.2 13449.1 13209 12952.1 12666 12379.9 12093.9 11808.1 11522.2 10940.4 10059.8 9179.19 8550.05 8115.86 7681.66 7280.96 6900.02 6519.07 6258.64 6051.17 5843.7 5883.07 6000.22 6117.37 6229.91 6341.48
5816.2 7295.43 8774.65 9847.14 10415.4 10983.6 11492.4 11944.7 12396.9 12576.9 12557.8 12538.8 12473.9 12383.6 12293.3 12308.1 12366 12423.9 12606.9 12826.2 13045.5 13386.5 13750.5 14114.5 14171.1 14195.9 14220.7 14341.5 14465 14585 14616.1 14647.2 14672.4 14645.6 14618.9 14576.4 14456.8 14337.1 14216.9 14095.3 13973.7 13833.4 13649.9 13466.3 13270.3 13052.5 12834.7 12607.3 12367.1 12126.8 11592 10759.6 9927.26 9329.16 8912.67 8496.18 8077.52 7657.57 7237.62 6944.44 6706.97 6469.5 6470.93 6547.64 6624.35 6805.51 7008.66
5816.2 7295.43 8774.65 9847.14 10415.4 10983.6 11492.4 11944.7 12396.9 12576.9 12557.8 12538.8 12473.9 12383.6 12293.3 12308.1 12366 12423.9 12606.9 12826.2 13045.5 13386.5 13750.5 14114.5 14228.7 14317.2 14405.6 14495.4 14585.1 14672.5 14698.7 14725 14743 14689.9 14636.7 14573.2 14458.6 14343.9 14237 14155 14073.1 13977.7 13850.6 13723.6 13588.4 13439 13289.5 13120.6 12926 12731.5 12243.6 11459.4 10675.3 10108.3 9709.49 9310.7 8874.07 8415.12 7956.17 7630.24 7362.77 7095.3 7058.79 7095.05 7131.32 7381.11 7675.85
5796.64 7267.92 8739.2 9810.44 10385.7 10961 11477.1 11937 12396.8 12581 12563.8 12546.7 12481.4 12389.6 12297.7 12311.6 12368.8 12426 12611.7 12834.6 13057.5 13395.4 13755 14114.6 14277.3 14419.8 14562.2 14619.8 14675 14728.9 14749.6 14770.4 14781.3 14706.9 14632.6 14552.8 14446.5 14340.3 14249.3 14208.1 14166.9 14117 14046.6 13976.3 13902.1 13821.2 13740.3 13631 13484.3 13337.6 12899.3 12166.5 11433.7 10899.2 10518.5 10137.8 9686.07 9192.43 8698.79 8343.8 8049.75 7755.7 7685.71 7686.32 7686.93 8002.47 8384.31
5551.39 6923.12 8294.85 9350.51 10014.3 10678.1 11285.9 11840.5 12395.1 12632.9 12639.1 12645.3 12575.8 12464.4 12353 12355.1 12403.9 12452.6 12671.4 12939.7 13207.9 13506.7 13811.3 14115.8 14221.5 14306.7 14391.8 14404.6 14415.2 14425.8 14434.2 14442.6 14446.4 14410.5 14374.6 14334.7 14275.2 14215.6 14172.7 14184 14195.3 14199.6 14187.7 14175.8 14164.5 14154.5 14144.6 14107.4 14034.4 13961.4 13603.1 12956.7 12310.2 11826.2 11468.2 11110.1 10676.2 10197.6 9719.04 9377.58 9096.4 8815.21 8763.18 8783.36 8803.54 9151.66 9568.83
5306.15 6578.32 7850.5 8890.57 9642.87 10395.2 11094.8 11744.1 12393.5 12684.7 12714.4 12744 12670.3 12539.3 12408.2 12398.7 12439 12479.2 12731.2 13044.8 13358.3 13618 13867.5 14117.1 14165.7 14193.6 14221.5 14189.3 14155.4 14122.6 14118.7 14114.8 14111.5 14114.1 14116.6 14116.6 14103.8 14091 14096.2 14160 14223.7 14282.3 14328.8 14375.2 14427 14487.9 14548.8 14583.7 14584.5 14585.2 14306.9 13746.9 13186.8 12753.3 12417.9 12082.4 11666.4 11202.9 10739.3 10411.4 10143 9874.71 9840.64 9880.39 9920.14 10300.9 10753.4
5120.92 6275.28 7429.63 8432.18 9246.52 10060.9 10825.3 11542.3 12259.3 12598.6 12662 12725.4 12656.8 12515.3 12373.7 12356 12389.2 12422.4 12705.5 13061.3 13417.1 13629.4 13814.6 13999.7 14007.4 13996.7 13986.1 13925.8 13864.1 13804.3 13794.2 13784.2 13779.1 13817 13854.9 13891.5 13921.6 13951.7 14000.1 14108.4 14216.7 14321.1 14416.4 14511.7 14620.9 14754.2 14887.5 14996.2 15072.7 15149.3 14963.4 14512.7 14062 13693.4 13388.6 13083.7 12696.1 12259.6 11823.1 11518.1 11270.9 11023.8 11005.9 11060.3 11114.7 11506.3 11968.8
5288.3 6217.51 7146.73 7982.91 8703.73 9424.56 10096.4 10721.7 11347 11702 11859.7 12017.3 12009.7 11910.5 11811.4 11806.8 11840.9 11875.1 12177.5 12557.9 12938.3 13054.1 13119.7 13185.3 13246.7 13307.6 13368.5 13378.7 13387.4 13396.5 13417 13437.5 13461.5 13516.2 13570.9 13624.9 13675.4 13725.8 13789.3 13895.4 14001.5 14102.1 14189.9 14277.6 14411.8 14626.1 14840.5 15033.3 15197.9 15362.4 15342.2 15135.5 14928.8 14710.4 14482.8 14255.2 13957.6 13618.8 13279.9 13053.4 12876.2 12699 12686.9 12727 12767 13041.9 13366.2
5455.67 6159.75 6863.82 7533.63 8160.94 8788.25 9367.54 9901.09 10434.6 10805.5 11057.4 11309.3 11362.6 11305.8 11249.1 11257.5 11292.6 11327.8 11649.5 12054.5 12459.5 12478.8 12424.9 12371 12486 12618.5 12750.9 12831.5 12910.7 12988.7 13039.7 13090.7 13143.9 13215.4 13287 13358.4 13429.2 13499.9 13578.5 13682.4 13786.3 13883.1 13963.4 14043.6 14202.7 14498.1 14793.6 15070.5 15323 15575.6 15721 15758.3 15795.7 15727.3 15576.9 15426.6 15219.1 14978 14736.8 14588.6 14481.4 14374.2 14368 14393.7 14419.4 14577.5 14763.5
5605.66 6116.16 6626.65 7143.79 7669.14 8194.5 8676.37 9116.81 9557.26 9924.57 10238.5 10552.3 10656.9 10645.4 10634 10659.4 10699.8 10740.3 11048.7 11434.8 11821 11796.2 11693.5 11590.7 11770.6 11979.6 12188.6 12341 12491.9 12639.6 12709.2 12778.8 12849.9 12934.5 13019 13103.4 13186.9 13270.4 13359.8 13468.5 13577.3 13680.2 13769.5 13858.9 14039.6 14378.3 14717.1 15067.6 15433.7 15799.8 16106.9 16354.5 16602.1 16670.1 16598.9 16527.7 16401.2 16242 16082.9 15996.3 15941.7 15887.1 15878.6 15884.6 15890.7 15975.3 16076.6
5690.71 6125.54 6560.38 6976.02 7367.88 7759.74 8126.14 8468.29 8810.45 9102.29 9357.38 9612.47 9732.2 9776.96 9821.73 9878.68 9940.63 10002.6 10175.5 10380.7 10585.9 10713.1 10825.5 10937.9 11224.2 11528.4 11832.7 12062.1 12289.4 12509.8 12553.2 12596.6 12644.2 12727.6 12811 12891.7 12959.4 13027 13111.6 13251.5 13391.4 13537.4 13697.9 13858.3 14048.2 14289.2 14530.1 14915.3 15490.4 16065.4 16519.3 16851 17182.7 17336 17351 17366 17286.3 17150.7 17015.1 16927.3 16860.5 16793.7 16752.3 16718.8 16685.3 16858.4 17074.9
5775.77 6134.93 6494.1 6808.26 7066.62 7324.98 7575.92 7819.78 8063.64 8280.01 8476.3 8672.59 8807.54 8908.51 9009.48 9098.01 9181.44 9264.86 9302.39 9326.58 9350.77 9629.95 9957.48 10285 10677.8 11077.3 11476.8 11783.2 12087 12380 12397.2 12414.5 12438.4 12520.7 12602.9 12680 12731.9 12783.7 12863.5 13034.4 13205.4 13394.6 13626.2 13857.8 14056.9 14200.1 14343.2 14763.1 15547 16331 16931.7 17347.5 17763.3 18001.9 18103.1 18204.4 18171.4 18059.4 17947.3 17858.2 17779.3 17700.4 17626 17553 17480 17741.4 18073.2
5827.55 6109.92 6392.28 6615.77 6766.26 6916.75 7068.43 7221.26 7374.08 7519.21 7658.71 7798.21 7932.95 8065.06 8197.17 8309.12 8412.8 8516.49 8478.22 8398.72 8319.23 8690.59 9147.42 9604.26 10086.2 10570.6 11055.1 11441.3 11824.6 12194 12210.2 12226.4 12248.6 12323.5 12398.4 12468.2 12513.2 12558.3 12640.7 12844.7 13048.8 13277.4 13563.4 13849.4 14058.4 14134.3 14210.1 14645.2 15552.8 16460.5 17168.4 17674.7 18181 18530.4 18758.2 18986 19037.2 18984.2 18931.2 18882.1 18834.7 18787.3 18718.6 18643.1 18567.6 18865.5 19242.2
5792.43 5995.03 6197.63 6358.69 6468.25 6577.8 6672.6 6753.35 6834.1 6919.01 7006.96 7094.91 7189.17 7286.93 7384.69 7498.75 7619.5 7740.24 7781.98 7800.76 7819.54 8126.8 8488.74 8850.69 9376.39 9919.02 10461.7 10934.5 11405.3 11861.3 11942 12022.6 12100.2 12151.5 12202.9 12256 12317.9 12379.8 12484 12726.3 12968.5 13227.1 13523.8 13820.6 14041 14129.4 14217.8 14617.3 15425.8 16234.4 16946 17559.7 18173.4 18700.3 19160 19619.6 19852.3 19951.2 20050.1 20148.6 20246.8 20345.1 20382.8 20401.5 20420.2 20619.6 20857.1
5757.31 5880.15 6002.99 6101.62 6170.24 6238.86 6276.77 6285.45 6294.12 6318.81 6355.21 6391.61 6445.39 6508.8 6572.21 6688.38 6826.19 6964 7085.73 7202.79 7319.85 7563 7830.06 8097.12 8666.63 9267.41 9868.18 10427.7 10986 11528.7 11673.8 11818.8 11951.8 11979.6 12007.4 12043.8 12122.5 12201.2 12327.3 12607.8 12888.3 13176.8 13484.3 13791.7 14023.6 14124.6 14225.5 14589.3 15298.8 16008.4 16723.6 17444.7 18165.8 18870.2 19561.7 20253.2 20667.5 20918.3 21169.1 21415.1 21659 21902.9 22047.1 22160 22272.8 22373.7 22472
