data/map/cvmhlowres2.asc
ncols         217
nrows         146
xllcorner     6.39591e+006
yllcorner     1.68973e+006
cellsize      1135.85
NODATA_value  -99999
[rows 0 to 29 of 146, columns 67 to 133 of 217]
-99999 -99999 -99999 -99999 -99999 -99999 -99999 -99999 -99999 -99999 -99999 -99999 -99999 -99999 -99999 -99999 -99999 -99999 -99999 -99999 -99999 -99999 -99999 -99999 -99999 -99999 -99999 -99999 -99999 -99999 -99999 -99999 -99999 -99999 -99999 -99999 -99999 -99999 -99999 -99999 -99999 -99999 -99999 -99999 -99999 -99999 -99999 -99999 -99999 -99999 -99999 -99999 -99999 -99999 -99999 -99999 -99999 -99999 -99999 -99999 -99999 -99999 -99999 -99999 -99999 -99999 -99999
8084.95 7903.16 7705.46 7507.77 7179.22 6844.85 6512.91 6282.87 6052.82 5821.32 5574.83 5328.35 5021.34 4383.34 3745.34 3257.92 3303.53 3349.14 3431.16 3604.08 3777 3942.23 4093.29 4244.35 4347.91 4385.16 4422.41 4437.32 4428.31 4419.31 4426.53 4447.09 4467.66 4513.56 4575.37 4637.17 4693.25 4746.63 4800.01 4773.4 4719.52 4665.65 4605.63 4544.17 4482.72 4770.74 5107.66 5444.58 5641.08 5829.09 6016.53 6140.02 6263.51 6402.4 6733.26 7064.11 7411.16 7857.66 8304.16 8710.53 8961.88 9213.23 9441.29 9606.84 9772.39 9938.65 10106.3
7666.67 7626.97 7594.39 7561.82 7490.22 7416.89 7340.9 7152.75 6964.61 6755.37 6329.9 5904.44 5448.53 4826.1 4203.67 3703.57 3636.49 3569.4 3570.59 3742.23 3913.88 4061.14 4163.47 4265.8 4334.1 4354.92 4375.73 4363.7 4316.51 4269.33 4258.73 4278.23 4297.72 4371.13 4478.38 4585.62 4668.96 4741.07 4813.17 4779.73 4710.31 4640.9 4561.83 4480.52 4399.22 4563.96 4763.14 4962.31 5220.4 5482.05 5742.34 5846.87 5951.41 6071.56 6386.29 6701.03 7046.85 7583.69 8120.52 8602.42 8872.1 9141.78 9395.06 9604.26 9813.46 10014.8 10200.5
7248.4 7350.78 7483.32 7615.87 7801.23 7988.93 8168.89 8022.64 7876.39 7689.42 7084.97 6480.53 5875.72 5268.86 4662.01 4149.23 3969.45 3789.67 3710.02 3880.38 4050.75 4180.05 4233.65 4287.25 4320.3 4324.68 4329.05 4290.08 4204.71 4119.35 4090.94 4109.36 4127.78 4228.7 4381.39 4534.07 4644.68 4735.51 4826.34 4786.06 4701.1 4616.14 4518.04 4416.88 4315.72 4357.19 4418.61 4480.04 4799.71 5135 5468.14 5553.73 5639.31 5740.72 6039.33 6337.94 6682.55 7309.72 7936.88 8494.3 8782.32 9070.34 9348.82 9601.68 9854.54 10090.8 10294.6
7104.09 7257.52 7439.83 7622.14 7895.94 8173.81 8444.09 8394.45 8344.82 8258.96 7801.71 7344.47 6864.17 6257.71 5651.24 5140.92 4970.92 4800.91 4651.43 4553.19 4454.95 4398.08 4417.45 4436.82 4471.52 4527.61 4583.71 4563.4 4461.31 4359.23 4315.11 4318.65 4322.19 4399.22 4522.36 4645.51 4726.96 4788.8 4850.64 4810.23 4734.98 4659.74 4550.81 4434.06 4317.31 4301.31 4299.39 4297.48 4547.64 4813.05 5077.3 5208.33 5339.37 5477.14 5698.88 5920.62 6211.31 6925.54 7639.78 8270.94 8581.28 8891.62 9198.67 9496.87 9795.06 10075.9 10322.7
7050.42 7224.8 7418.7 7612.6 7919.1 8230.59 8536.38 8601.47 8666.56 8707.9 8505.77 8303.65 8038.32 7427.22 6816.13 6313.28 6193.57 6073.86 5858.19 5402.9 4947.61 4648.89 4638.84 4628.79 4677.34 4807.7 4938.06 4951.5 4839.8 4728.11 4668.97 4653.05 4637.14 4673.28 4742.08 4810.88 4844.49 4861.56 4878.62 4840.31 4783.13 4725.94 4608.91 4477.99 4347.06 4295.35 4254.72 4214.09 4351.36 4499.4 4647.87 4845.66 5043.46 5235.82 5360.59 5485.35 5704.68 6504.9 7305.13 8009.46 8343.44 8677.42 9014.14 9358.23 9702.32 10030.9 10328.8
6996.75 7192.07 7397.56 7603.06 7942.25 8287.38 8628.68 8808.49 8988.3 9156.84 9209.83 9262.83 9212.46 8596.74 7981.02 7485.64 7416.22 7346.82 7064.95 6252.6 5440.26 4899.7 4860.23 4820.75 4883.16 5087.79 5292.42 5339.6 5218.29 5096.98 5022.83 4987.46 4952.09 4947.33 4961.79 4976.25 4962.02 4934.31 4906.6 4870.39 4831.27 4792.15 4667.02 4521.91 4376.81 4289.39 4210.05 4130.7 4155.09 4185.75 4218.43 4482.99 4747.54 4994.5 5022.29 5050.09 5198.05 6084.26 6970.47 7747.97 8105.59 8463.21 8829.61 9219.6 9609.59 9985.82 10335
6930.63 7169.46 7421.03 7672.6 8067.47 8468.71 8865.16 9060.19 9255.21 9441.7 9540.64 9639.58 9653.22 9200.31 8747.4 8350.56 8152.17 7953.78 7622.38 6958.89 6295.4 5856.24 5830.64 5805.05 5831.58 5930.88 6030.17 6069.54 6044.78 6020.01 5971.98 5904.8 5837.62 5653.47 5395.93 5138.4 5021.18 4969.95 4918.72 4922.82 4945.77 4968.72 4844.85 4686.89 4528.93 4406.37 4288.77 4171.17 4146.85 4128.17 4117.82 5063.69 6009.57 6841.43 6253.01 5664.58 5272.25 6084.51 6896.77 7619.97 7999.19 8378.4 8760.53 9150.48 9540.43 9919.31 10276.4
6861.71 7149.12 7454.49 7759.85 8215.55 8677.92 9133.93 9321.89 9509.85 9689.82 9787.87 9885.93 9929.78 9677.17 9424.57 9146.65 8779.14 8411.63 8034.44 7633.07 7231.7 6970.78 6968.76 6966.75 6946.27 6900.01 6853.76 6876.01 6971.56 7067.12 7054.4 6952.65 6850.9 6456.35 5878.09 5299.82 5067.27 4997.28 4927.29 4980.26 5075.13 5169.99 5049.48 4878.96 4708.45 4550.88 4395.12 4239.37 4180.7 4127.91 4090.83 5855.61 7620.4 9155.89 7835 6514.11 5476.49 6178.99 6881.5 7521.86 7922.21 8322.57 8717.3 9096.93 9476.56 9847.99 10203.3
6792.8 7128.78 7487.94 7847.1 8363.62 8887.13 9402.7 9583.59 9764.49 9937.94 10035.1 10132.3 10206.3 10154 10101.7 9942.75 9406.12 8869.49 8446.5 8307.25 8168.01 8085.31 8106.88 8128.44 8060.96 7869.15 7677.35 7682.48 7898.35 8114.22 8136.82 8000.5 7864.18 7259.23 6360.24 5461.25 5113.35 5024.61 4935.86 5037.7 5204.48 5371.27 5254.12 5071.04 4887.96 4695.38 4501.48 4307.57 4214.56 4127.66 4063.83 6647.53 9231.24 11470.3 9416.99 7363.63 5680.72 6273.47 6866.22 7423.75 7845.24 8266.74 8674.07 9043.38 9412.68 9776.66 10130.2
6681.72 7111.87 7577.83 8043.79 8633.55 9228.8 9814.5 9997.37 10180.2 10353.7 10431.2 10508.6 10567.9 10528 10488.1 10371.6 9984.24 9596.86 9295.96 9210.99 9126.01 9070.41 9068.96 9067.52 9006.02 8860.67 8715.33 8729.63 8914.76 9099.89 9156.98 9108.77 9060.56 8710.54 8171.13 7631.73 7407.42 7331.27 7255.12 7276.36 7330.77 7385.19 7173.59 6900.21 6626.84 6464.02 6316.67 6169.31 6091.56 6018.02 5961.64 7874.32 9787.01 11414.3 9486.02 7557.77 5969.46 6469.41 6969.35 7447.35 7840.57 8233.79 8624.7 9009.43 9394.16 9768.3 10121.6
6565.05 7095.41 7675.21 8255.02 8919.66 9588.07 10245.3 10431.4 10617.4 10791.8 10847 10902.2 10940.8 10888.3 10835.8 10751.7 10555.9 10360 10203.5 10145.2 10086.9 10038.3 10007.7 9977.03 9928.55 9855.17 9781.79 9808.74 9943.07 10077.4 10168.9 10225.1 10281.3 10248 10158.5 10069.1 10000.1 9940.71 9881.33 9804.76 9722.33 9639.9 9320.85 8946.85 8572.86 8448.4 8358.85 8269.31 8213.4 8159.52 8115.13 9158.88 10202.6 11043.3 9354.07 7664.84 6269.42 6678.82 7088.22 7487.12 7845.5 8203.87 8574.51 8978.09 9381.67 9768.3 10121.6
6448.37 7078.95 7772.6 8466.25 9205.78 9947.34 10676.1 10865.3 11054.6 11229.9 11262.9 11295.9 11313.7 11248.6 11183.5 11131.8 11127.5 11123.2 11111.1 11079.4 11047.8 11006.2 10946.4 10886.5 10851.1 10849.7 10848.2 10887.9 10971.4 11054.9 11180.7 11341.4 11502 11785.4 12145.9 12506.4 12592.8 12550.1 12507.5 12333.2 12113.9 11894.6 11468.1 10993.5 10518.9 10432.8 10401 10369.3 10335.2 10301 10268.6 10443.4 10618.3 10672.3 9222.12 7771.92 6569.38 6888.23 7207.08 7526.89 7850.43 8173.96 8524.33 8946.75 9369.17 9768.3 10121.6
6442.35 7078.1 7777.62 8477.14 9220.53 9965.87 10698.3 10887.7 11077.1 11252.5 11284.3 11316.2 11332.9 11267.2 11201.4 11151.4 11157 11162.6 11157.9 11127.6 11097.3 11056.1 10994.8 10933.4 10898.7 10901 10903.2 10943.5 11024.4 11105.3 11232.9 11398.9 11564.9 11864.7 12248.4 12632.1 12726.5 12684.7 12643 12463.5 12237.2 12010.9 11578.8 11099 10619.2 10535.1 10506.4 10477.6 10444.7 10411.5 10379.7 10509.7 10639.7 10653.2 9215.31 7777.44 6584.85 6899.03 7213.21 7528.94 7850.68 8172.42 8515.45 8915.66 9315.87 9678.3 9966.41
6442.35 7078.1 7777.62 8477.14 9220.53 9965.87 10698.3 10887.7 11077.1 11252.5 11284.3 11316.2 11332.9 11267.2 11201.4 11151.4 11157 11162.6 11157.9 11127.6 11097.3 11056.1 10994.8 10933.4 10898.7 10901 10903.2 10943.5 11024.4 11105.3 11232.9 11398.9 11564.9 11864.7 12248.4 12632.1 12726.5 12684.7 12643 12463.5 12237.2 12010.9 11578.8 11099 10619.2 10535.1 10506.4 10477.6 10444.7 10411.5 10379.7 10509.7 10639.7 10653.2 9215.32 7777.44 6584.85 6899.03 7213.21 7528.94 7850.68 8172.42 8508.82 8884.58 9260.35 9583.41 9802.77
6453.05 7088.9 7788.38 8487.86 9230.71 9975.48 10707.4 10896.6 11085.7 11260.9 11292.3 11323.6 11339.8 11273 11206.3 11155.4 11160.8 11166.2 11161.6 11131.8 11102.1 11061.3 11000.3 10939.4 10904.9 10907.4 10910 10950.7 11032.1 11113.6 11241.4 11407.3 11573.2 11872.2 12254.7 12637.2 12732.2 12692 12651.8 12473 12246.9 12020.9 11587.3 11105.4 10623.6 10537.8 10507.5 10477.1 10443.3 10409.3 10376.7 10506.6 10636.5 10650.5 9221.09 7791.66 6606.44 6921.43 7236.42 7551.25 7865.46 8179.67 8503.67 8853.92 9204.18 9487.33 9638.47
7211.82 7855.02 8551.63 9248.24 9952.64 10657.4 11349.8 11523.9 11698 11856.4 11854.4 11852.5 11829.3 11689.6 11550 11439.6 11432.8 11426 11423.2 11430.5 11437.7 11430.1 11395 11359.8 11347.6 11367.4 11387.1 11456.9 11580.1 11703.4 11845.3 12002.6 12159.9 12403.1 12700.2 12997.2 13139.3 13208.5 13277.7 13141.5 12935.4 12729.3 12183.8 11559.4 10935 10731.4 10586.8 10442.2 10347.8 10256.5 10167.1 10288.9 10410.7 10461.7 9630.77 8799.84 8137.39 8509.86 8882.33 9133.07 8913.69 8694.32 8602.32 8852.4 9102.47 9308.49 9427.82
7970.59 8621.14 9314.88 10008.6 10674.6 11339.3 11992.3 12151.3 12310.2 12451.9 12416.6 12381.4 12318.7 12106.2 11893.7 11723.8 11704.8 11685.7 11684.8 11729.1 11773.4 11798.8 11789.6 11780.3 11790.3 11827.3 11864.3 11963.1 12128.1 12293.1 12449.2 12597.9 12746.5 12933.9 13145.6 13357.3 13546.4 13725 13903.6 13810.1 13623.9 13437.8 12780.3 12013.3 11246.3 10925.1 10666.1 10407.2 10252.3 10103.8 9957.5 10071.2 10184.9 10272.9 10040.4 9808.02 9668.34 10098.3 10528.2 10714.9 9961.93 9208.96 8700.98 8850.87 9000.77 9129.64 9217.17
8766.15 9421.51 10110.1 10798.6 11417.5 12033.2 12637.9 12780 12922.1 13046 12984.5 12922.9 12828 12550.4 12272.7 12049 12016.1 11983.2 11981.5 12057.5 12133.6 12188.3 12203.7 12219.1 12250.8 12305.3 12359.7 12485.8 12688.3 12890.9 13057.5 13194.5 13331.6 13464.2 13594 13723.9 13951.8 14225.9 14500 14445.6 14279.3 14113 13352.6 12454.2 11555.8 11124.8 10759.1 10393.5 10186.6 9989.34 9794.66 9895.71 9996.75 10113.6 10427.5 10741.3 11078.3 11557.7 12037.1 12162 10917.9 9673.84 8782.32 8837.56 8892.8 8950.03 9011.18
9986 10616.9 11273.7 11930.5 12401.9 12865.1 13320 13425 13529.9 13624.9 13617.9 13611 13565.9 13312.7 13059.5 12847.6 12781.8 12716 12682.4 12729.6 12776.7 12816.5 12842.8 12869.1 12915.7 12990.9 13066 13197.4 13389.3 13581.1 13717.2 13807.4 13897.7 13987.5 14077.1 14166.6 14337.6 14546.9 14756.2 14699.8 14552.7 14405.7 13646.4 12745 11843.6 11395 11009.8 10624.5 10463.9 10316.8 10171.3 10207.2 10243.1 10295.5 10553.2 10810.9 11093.5 11529.4 11965.3 12055.4 10810.1 9564.71 8663.88 8688.25 8712.61 8761.58 8858.94
11205.9 11812.2 12437.3 13062.3 13386.3 13697 14002.1 14069.9 14137.8 14203.8 14251.4 14299 14303.9 14075.1 13846.3 13646.2 13547.4 13448.7 13383.4 13401.6 13419.8 13444.7 13481.9 13519.1 13580.7 13676.5 13772.2 13909.1 14090.2 14271.3 14376.8 14420.3 14463.8 14510.9 14560.1 14609.3 14723.4 14867.9 15012.5 14953.9 14826.1 14698.3 13940.3 13035.8 12131.3 11665.2 11260.4 10855.6 10741.1 10644.2 10547.9 10518.7 10489.4 10477.4 10678.9 10880.4 11108.6 11501.1 11893.5 11948.9 10702.2 9455.58 8545.44 8538.93 8532.43 8573.14 8706.7
12431.4 12996 13572.9 14149.9 14338.9 14510.8 14679.5 14715.1 14750.8 14791.4 14882.9 14974.4 15020.3 14816.5 14612.8 14425.9 14299.2 14172.5 14078.6 14066.7 14054.8 14061.7 14103.4 14145.1 14213.7 14319.7 14425.8 14558.8 14720.7 14882.5 14957.1 14959.9 14962.7 14972.3 14986.3 15000.3 15064 15150.9 15237.9 15178.3 15068.9 14959.4 14220.7 13335.8 12450.9 11980.8 11568.8 11156.9 11080.2 11023.8 10967.3 10884 10800.8 10734.9 10884.8 11034.7 11212.1 11558.4 11904.7 11940.3 10775.9 9611.53 8725.4 8586.53 8447.65 8407.59 8561.92
13690.5 14111.6 14544.5 14977.4 15104.5 15218 15329.6 15361.7 15393.9 15429.7 15502.8 15575.9 15610.6 15435.1 15259.6 15095.1 14969.3 14843.6 14739.8 14690.8 14641.8 14613.1 14621.7 14630.2 14658.6 14714.5 14770.4 14844.2 14937.2 15030.1 15070.8 15068.3 15065.9 15070.3 15079 15087.7 15139 15210.4 15281.8 15228 15131.6 15035.2 14422.4 13689.8 12957.2 12563.4 12217.1 11870.7 11782.7 11710.3 11637.9 11566 11494.1 11436.8 11562 11687.1 11834.5 12118.9 12403.3 12507.6 11916.2 11324.8 10658.4 9790.88 8923.32 8376.59 8460.97
14949.5 15227.2 15516.1 15805 15870 15925.2 15979.7 16008.4 16037 16068 16122.7 16177.4 16200.9 16053.7 15906.5 15764.2 15639.4 15514.7 15401 15314.9 15228.9 15164.5 15139.9 15115.3 15103.4 15109.2 15115 15129.6 15153.7 15177.8 15184.4 15176.8 15169.1 15168.2 15171.6 15175 15214.1 15269.9 15325.8 15277.8 15194.3 15110.9 14624.2 14043.8 13463.5 13146 12865.3 12584.6 12485.1 12396.7 12308.5 12247.9 12187.4 12138.8 12239.1 12339.4 12456.9 12679.4 12902 13075 13056.5 13038.1 12591.5 10995.2 9398.99 8345.59 8360.03
16177.8 16336.2 16501.6 16666.9 16692.9 16712.7 16732.8 16762.7 16792.7 16823.3 16860.6 16898 16908.4 16771 16633.5 16503.2 16398.1 16292.9 16180.1 16048.2 15916.3 15809.8 15750.3 15690.7 15632.9 15577.4 15521.9 15476.8 15442.9 15409 15377.2 15347.2 15317.1 15292.5 15271.2 15250 15274.7 15321.1 15367.5 15330.2 15264.5 15198.8 14835.2 14402.4 13969.7 13724.3 13505 13285.8 13185.5 13092.4 12999.7 12953.9 12908 12871.5 12951.5 13031.6 13123.3 13286.7 13450 13662.6 14065.5 14468.4 14217.6 12211.9 10206.1 8801 8577.59
17291.4 17420.4 17538.8 17657.1 17729.8 17800.4 17870.5 17919.6 17968.6 18015.5 18039.8 18064 18054.1 17857.2 17660.4 17503.3 17487.4 17471.4 17399.8 17189.1 16978.5 16806.2 16704.8 16603.5 16478.2 16319.7 16161.1 16054.6 16003.6 15952.6 15865.6 15749 15632.4 15514.9 15396.9 15278.8 15281.5 15341 15400.6 15392.9 15362.4 15331.9 15080.7 14778.2 14475.8 14286.5 14113.2 13939.8 13878 13822.9 13768.2 13749.4 13730.6 13719 13795.8 13872.5 13954.5 14068.7 14182.8 14326.4 14583.9 14841.4 14697.2 13474.3 12251.4 11073.8 9985.21
18404.9 18504.5 18576 18647.4 18766.7 18888.1 19008.3 19076.5 19144.6 19207.7 19218.9 19230 19199.8 18943.5 18687.2 18503.4 18576.7 18650 18619.5 18330.1 18040.7 17802.6 17659.4 17516.2 17323.6 17062 16800.4 16632.3 16564.3 16496.2 16354.1 16150.9 15947.8 15737.4 15522.5 15307.5 15288.2 15361 15433.7 15455.7 15460.4 15465 15326.2 15154 14981.8 14848.8 14721.3 14593.8 14570.5 14553.4 14536.6 14545 14553.3 14566.5 14640 14713.5 14785.7 14850.6 14915.5 14990.1 15102.3 15214.5 15176.8 14736.8 14296.7 13346.6 11392.8
19618.8 19720.7 19789.3 19857.9 20009.4 20164.5 20317.9 20399.6 20481.2 20556.2 20562.9 20569.5 20531 20245.1 19959.3 19755.9 19844.3 19932.7 19893.3 19534.9 19176.4 18873.8 18674.4 18474.9 18212.2 17861.1 17510 17290 17210.3 17130.6 16908.7 16569.9 16231 15921.7 15630.8 15340 15312.3 15408.5 15504.6 15564.4 15611.7 15659 15670.8 15674.4 15678 15566.6 15439.2 15311.9 15306.8 15309.2 15312 15362.2 15412.5 15462.6 15510.9 15559.2 15602.9 15618.3 15633.7 15646.7 15650.4 15654.2 15684.4 15785.5 15886.7 15163.6 12819.1
21094.6 21281.7 21462.7 21643.7 21789.5 21933.7 22076.4 22156.8 22237.3 22312.8 22337.5 22362.3 22346.6 22109.4 21872.3 21667.6 21577.6 21487.6 21308.4 20906.3 20504.2 20140.4 19847 19553.6 19213.6 18808.4 18403.3 18156.5 18079.3 18002 17636.3 17033.4 16430.6 16006.3 15694.2 15382 15381.7 15528 15674.4 15793.2 15902.6 16012 16274.5 16572.6 16870.6 16690.7 16443.9 16197.2 16157.8 16131 16105.5 16236.3 16367 16485.4 16451.4 16417.4 16383.3 16348.5 16313.7 16284.4 16276.2 16268 16265 16276 16286.9 15790 14294.1
22570.4 22842.7 23136.1 23429.5 23569.6 23702.8 23834.8 23914.1 23993.4 24069.4 24112.2 24155 24162.1 23973.7 23785.3 23579.3 23310.9 23042.5 22723.4 22277.8 21832.1 21406.9 21019.6 20632.3 20215 19755.8 19296.6 19023 18948.2 18873.3 18363.9 17497 16630.1 16091 15757.5 15424.1 15451.1 15647.6 15844.1 16022 16193.5 16365 16878.2 17470.8 18063.3 17814.8 17448.7 17082.5 17008.8 16952.8 16899.1 17110.3 17321.5 17508.3 17392 17275.7 17163.7 17078.8 16993.8 16922.1 16902 16881.9 16845.7 16766.4 16687.1 16416.4 15769.1
