data/map/del8.asc
ncols         217
nrows         146
xllcorner     6.39591e+006
yllcorner     1.68973e+006
cellsize      1135.85
NODATA_value  -99999
[rows 0 to 29 of 146, columns 134 to 200 of 217]
7784.51 7731.58 7643.77 7791.77 7915.59 8014.49 8088.58 8138.19 8163.48 8164.38 8140.77 8092.38 8018.59 7918.4 7790.8 7635.29 7452.27 7424.92 7211.65 6961.34 6816.62 6769.77 6728.98 6693.71 6663.66 6638.28 6617.27 6600.1 6586.48 6575.89 6568.1 6562.63 6559.26 6557.57 6557.39 6558.36 6560.33 6563 6566.27 6569.9 6573.81 6577.81 6581.84 6585.78 6589.58 6593.15 6596.46 6599.46 6602.14 6604.46 6606.43 6608.03 6609.27 6610.16 6610.71 6610.93 6610.84 6610.48 6609.84 6608.98 6607.89 6606.63 6605.19 6603.64 6601.96 6600.22 6598.41
7799.64 7735.68 7665.78 7815.95 7940.51 8039.29 8113.06 8162.51 8187.87 8188.89 8165.55 8117.79 8044.98 7945.8 7818.72 7662.8 7478.11 7423.13 7230.2 6974.71 6810.19 6763.87 6723.41 6688.67 6583.93 6440.73 6302.87 6165 5942.81 5720.09 5627.52 5466.6 5323.58 5234.07 4970.12 4757.6 4459.43 4225.16 3990.88 3740.58 3443.8 3147.02 2842.77 2550.32 2551.1 2529.57 2506.45 2241.96 1787.25 1423.02 1058.78 760.101 522.126 284.151 140.585 64.0194 -12.5458 -74.3934 -128.336 -182.279 -208.032 -173.674 -145.467 -123.478 -107.815 -98.627 -96.1174
7800.59 7743.89 7710.41 7865.74 7991.2 8089.12 8161.87 8210.91 8236.6 8237.75 8214.77 8168.23 8097.75 8001.11 7875.46 7719.1 7531.08 7419.72 7268.17 6998.21 6797.53 6751.89 6712.47 6678.38 6649.71 6625.47 6593.38 6381.29 6155.78 5930.19 5705.63 5557.77 5438.96 5267.86 5016.01 4818.78 4493.1 4258.79 4024.49 3772.27 3468.11 3163.96 2855.68 2561.4 2557.89 2529.49 2506.83 2418.96 2008.01 1661.36 1314.71 1044.39 844.748 645.101 517.541 441.14 364.738 285.449 204.609 123.769 -32.8615 -161.346 -132.995 -110.787 -94.8142 -85.2071 -82.1436
7790.4 7756.23 7777.31 7945.39 8069.42 8164.1 8234.4 8282.66 8309.88 8310.72 8287.56 8242.62 8176.67 8085.43 7962.93 7807.04 7613.7 7414.34 7330.86 7020.59 6778.33 6734.21 6695.77 6663.26 6635.54 6612.91 6594.14 6579.61 6368.75 6140.29 5911.53 5677.98 5488.66 5342.41 5111.18 4879.96 4526.77 4292.43 4058.09 3803.95 3492.43 3180.91 2868.59 2578.78 2554.65 2536.03 2522.84 2532.74 2228.76 1899.7 1570.65 1328.69 1167.37 1006.05 894.497 818.26 742.022 645.291 537.553 429.816 190.853 -100.093 -114.382 -91.864 -75.451 -65.2469 -61.3948
7776.95 7772.72 7858.06 8069.08 8177.02 8263.46 8328.98 8375.44 8409.55 8407.68 8382.12 8338.03 8280.9 8201.01 8083.78 7932.43 7728.51 7494.66 7418.44 7054.31 6790.44 6710.27 6673.89 6642.68 6617.1 6595.73 6579.1 6565.74 6482.96 6249.26 6014.15 5756.73 5499.32 5376.73 5148.13 4919.52 4573.85 4367.84 4161.84 3928.55 3616.18 3303.82 2998.65 2708.62 2557.06 2539.72 2586.88 2577.57 2509.27 2197.73 1886.19 1673.08 1551.11 1429.14 1331.77 1251.86 1171.94 1011.25 807.167 603.086 285.921 -76.0405 -89.7368 -66.8386 -49.8822 -38.9382 -34.1081
7877.25 7793.38 7933.76 8118.61 8210.52 8282.96 8336.85 8374.14 8399.17 8393.19 8365.5 8320.81 8264.63 8189 8084.56 7937.89 7738.35 7507.88 7410.84 7072.76 6810.56 6680.78 6646.02 6617.46 6593.52 6574.87 6559.81 6549.08 6540.99 6324.76 6082.59 5801.75 5520.91 5379.68 5165.8 4903.93 4625.37 4457.08 4288.79 4083.88 3772.83 3461.78 3167.47 2908.37 2649.27 2601.85 2552.41 2521.19 2502.67 2500.97 2221.46 2037.36 1955.08 1872.79 1789 1704.14 1619.28 1379.23 1055.83 732.426 338.425 -83.5413 -59.1947 -35.8737 -18.3038 -6.51834 -0.574219
7957.07 7849.94 7993.98 8153.57 8230.74 8290.92 8335.24 8365.41 8383.74 8374.93 8345.84 8300.48 8243.76 8167.24 8076.94 7932.88 7736.71 7509.4 7401.23 7078.73 6816.52 6644.73 6613.06 6586.54 6565.88 6549.25 6537.46 6528.59 6523.59 6400.27 6151.03 5846.77 5542.51 5382.63 5183.48 4885.43 4676.89 4546.32 4415.75 4239.22 3929.48 3619.75 3336.29 3108.11 2879.94 2607.42 2574.3 2548.94 2523.71 2475.49 2421.43 2336.23 2208.22 2154.46 2145.88 2156.42 2066.62 1747.21 1304.49 861.765 390.93 -52.2322 -22.9163 0.838379 19.055 31.7383 38.8766
7987.24 7959.08 8076.22 8193.5 8247.7 8289.89 8321.04 8341.9 8351.66 8339.41 8309.13 8264.02 8208.94 8139.45 8045.26 7908.85 7718.67 7496.51 7390.64 7071.21 6805.86 6603.06 6573.8 6551.08 6532.93 6520.2 6510.79 6505.7 6502.81 6448.28 6194.79 5875.63 5556.47 5384.65 5194.29 4864.65 4705.48 4584.81 4464.13 4308.28 4050.45 3792.63 3551.46 3345.31 3139.17 2879.51 2558.46 2525.36 2482.77 2450.4 2423.33 2329.76 2248.13 2097.54 2122.74 2051.13 2108.68 1869.12 1325.65 782.17 323.458 -10.6078 18.9222 43.0874 61.9455 75.5382 83.8962
8021.88 8056.42 8140.49 8212.59 8244.98 8271.34 8291.9 8305.78 8309.01 8294.31 8264.21 8222.15 8172.46 8110.78 8015.55 7871.69 7681.52 7463.32 7377.93 7039.84 6766.44 6554.38 6529.37 6509.67 6496.09 6486.34 6481.43 6479.04 6480.34 6483.07 6233.03 5900.87 5568.71 5386.46 5192.78 4870.65 4728.95 4611.94 4494.93 4358.02 4163.44 3968.85 3777 3590.9 3404.8 3155.36 2805.98 2508.35 2453.27 2319.54 2309.7 2218.03 2214.98 2055.8 1949.86 1943.68 2001.42 1935.94 1295.87 655.798 229.125 36.4515 66.1207 90.639 110.096 124.567 134.121
8061.07 8121.55 8170.19 8204.84 8220.36 8235.1 8248.6 8258.33 8257.75 8241.95 8213.42 8177.58 8139.23 8080.9 7969.98 7816.88 7623.99 7408.22 7364.46 6981.01 6695.79 6499.7 6478.21 6463.73 6453.81 6449.35 6447.85 6450.45 6454.7 6461.93 6271.27 5926.11 5580.95 5388.26 5187.58 4887.38 4752.41 4639.07 4525.72 4407.76 4276.42 4145.07 4002.55 3836.49 3670.43 3431.22 3076.58 2721.94 2504.96 2453.85 2402.74 2402.02 2447.95 2493.89 2207.79 1906.44 1958.26 2002.77 1266.1 529.426 134.792 88.7676 118.468 143.25 163.23 148.954 118.521
8104.89 8120.06 8157.81 8172.3 8177.35 8185.04 8194.76 8203.12 8202.77 8188.31 8162.61 8132.1 8110.83 8050.54 7907.27 7742.61 7545.2 7329.79 7297.85 6891.59 6594.39 6437.25 6421.63 6411.6 6407.84 6407.63 6412.03 6418.37 6427.96 6438.29 6156.57 5835.95 5515.32 5346.2 5182.08 4878.97 4756.35 4636.31 4516.28 4399.8 4293.63 4187.46 4070.11 3929.24 3788.38 3576.44 3252.33 2928.23 2732.56 2691.64 2650.72 2631.97 2633.74 2635.52 2321.28 1979.48 2103.68 2099.14 1396.75 694.356 272.236 146.135 175.731 200.66 221.059 152.193 128.401
8153.43 8121.46 8136.85 8130.25 8128.71 8132.06 8139.68 8148.4 8152.27 8142.1 8124.04 8105.36 8077.41 7990.51 7824 7648.05 7444.98 7309.38 7190.44 6770.43 6464.54 6368.12 6357.86 6354.98 6356.5 6363.24 6372.33 6385 6398.52 6328.26 6021.57 5730.46 5440.32 5298.32 5157.78 4867.24 4757.69 4629.59 4501.49 4384.17 4298.12 4212.06 4116.69 4001.7 3886.72 3704.31 3415.49 3126.67 2950.76 2910.91 2871.06 2824.86 2772.77 2720.69 2384.87 2172.1 2154.84 2194.58 1548.71 897.981 440.468 208.326 237.658 262.596 283.288 163.597 146.801
8206.8 8124.79 8130.84 8113.6 8110 8111.66 8118.18 8126.73 8132.81 8124.38 8109.47 8096.37 8055.58 7955.26 7777.58 7596.29 7389.9 7289.19 7087.32 6702.57 6394.53 6290.36 6288.43 6292.14 6301.87 6314.52 6331.1 6348.72 6368.79 6217.45 5886.56 5624.97 5433.44 5250.43 5127.97 4855.5 4759.04 4622.87 4486.7 4368.55 4302.61 4236.67 4163.26 4074.16 3985.05 3832.17 3578.64 3325.11 3168.97 3130.19 3091.4 3017.75 2911.8 2805.86 2448.45 2294.23 2260.09 2237.2 1700.68 1101.61 608.7 275.08 303.977 328.773 330.895 175.001 165.2
8265.09 8133.12 8133.9 8106.68 8097.1 8096.89 8098.68 8101.58 8104.8 8096.48 8080.4 8048.27 7986.64 7863.52 7664.53 7471.55 7255.63 7225.04 6861.42 6534.49 6211.85 6205.23 6211.65 6225.17 6242.37 6263.92 6286.74 6312.1 6337.17 6211.73 5879.6 5619.53 5426.85 5247.97 5126.43 4854.89 4745.47 4622.52 4485.94 4367.74 4302.84 4237.93 4165.66 4077.89 3990.13 3838.77 3587.05 3335.34 3180.23 3141.5 3102.77 3027.69 2918.97 2810.25 2451.73 2346.73 2308.29 2304.92 1708.51 1112.11 617.376 346.106 374.394 398.896 331.517 175.589 166.149
8328.45 8176.53 8155.87 8154.3 8149.95 8149.04 8139.4 8118.92 8083.62 8053.73 8015.13 7961.85 7884.07 7745.76 7530.73 7325.25 7210.98 7047.89 6787.38 6367.08 6101.24 6111.08 6129.52 6152.63 6180.52 6209.96 6241.96 6273.6 6306.36 6211.73 5879.6 5619.53 5421.3 5247.96 5126.43 4854.89 4731.28 4622.53 4485.94 4367.74 4302.84 4237.93 4165.66 4077.89 3990.13 3838.77 3587.05 3335.34 3180.23 3141.5 3102.77 3027.69 2918.97 2810.25 2451.73 2368.6 2273.98 2155.53 1708.51 1112.11 617.376 421.078 448.593 472.656 331.517 175.589 166.149
8189.61 8242.48 8140.89 8201.21 8210.62 8211.33 8180.5 8117.19 8017.62 7953.32 7895.38 7829.51 7743.9 7599.37 7375.7 7157.79 7107.18 6836.19 6564.38 6197.39 6007.31 6009.94 6040.98 6077.18 6115.13 6155.52 6195.39 6236.09 6274.92 6209.35 5878.06 5618.09 5416.59 5246.71 5125.23 4853.75 4720.31 4620.84 4483.77 4365.19 4300.23 4235.26 4163.03 4075.54 3988.04 3837.15 3586.21 3335.27 3180.47 3141.52 3102.56 3027.24 2918.25 2809.26 2451.08 2351.82 2338.57 2229.09 1708.74 1111.75 616.667 499.641 526.24 486.929 331.977 177.025 167.75
7947.16 8059.47 8150.94 8115.39 8124.79 8171.49 8112.45 7999.24 7850.31 7769.92 7709.51 7645.94 7563.78 7423.43 7201.25 7111.16 6903.53 6601.59 6310.46 6022.08 5952.36 5911.91 5948.97 5998.13 6049.26 6099.52 6150.08 6198.29 6245.75 6040.57 5768.93 5515.9 5412.87 5204.94 5040.24 4772.48 4673.06 4501.44 4329.81 4184.37 4114.84 4045.3 3976.28 3908.35 3840.41 3722.71 3526.45 3330.2 3198.05 3143.15 3088.25 2995.25 2866.96 2738.68 2409.77 2408.01 2400.46 2331.79 1725.02 1086.36 566.401 581.419 606.992 450.346 364.602 278.858 281.307
7804.7 7892.84 7981.88 8062.79 8056.12 8018.43 7931.19 7710.13 7569.73 7638.52 7604.43 7527.08 7410.75 7231.96 7027.15 7000.7 6719.46 6383.99 6061.16 5849.26 5874.99 5864.58 5853.71 5918.89 5982.33 6045.2 6105.01 6163.29 6081.61 5871.79 5659.81 5465.52 5317.63 5202.64 4955.25 4691.21 4588.21 4382.03 4175.85 4003.54 3929.45 3855.35 3789.54 3741.16 3692.78 3608.26 3466.69 3325.12 3215.63 3144.78 3073.93 2963.25 2815.68 2668.11 2377.27 2448.05 2435.46 2365.59 1741.3 1060.97 639.113 666.015 533.8 413.763 397.227 380.69 394.865
7728.01 7902.78 8002.98 8039.15 8018.9 7969.16 7883.97 7757.37 7655.7 7609.75 7542.81 7446.92 7320.31 7159.9 6981.22 6908.34 6633.11 6305.28 5972.97 5798.36 5738.92 5817.62 5795.79 5839.61 5917.82 5991.93 6063.43 5998.55 5848.81 5698.77 5543.56 5456.66 5253.09 5129.67 4867.41 4671.92 4497.8 4261.36 4024.92 3828.62 3748.65 3668.68 3603.82 3570.73 3537.65 3481.5 3388.96 3296.42 3206.3 3119.1 3031.91 2904.74 2740.56 2576.38 2332.96 2457.23 2439.3 2330.82 1754.04 1040.4 727.648 753.035 480.239 403.11 443.863 484.616 508.407
7916.78 7987.07 8050.72 8041.47 8010.09 7956 7877.3 7780.15 7685.28 7602.43 7509.46 7397.88 7263.19 7106.27 6934.04 6760.47 6508.91 6219.35 5932.69 5704.9 5631.02 5715.62 5760.53 5764.04 5855.58 5881.76 5806.5 5731.24 5604.26 5561.1 5495.23 5303.61 5241.62 5029.65 4746.66 4613.66 4343.24 4126.11 3908.98 3721.68 3620.8 3519.93 3429.96 3362.94 3295.93 3212.71 3103.93 2995.15 2886.64 2778.45 2670.26 2540.41 2461.01 2369.84 2419.2 2471.48 2490.69 2376.45 1725.89 1075.33 818.183 842.091 809.161 691.512 652.099 612.687 621.778
8032.25 8078.02 7996.29 7846.46 7779.66 7641.14 7889.98 7799.38 7703.64 7604.05 7495.42 7370.96 7228.85 7067.31 6888.47 6690.35 6455.33 6191.04 5968.73 5687.52 5595.23 5611.6 5729.41 5721.39 5708.02 5689.19 5664.47 5613.93 5509.71 5405.16 5353.65 5280.2 5113.49 4929.63 4638.91 4472.18 4188.67 3990.86 3793.04 3614.74 3492.95 3371.17 3256.1 3155.16 3054.21 2943.92 2818.9 2693.88 2566.97 2438.75 2461.44 2501.5 2496.21 2481.82 2471.05 2494.16 2514.19 2285.23 1697.75 1110.26 910.292 932.81 954.003 973.767 860.336 740.757 735.15
7764.55 8075.06 8137.96 8060.6 8033.23 7994.31 7915.39 7824.91 7724.13 7615.78 7495.7 7362.58 7212.72 7046.3 6861.41 6657.48 6430.73 6191.71 5976.94 5654.89 5523.19 5564.33 5560.55 5552.29 5538.99 5521.2 5498.52 5471.21 5439.2 5359.07 5272.89 5135.56 4998.22 4837.87 4660.38 4345.3 4050.11 3865.55 3680.99 3507.02 3363.71 3220.41 3081.05 2950.01 2818.97 2688.77 2559.9 2431.03 2493.24 2514.62 2525.48 2533.48 2528.4 2458.48 2483.85 2515.74 2508.68 2240.35 1725.45 1210.56 1003.59 1024.85 1045.1 1064.19 1082.02 889.371 870.44
8045.36 8101.3 8115.07 8128.83 8106.24 8036.1 7953.84 7858.53 7753.59 7637.2 7510.25 7369.16 7214.17 7042.38 6854.11 6646.58 6418.76 6167.83 5881.11 5476.24 5410.65 5449 5437.54 5434.28 5431.02 5436.7 5443.08 5449.46 5381.97 5314.03 5241.7 5100.13 4958.56 4794.63 4624.41 4304.19 4005.59 3798.68 3591.77 3394.72 3226.27 3057.82 2898.99 2760.41 2621.82 2513.75 2453.82 2491.98 2539.1 2511.35 2515.8 2541.96 2542.25 2527.13 2523.55 2516.62 2515.25 2467.69 2081.28 1694.86 1427.95 1208.39 1137.35 1155.87 1173.34 1158.67 1134.5
7919.75 7935.71 8066.39 8197.06 8167.34 8091.7 7987.91 7903.45 7791.99 7670.71 7536.67 7391 7230.5 7055.99 6864.65 6656.68 6429.03 6180.09 5903.13 5591.43 5300.36 5276.9 5266.69 5265.49 5264.28 5299.1 5336.71 5374.33 5321.94 5268.99 5210.51 5064.7 4918.9 4751.39 4582.24 4263.08 3961.08 3731.81 3502.54 3282.42 3088.83 2895.23 2716.93 2573.05 2441.22 2472.29 2510.13 2521.97 2550.48 2563.82 2573.07 2555.12 2562.39 2549.37 2533.92 2543.49 2525.09 2511.5 2420.38 2179.16 1942.53 1714.34 1486.15 1248.6 1265.81 1282.03 1297.16
8082.72 8064.13 8032.53 8218.57 8241.66 8099.81 7943.91 7885.65 7842.03 7714.26 7576.37 7425.23 7262.24 7084.45 6892.9 6685.02 6461.29 6219.55 5960.22 5685.74 5412.67 5136.47 5130.28 5133.68 5137.08 5192.48 5251.91 5311.33 5271.14 5230.32 5183.3 5038.17 4893.04 4727.16 4566.24 4255.33 3957.69 3716.31 3474.94 3241.45 3030.8 2820.16 2630.32 2552.8 2557.55 2564.5 2542.85 2546.23 2564.19 2568.45 2574.06 2577.89 2560.07 2536.35 2528.95 2541.94 2539.02 2470.25 2314.63 2358.29 2397.37 2193.74 1957.02 1563.62 1359.27 1375.47 1390.7
8396.65 8226.81 8180.89 8122.88 8117.73 8078.51 8039.3 8009.16 7901.11 7769.83 7626.48 7472.99 7306.31 7128.05 6935.54 6730.2 6510.2 6277.23 6031.69 5778.93 5527.9 5292.71 5122.53 5140.06 5157.59 5201.59 5247.63 5293.67 5254.84 5215.48 5170.96 5044.86 4918.76 4773.92 4648.08 4372.25 4107.98 3892.8 3677.61 3466.97 3269.51 3072.04 2900.36 2782.9 2665.45 2594.17 2595.76 2597.36 2574.63 2574.17 2585.3 2572.97 2549.22 2544.64 2554.69 2554.5 2525.67 2337.71 2293.09 2421.25 2408.82 2352.58 2250.6 1895.09 1453.6 1469.9 1485.29
8707.39 8295.67 8342.53 8270.26 8186.24 8088.36 8134.68 8097.27 7971.29 7834.31 7688.61 7531.07 7363.62 7183.45 6992.32 6788.18 6573.01 6346.2 6110.96 5869.71 5627.52 5383.75 5114.79 5146.45 5178.11 5210.7 5243.35 5276.01 5238.54 5200.64 5158.62 5051.55 4944.49 4844.85 4729.92 4489.16 4258.27 4069.28 3880.28 3692.49 3508.21 3323.93 3170.4 3081.53 2992.66 2919.09 2869.65 2820.21 2756.08 2674.25 2592.42 2564.09 2567.81 2545.34 2559.64 2486.89 2430.95 2445.78 2451.08 2414.32 2301.42 2232.67 2275.08 2226.56 1690.2 1565.22 1580.87
8819.56 8588.99 8515.7 8430.91 8333.02 8224.07 8154.16 8181.34 8049.11 7909.53 7759.42 7600.89 7430.87 7251.33 7059.82 6858.4 6645.72 6424.43 6195.12 5961.91 5728.15 5500.17 5290.7 5161.8 5202.91 5225.5 5246.66 5267.82 5230.92 5193.67 5153.27 5063.05 4972.83 4930.09 4811.74 4605.4 4406.83 4241.2 4075.58 3910.65 3747.77 3584.89 3450.9 3377.71 3304.52 3223.72 3130.92 3038.12 2959.71 2898.63 2837.56 2803.52 2794.51 2785.5 2754.54 2708.01 2661.47 2561.29 2432.3 2367.52 2277.17 2147.97 2183.44 2172.42 2016.15 1661.4 1677.42
8911.33 8806.62 8701.7 8602.51 8326.32 8370.4 8238.21 8093.61 8081.3 7991.96 7840.63 7679.12 7509.36 7328.54 7138.65 6937.75 6728.12 6509.15 6283.88 6053.73 5823.37 5597.68 5394.71 5200.56 5238.89 5255.18 5269.76 5284.35 5245.97 5207.27 5166.16 5087.09 5008.03 5028.01 4893.5 4719.88 4550.84 4401.23 4251.62 4109.59 3989.55 3869.51 3758.75 3667.5 3576.25 3475.36 3359.25 3243.14 3151.22 3088.43 3025.64 2990.55 2981.11 2971.67 2948.4 2915.3 2882.2 2811.31 2720.13 2628.95 2455.06 2248.39 2202.5 2171.88 2127.52 1874.1 1774.92
9085.78 8999.97 8898.93 8786.39 8275.46 8281.59 8291.71 8230.65 8065.57 8083.31 7928.8 7767.44 7596.03 7416.39 7226.05 7027.07 6817.97 6601.07 6376.2 6156.63 5941.59 5724.08 5499.04 5239.33 5274.87 5284.86 5292.87 5300.88 5261.02 5220.87 5179.06 5111.14 5069.18 5116.17 4975.26 4834.36 4694.85 4561.26 4427.66 4308.53 4231.33 4154.14 4066.59 3957.29 3847.98 3727 3587.58 3448.17 3342.73 3278.22 3213.72 3177.58 3167.71 3157.84 3142.25 3122.59 3102.93 3061.34 3007.97 2954.6 2820.76 2655.06 2489.35 1990.42 2000.11 1937.92 1862.95
