data/map/del8.asc
ncols         217
nrows         146
xllcorner     6.39591e+006
yllcorner     1.68973e+006
cellsize      1135.85
NODATA_value  -99999
[rows 90 to 119 of 146, columns 0 to 66 of 217]
1808.42 1871.17 1933.91 1956.78 1930.21 1903.64 1839.53 1739.69 1639.84 1549.88 1467.16 1443.75 1411.93 1350.13 1238.88 1320.28 1453.04 1585.8 1743.65 1908.8 2073.94 2157.13 2224.79 2292.44 2299.56 2300.41 2301.27 2380.12 2461.21 2542.34 2624.14 2705.94 2782.7 2815.72 2848.74 2876.12 2875.81 2875.5 2872.93 2862.99 2853.05 2836.34 2791.73 2673.42 2676.42 2631.53 2646.28 2660.37 2979.29 3610.23 3996.07 4134.46 4272.86 4416.38 4563.89 4711.39 4772.88 4783.64 4794.4 4805.27 4816.18 4827.1 4859.88 4899.54 4939.21 5019.23 5107.74
2048.91 2092.19 2135.47 2143.03 2106.33 2069.62 1994.76 1883.55 1772.35 1668.67 1570.48 1472.29 1423.65 1405.59 1335.68 1419.52 1557.27 1695.03 1796.43 1887.27 1978.11 2048.44 2114.89 2181.34 2160.91 2131.49 2102.08 2196.25 2293.98 2390.07 2444.58 2499.09 2545.73 2524.06 2502.39 2479.63 2451.46 2423.3 2398.94 2386.99 2375.04 2340.88 2255.01 2169.15 2094.04 2037.55 1981.06 2342.57 2638.06 3465.22 4015.45 4201.12 4386.78 4545.9 4684.46 4823.02 4862.98 4844.78 4826.59 4818.65 4815.22 4811.8 4828.44 4851.42 4874.39 4913.52 4956.04
2158.03 2196.22 2234.41 2233.68 2184.71 2135.73 2058.99 1955.79 1852.6 1765.43 1689.96 1614.5 1562.57 1523.69 1484.81 1565.17 1694.42 1823.67 1886.89 1930.93 1974.97 1996.16 2013.01 2029.86 1984.5 1932.71 1880.92 1948.96 2020.46 2089.68 2100.58 2111.49 2115.97 2064.7 2013.44 1965.27 1932.3 1899.33 1877.58 1892.42 1907.26 1896.3 1825.29 1754.27 1682.83 1610.62 1538.42 1905.88 2572.12 3097.38 3686.31 3914.97 4143.62 4354.14 4550.59 4747.04 4834.72 4858.24 4881.76 4882.43 4873.05 4863.67 4864.56 4868.68 4872.8 4887.67 4904.8
2216.59 2255.23 2293.87 2287.55 2225.48 2163.42 2088.2 2000.47 1912.73 1853.71 1815.66 1777.6 1738.31 1698.34 1658.36 1728.69 1844.24 1959.79 1991.85 1999.68 2007.5 1965.57 1914.21 1862.85 1793.57 1722.43 1651.3 1677.28 1706.06 1732.28 1693.31 1654.34 1612.03 1540.82 1469.62 1405.56 1376.65 1347.73 1337.99 1390.7 1443.42 1471.3 1441.39 1411.48 1367.28 1298.35 1229.43 1572.73 2458.27 2643.81 3223.06 3493.06 3763.07 4038.74 4318.8 4598.86 4760.91 4853.35 4945.79 4965.6 4953.5 4941.39 4926.66 4911.09 4895.53 4892.55 4892.22
2275.16 2314.24 2353.33 2341.41 2266.25 2191.1 2117.42 2045.14 1972.87 1941.99 1941.35 1940.71 1914.06 1872.99 1831.92 1892.21 1994.05 2095.9 2096.82 2068.42 2040.02 1934.98 1815.41 1695.83 1602.63 1512.16 1421.68 1405.6 1391.65 1374.88 1286.03 1197.18 1108.1 1016.94 925.791 845.85 820.995 796.14 798.392 888.982 979.572 1046.3 1057.5 1068.69 1051.74 986.083 920.428 1239.59 2064.91 2567.67 2759.8 3071.16 3382.52 3723.34 4087.02 4450.69 4687.1 4848.46 5009.81 5048.77 5033.94 5019.11 4988.76 4953.51 4918.26 4897.43 4879.64
2314.6 2366.02 2417.44 2437.11 2417.44 2397.77 2363.89 2316.49 2269.08 2246.13 2241.04 2235.96 2209.56 2171.36 2133.16 2158.71 2210.38 2262.06 2225.38 2163.04 2100.7 1965.09 1815.58 1666.07 1572.85 1485.45 1398.04 1352.87 1308.9 1262.24 1146.79 1031.34 919.489 838.896 758.303 691.352 691.433 691.515 711.868 798.286 884.703 948.773 960.824 972.876 948.449 860.89 773.33 994.814 1622.8 2250.78 2568.23 2617.36 2756.11 2938.85 3366.38 3793.91 4070.95 4259.21 4447.47 4569.64 4662.76 4755.88 4857.78 4962.45 5067.12 5061.27 5032.16
2348.88 2415.84 2482.8 2544.09 2598.37 2652.64 2668.88 2648.87 2628.87 2608.41 2587.6 2566.79 2537.32 2503.06 2468.79 2452.94 2444.62 2436.31 2360.3 2264.63 2168.96 2011.53 1842.4 1673.26 1586.46 1508.17 1429.88 1359.1 1288.54 1215.52 1079.73 943.945 815.805 753.986 692.166 645.983 676.623 707.264 747.363 818.283 889.203 939.435 941.507 943.578 902.323 786.079 669.834 773.843 1167.56 1561.28 1876.96 2113.86 2350.76 2620.36 2662.45 3000.17 3308.73 3512.59 3716.45 3939.07 4169.95 4400.82 4674.8 4962.37 5249.94 5267.92 5229.14
2383.16 2465.66 2548.16 2651.07 2779.29 2907.52 2973.86 2981.26 2988.66 2970.68 2934.15 2897.62 2865.09 2834.76 2804.43 2747.16 2678.86 2610.56 2495.22 2366.22 2237.22 2057.98 1869.22 1680.45 1600.07 1530.89 1461.71 1365.34 1268.18 1168.8 1012.68 856.553 712.121 669.076 626.03 600.613 661.813 723.013 782.857 838.28 893.704 930.096 922.189 914.281 856.196 711.267 566.339 552.871 712.322 871.773 1046.59 1236.94 1427.28 1817.18 2361.8 2630 2619.67 2765.97 2985.42 3308.51 3677.13 4045.76 4491.82 4962.29 5432.75 5474.56 5426.12
2497.26 2631.36 2765.46 2897.23 3026.12 3155 3219.67 3223.19 3226.71 3153.32 3023.75 2894.18 2838.85 2824.63 2810.41 2763.07 2702.14 2641.21 2539.74 2426.5 2313.25 2148.17 1973.25 1798.33 1694.78 1598.61 1502.43 1401.39 1300.22 1197.46 1054.3 911.138 782.015 774.609 767.204 768.672 813.746 858.819 904.157 950.361 996.565 1021.08 995.094 969.112 884.723 699.245 513.768 450.739 548.774 646.809 769.44 916.905 1064.37 1377.36 1818.68 2260 2560.72 2716.21 2750.65 2957.54 3179.41 3572.68 4028.06 4485.44 4942.82 5150.91 5306.53
2625.06 2816.95 3008.85 3167.29 3284.25 3401.21 3455.33 3449.59 3443.85 3305.13 3069.25 2833.37 2751.86 2755.84 2759.83 2731.21 2689.21 2647.22 2568.75 2479.69 2390.62 2245.85 2090.53 1935.21 1803.41 1674.04 1544.67 1442.57 1341.25 1239.05 1114.57 990.088 881.697 912.826 943.955 973.359 994.294 1015.23 1040.18 1078.24 1116.31 1129.27 1083.83 1038.38 926.061 697.999 469.936 369.001 435.284 501.567 587.224 692.443 797.662 1018.37 1328.62 1638.86 1888.04 2101.2 2314.36 2740.34 2859.85 3379.36 3784.23 3940.43 4337.42 4736.26 5132.6
2752.86 3002.55 3252.23 3437.34 3542.38 3647.43 3690.99 3676 3661 3456.94 3114.75 2772.56 2664.87 2687.05 2709.24 2699.34 2676.29 2653.24 2597.76 2532.87 2467.98 2343.54 2207.81 2072.08 1912.04 1749.48 1586.91 1483.74 1382.27 1280.65 1174.84 1069.04 981.379 1051.04 1120.71 1178.05 1174.84 1171.64 1176.21 1206.13 1236.05 1237.47 1172.56 1107.65 967.4 696.752 426.104 287.263 321.794 356.325 405.008 467.981 530.954 659.382 838.555 1017.73 1215.36 1423.89 1632.42 2105.97 2696 2886.03 3304.15 3668.09 3897.99 4321.6 4958.68
2875.28 3137.44 3399.61 3600.06 3723.99 3847.92 3895.21 3869.51 3843.81 3673.91 3398.66 3123.41 2922.46 2762.67 2602.88 2574.1 2599.03 2623.96 2608.21 2580.64 2553.08 2456.56 2346.97 2237.38 2076.02 1909.3 1742.59 1620.45 1499.59 1379.13 1268.7 1158.27 1066.37 1135.03 1203.69 1260.26 1257.41 1254.56 1251.2 1246.18 1241.16 1214.19 1136.14 1058.08 919.376 675.698 432.02 300.172 315.42 330.668 353.406 383.706 359.943 433.232 579.093 795.894 951.132 1113.1 1275.08 1641.52 2097.84 2554.15 2754.88 2879.04 3228.7 3607.3 4321.74
2997.22 3267.89 3538.56 3753.35 3898.87 4044.39 4096.67 4060.13 4023.6 3896.6 3703.51 3510.43 3210.33 2850.97 2491.61 2440.65 2516.11 2591.58 2617.02 2627.94 2638.85 2570.92 2488.05 2405.17 2244.86 2076.55 1908.24 1765.56 1623.62 1482.61 1365.51 1248.41 1150.06 1214.25 1278.44 1331.72 1331.37 1331.02 1320.82 1278.5 1236.19 1179.36 1088.71 998.07 863.5 652.904 442.308 321.399 318.46 315.521 184.823 120.077 91.8777 134.511 248.689 410.944 591.188 834.525 946.257 1192 1496.65 1801.3 2131.49 2469.74 2798.96 3135.11 3644.11
3119.17 3398.34 3677.5 3906.64 4073.75 4240.86 4298.12 4250.75 4203.39 4119.29 4008.37 3897.45 3498.21 2939.28 2380.35 2307.2 2433.2 2559.19 2625.83 2675.23 2724.63 2685.29 2629.13 2572.96 2413.71 2243.79 2073.88 1910.66 1747.64 1586.1 1462.33 1338.55 1233.76 1293.47 1353.19 1403.17 1405.33 1407.48 1390.44 1310.83 1231.23 1144.52 1041.29 938.058 807.623 630.109 452.595 342.625 321.499 127.802 -49.7104 -180.1 -247.02 -235.756 -129.791 8.00684 168.146 555.946 617.438 742.487 895.469 1048.45 1333.62 1660.44 1987.26 2778.03 3237.34
3223.4 3507.97 3792.54 4016.61 4165.67 4314.74 4371.1 4339.18 4307.25 4224.1 4103.52 3982.94 3659.02 3222.48 2785.93 2613.39 2549.07 2484.75 2522.42 2589.72 2657.01 2645.54 2619.14 2592.73 2470.48 2338.33 2206.18 2049.04 1891.19 1734.91 1618.67 1502.44 1400.17 1418.96 1437.74 1451.08 1437.69 1424.3 1391.79 1296.98 1202.17 1098.14 972.642 847.144 720.508 591.902 463.296 379.774 176.24 -76.1011 -331.366 -543.746 -664.098 -700.725 -540.103 -417.271 -9.51917 310.052 509.394 613.699 746.125 878.552 1117.06 1389 1660.95 2303.01 2939.51
3327.36 3617.29 3907.21 4125.92 4256.33 4386.74 4442.12 4426.04 4409.96 4327.1 4195.46 4063.82 3817.89 3508.66 3199.43 2926.3 2667.98 2409.66 2417.29 2502.17 2587.04 2603.43 2606.83 2610.23 2525.55 2431.76 2337.97 2187.32 2035.04 1884.41 1775.93 1667.46 1567.85 1545.15 1522.44 1498.63 1469.42 1440.21 1392.1 1282.42 1172.75 1051.58 903.668 755.758 632.915 553.46 474.004 417.166 79.7892 -277.08 -655.908 -999.423 -1074.09 -1066.54 -912.624 -458.215 -99.0069 184.389 404.731 489.821 603.698 717.576 909.408 1125.81 1342.2 1832.31 2380.04
3432.74 3726.76 4020.79 4233.6 4345.74 4457.88 4512.32 4511.79 4511.26 4430.63 4291.48 4152.34 3983.12 3797.25 3611.38 3245.68 2806.25 2366.83 2341 2435.29 2529.58 2571.07 2602.54 2634.01 2586.15 2530.1 2474.04 2330.32 2184.07 2039.52 1938.24 1836.96 1739.59 1676.19 1612.78 1552.43 1507.12 1461.81 1397.87 1273.21 1148.55 1010.58 841.655 672.726 553.188 519.13 485.073 453.104 2.83075 -456.098 -1015.76 -1251.38 -1190.4 -1148.87 -754.075 -403.957 -112.684 121.783 303.21 370.035 466.347 562.66 710.523 874.632 1038.74 1383.37 1766
3564.56 3839.18 4113.8 4310.91 4411.92 4512.93 4567.09 4576.62 4586.15 4543.97 4464.03 4384.09 4267.68 4131.08 3994.48 3686.24 3307.63 2929.02 2805.51 2756.08 2706.66 2721.48 2748.48 2775.49 2750.71 2720.58 2690.46 2561.79 2430.28 2299.79 2195.13 2090.48 1987.42 1898.16 1808.91 1723.49 1656.89 1590.29 1506.02 1364.21 1222.41 1073.99 910.199 746.406 620.978 561.947 502.916 461.77 -65.4717 -534.377 -971.871 -1169.21 -1184.28 -845.31 -550.854 -290.853 -69.5576 112.219 260.631 326.984 424.192 521.4 676.142 849.015 1021.89 1342.52 1694.26
3696.39 3951.61 4206.82 4388.23 4478.1 4567.98 4621.86 4641.45 4661.04 4657.32 4636.58 4615.84 4552.24 4464.91 4377.58 4126.79 3809 3491.21 3270.02 3076.88 2883.74 2871.9 2894.43 2916.96 2915.27 2911.07 2906.88 2793.26 2676.5 2560.06 2452.03 2344 2235.24 2120.14 2005.04 1894.54 1806.65 1718.76 1614.18 1455.22 1296.26 1137.4 978.742 820.086 688.768 604.764 520.76 470.435 -192.11 -298.023 -621.703 -775.563 -670.576 -497.237 -313.173 -139.044 13.087 136.022 218.052 283.934 382.037 480.141 641.761 823.398 1005.03 1301.67 1622.51
3835.57 4070.68 4305.79 4471.6 4551.48 4631.36 4685.16 4714.14 4743.11 4770.99 4798.07 4825.15 4805.23 4759.27 4713.3 4533.23 4298.18 4063.13 3771.48 3463.38 3155.28 3104.01 3101.42 3098.84 3101.31 3104.3 3107.3 3013 2915.91 2818.4 2710.48 2602.56 2491.61 2354.42 2217.23 2084.64 1974.68 1864.72 1740.02 1567.28 1394.55 1228.08 1076.2 924.326 784.759 666.499 548.24 213.179 487 156.102 -95.3156 -221.865 -225.224 -159.886 -65.5604 34.7656 124.926 200.73 190.214 255.585 354.307 453.029 621.146 811.13 1001.11 1277.4 1571.86
4030.63 4240.27 4449.92 4601 4679.48 4757.96 4813.26 4846.49 4879.71 4887.07 4875.53 4864 4818.31 4753.71 4689.11 4680.45 4694.71 4708.97 4553.65 4349.09 4144.52 3956.77 3772.2 3587.63 3450.55 3318.38 3186.22 3143.61 3103.59 3062 2980.69 2899.37 2812.94 2682.18 2551.41 2419.43 2281.51 2143.59 2000.26 1839.34 1678.41 1525.99 1393.36 1260.73 1095 871.964 648.93 523.737 527.24 530.744 306.203 208.638 151.431 148.475 176.053 218.739 251.123 284.161 274.365 338.926 436.166 533.406 705.111 900.281 1095.45 1379.14 1681.47
4225.68 4409.87 4594.05 4730.41 4807.49 4884.56 4941.36 4978.83 5016.31 5003.15 4953 4902.84 4831.4 4748.16 4664.93 4827.66 5091.23 5255.52 5211.73 5219.38 5133.76 4809.52 4442.97 4076.42 3799.79 3532.46 3265.13 3274.22 3291.27 3305.61 3250.9 3167.67 3129.34 3009.93 2885.59 2754.22 2588.34 2422.46 2260.51 2111.39 1962.27 1823.9 1710.52 1597.14 1405.24 1077.43 749.62 564.625 567.481 570.336 580.747 598.785 473.835 426.304 402.558 413.014 376.667 367.591 358.516 422.267 518.025 613.783 789.076 989.432 1189.79 1480.88 1791.07
4410.32 4570.39 4730.46 4851.73 4924.89 4998.05 5052.16 5088.13 5124.1 5091.56 5008.97 4926.38 4838.92 4748.76 4658.61 4957.76 5352.9 5338.68 5313.8 5310.72 5323.09 5306.13 5074.43 4600.86 4231.01 3871.87 3512.74 3533.07 3564.32 3592.86 3418.46 3261.31 3160.64 3139.05 3063.72 3044.69 2919.5 2736.11 2564.06 2428.96 2293.85 2168.81 2067.22 1965.63 1749.71 1335.91 922.104 683.559 675.536 667.513 674.508 696.664 718.821 680.345 594.863 509.38 470.341 458.697 447.053 507.841 600.462 693.083 872.061 1078.25 1284.44 1578.34 1890.71
4548.12 4690.16 4832.2 4936.7 4994.64 5052.58 5085.24 5093.82 5102.41 5055.62 4968.36 4881.11 4821.43 4777.02 4732.61 5010.92 5401.84 5418.33 5414.15 5402.03 5399.76 5399.62 5382.98 5285.57 5030.63 4774.53 4518.42 4354.91 4154.34 3893.69 3822.64 3380.36 3248.01 3159.38 3138.94 3123.73 3052.95 3045.91 3033.03 2951.05 2839.85 2725.01 2601.65 2478.3 2248.01 1832.62 1417.23 1153.23 1088.35 1023.48 974.752 942.34 909.928 845.046 754.991 664.936 613.289 584.296 555.303 603.448 685.495 767.542 950.646 1165.59 1380.54 1656.6 1945.52
4685.93 4809.94 4933.95 5021.66 5064.38 5107.11 5118.32 5099.52 5080.72 5019.67 4927.76 4835.85 4803.94 4805.28 4806.61 5064.08 5426.56 5438.8 5446.67 5451.16 5451.56 5446.47 5443.1 5430.84 5393.19 5283.68 5014.83 4507.81 4417.59 4072.05 3916.16 3609.71 3488.82 3403.03 3317.23 3224.9 3133.15 3127.3 3129.05 3174.95 3176.08 3149.17 3136.09 2990.97 2746.3 2329.33 1912.36 1622.9 1501.17 1379.44 1275 1188.02 1101.04 1009.75 915.12 820.492 756.236 709.895 663.553 699.056 770.529 842.002 1029.23 1252.93 1476.64 1734.85 2000.34
4811.36 4915.12 5018.89 5088.75 5116.57 5144.39 5137.42 5097.32 5057.21 4987.62 4896.5 4805.38 4795.8 4831.39 4866.97 5105.06 5426.16 5464.97 5483.13 5485.59 5489.37 5491.33 5572.55 5720.2 5669.7 5598.71 5527.72 5169.61 4801.43 4316.31 4160.48 4004.64 3855.79 3767.53 3679.27 3590.12 3496.58 3403.05 3314.95 3244.58 3188.04 3173.46 3148.87 3143.8 3133.48 2815.49 2417.29 2117.87 1948.39 1778.92 1625.79 1489.17 1352.56 1232.39 1124.97 1017.55 940.458 881.256 822.054 840.292 892.565 944.838 1134.19 1366.73 1599.27 1835.75 2073.05
4899.22 4976.02 5052.82 5101.54 5115.43 5129.32 5114.09 5071.14 5028.18 4967.41 4893.62 4819.84 4816.03 4850.97 4885.92 5109.03 5409.27 5483.14 5491.09 5492.8 5508.35 5514.98 5516.7 5512.73 5508.51 5490.53 5428.37 5309.67 5182.12 5004.57 4539.58 4387.05 4235.34 4090.8 3946.25 3816.25 3757.75 3699.26 3636.95 3562.22 3487.49 3391 3243.86 3152.69 3143.05 3120.24 2951.97 2689.67 2500.11 2310.55 2130.09 1958.82 1787.55 1630.98 1485.81 1340.64 1250.03 1191.59 1133.16 1120.1 1126.97 1133.85 1319.23 1560.87 1802.5 2005.39 2200.11
4987.07 5036.91 5086.75 5114.32 5114.28 5114.25 5090.76 5044.96 4999.15 4947.19 4890.75 4834.3 4836.25 4870.56 4904.87 5113 5392.38 5499.82 5507.69 5516.29 5525.94 5528.77 5527.58 5520.9 5524.62 5519.67 5492.71 5411.68 5304.13 5139.13 5015.09 4769.45 4614.89 4414.06 4213.22 4042.38 4018.93 3995.47 3958.95 3879.86 3800.76 3704.68 3569.04 3433.41 3260.65 3145.01 3119.84 3104.75 3051.83 2842.18 2634.39 2428.47 2222.55 2029.58 1846.66 1663.73 1559.59 1501.93 1444.27 1399.9 1361.38 1322.86 1504.28 1755.01 2005.73 2175.02 2327.17
5047.89 5077.07 5106.25 5118.88 5110.97 5103.07 5074.75 5026.98 4979.22 4933.31 4888.77 4844.22 4850.14 4884.01 4917.88 5115.72 5380.78 5504.1 5517.31 5523.64 5535.22 5535.54 5534.71 5530.98 5532.45 5545.42 5529.42 5462.1 5424.4 5325.91 5192.8 5058.02 4875.49 4636.01 4396.52 4197.64 4198.25 4198.85 4180.04 4097.95 4015.86 3920.05 3792.31 3664.57 3517.08 3335.43 3165.64 3163.19 3139.27 3108.17 2980.63 2750.92 2521.21 2303.25 2094.41 1885.56 1772.14 1715 1657.87 1592.01 1522.32 1452.63 1631.33 1888.3 2145.27 2291.5 2414.41
5049.49 5071.81 5094.14 5105.39 5102.9 5100.42 5074.75 5026.98 4979.22 4933.31 4888.77 4844.22 4850.14 4884.01 4917.88 5115.72 5380.78 5523.51 5531.07 5534.12 5559.46 5571.19 5579.95 5577.03 5579.26 5579.26 5574.88 5532.01 5452.61 5435.02 5363.02 5241.12 5140.51 5004.64 4396.52 4243.46 4198.25 4198.85 4180.04 4097.95 4015.86 3920.05 3792.31 3664.57 3517.08 3335.43 3183.73 3170.28 3167.65 3159.05 2980.63 2750.92 2521.21 2303.25 2094.41 1885.56 1772.14 1715 1657.87 1592.01 1522.32 1452.63 1631.33 1888.3 2145.27 2291.5 2414.41
