data/map/del8.asc
ncols         217
nrows         146
xllcorner     6.39591e+006
yllcorner     1.68973e+006
cellsize      1135.85
NODATA_value  -99999
[rows 90 to 119 of 146, columns 67 to 133 of 217]
5196.26 5318.17 5444.13 5570.1 5717.81 5866.49 6018.1 6293.22 6568.34 6865.7 7390.97 7916.24 8254.05 8742.55 9109.84 9466.25 9817.17 10072.3 10250.9 10495.8 10869.3 10883.4 10864.5 10839.7 10810.1 10776.5 10776.1 10810.6 10842.5 10871.4 10897.6 10878.4 10850.2 10828.5 10818.5 10824.2 10847.3 10890.3 10949.9 11254.6 11463.7 11558.5 11645.7 11890.5 12372.9 12587.4 12901 13175.5 13422.3 13643.5 13836.4 14022.1 14177 14341.8 14493 14628.9 14744.8 14862.9 14942.9 15012.8 15073.5 15119 15156.4 15236.8 15379.1 15443.5 15478.7
4998.56 5106.47 5222.32 5338.17 5481.91 5626.89 5774.79 6045.76 6316.72 6608.93 7118.99 7629.05 8093.21 8458.72 8803.84 9157.99 9529.16 9773.46 9965.67 10188.1 10562.9 10808.3 10793.8 10774.1 10750.2 10723.1 10693.8 10677.8 10718.1 10755.7 10790.3 10822.7 10850.2 10837.3 10834.2 10843.2 10866.2 10904 10956.2 11022.8 11443.6 11570.8 11700.6 11832.1 12177.8 12363.9 12636.8 12895.8 13142.8 13365.5 13564.3 13751.7 13906.7 14071.3 14221.7 14357.7 14475.6 14598 14685.4 14766.2 14839.2 14896.7 14947.9 14995.6 15085.9 15170.8 15221.9
4921.93 5012.4 5111.78 5211.15 5344.61 5479.58 5617.35 5872.89 6128.42 6227.61 6873.2 7343.36 7793.06 8130.83 8468.59 8814.78 9190.78 9526.33 9723.57 9885.23 10148.2 10499.4 10728.2 10712.6 10693.6 10672.1 10648.9 10625.1 10606.5 10642.5 10685.6 10726.7 10767.2 10808 10837.5 10848.3 10870.1 10903.6 10947.8 11098.1 11453.2 11580.3 11710.7 11847.4 12066.7 12226.2 12464.5 12689.8 12908.6 13131.5 13337.7 13529.8 13687.5 13853.5 14003.7 14138 14254.7 14376.6 14465.1 14548.9 14627.9 14692 14752.3 14812.8 14860 14891.6 14948.3
4891.89 4963.59 5044.05 5124.5 5245.24 5367.78 5492.94 5728.72 5687.22 6216.72 6637.49 7058.26 7464.79 7793.44 8122.08 8458.11 8820.27 9182.43 9516.51 9684.1 9826.05 10037.2 10413.5 10654.6 10639.6 10622.6 10604.5 10586.3 10583 10636.7 10657.3 10631.8 10680.4 10730.5 10783.5 10842.2 10862.6 10892.1 10930.4 11000.5 11395.7 11586.6 11714.6 11854.8 12019.1 12144.8 12338.4 12534.1 12724.2 12916.1 13120.2 13310.6 13470.1 13639.6 13791.9 13927.7 14045.6 14169.3 14256.1 14338.6 14416.7 14481.3 14543.7 14612.1 14690.7 14771.2 14831.5
4861.84 4914.79 4976.32 5037.85 5145.88 5255.98 5368.53 5584.55 5800.58 6030.41 6401.79 6773.16 7136.52 7456.05 7775.57 8101.44 8449.76 8798.07 9132.94 9434.22 9654.74 9782.26 9984.65 10394.4 10587.6 10574.3 10560.3 10546.5 10533.9 10599.2 10659.5 10594.8 10600.8 10649.6 10709.6 10774.1 10845.5 10872.1 10906 11091.1 11126.2 11585.2 11706.5 11837.9 11980.7 12124.9 12295 12454.7 12606.7 12757.7 12913 13090.2 13243.1 13411.8 13565.8 13703.6 13824.2 13949.8 14036.5 14118.6 14197.9 14263.2 14327.5 14398.8 14457.9 14500.7 14561.2
5003.04 5049.55 5105.23 5160.92 5257.59 5356.08 5455.99 5615.63 5775.28 5948.25 6257.85 6567.45 6875.19 7172.78 7470.36 7777.96 8120.99 8464.02 8792.64 9085.24 9377.85 9633.21 9749.49 10050 10470.5 10526.7 10515.9 10505.4 10496.8 10553 10625.3 10654 10577.6 10629.7 10690.6 10699.1 10772.3 10844.1 10874 11058.7 11248.6 11575.4 11688 11809.9 11940.6 12079.3 12230.7 12390.9 12514.6 12644 12777.1 12918.4 13060.2 13226.5 13382.5 13525 13651.6 13782.3 13869.1 13950.2 14029.4 14093.7 14157.7 14229.1 14289.3 14332.4 14375.6
5190.36 5233.75 5287.11 5340.47 5426.14 5513.25 5600.51 5693.91 5787.31 5894.14 6138.63 6383.11 6631.88 6904.08 7176.27 7463.41 7803.47 8143.53 8468.96 8757.86 9046.77 9381.42 9617.38 9724.66 10197.3 10479.5 10471 10463.1 10456.3 10600.2 10675.3 10594.8 10606.8 10609 10680.6 10732 10755.1 10794.4 10871.3 11054.1 11436.4 11496.2 11660.8 11772.7 11892.8 12020.7 12157.9 12303.9 12460.9 12561.1 12670.3 12777.4 12879.4 13030 13176.8 13314.6 13439.8 13570.7 13658.8 13740.3 13821.4 13888.2 13956 14033.6 14098.6 14144.7 14194.6
5377.68 5417.95 5468.98 5520.02 5594.7 5670.43 5745.03 5772.19 5799.34 5840.03 6019.4 6198.78 6388.57 6635.38 6882.18 7148.87 7485.95 7823.03 8145.27 8430.48 8715.69 9048.37 9468.56 9605.61 9924.12 10432.5 10425.8 10419.5 10414.4 10647.5 10725.2 10628.1 10576.9 10624.2 10655.1 10740.6 10849.2 10900 10893.5 11049.5 11267.9 11283.9 11625.1 11727.7 11836.8 11953.1 12076 12205.9 12342.1 12482.8 12553.4 12628.5 12695.2 12800.7 12924.7 13044.5 13156.5 13276.9 13360.8 13440.6 13522.5 13591.7 13663.2 13749.2 13825.1 13884.1 13949.7
5462.14 5538 5604.18 5670.36 5742.73 5815.38 5886.28 5883.54 5880.79 5886.81 5982.66 6078.52 6191.68 6399.51 6607.35 6838.99 7154.9 7470.82 7773.91 8045 8316.08 8638.69 9056.26 9473.83 9596.59 10236.1 10380 10374.9 10370.7 10386.3 10477.9 10508.5 10539.1 10551.9 10599.9 10683.4 10781.2 10850.8 10912.5 11099.1 11163.3 11156.3 11582.9 11675.5 11774.3 11878.2 11987.6 12101.4 12219 12337.4 12450.9 12495.3 12530.2 12592.1 12679 12763 12845.5 12938.8 13009.4 13080.5 13160.9 13231.6 13306.2 13399.9 13489.2 13565.1 13650.9
5528.94 5647.04 5731.36 5815.69 5887.25 5958.24 6026.97 6000.56 5974.16 5950.91 5960.08 5969.25 6002.74 6169.28 6335.82 6529.91 6821.54 7113.16 7394.37 7649.54 7904.72 8215.85 8630.14 9044.43 9494.25 9809.55 10333.8 10329.3 10325.5 10323 10365 10400.3 10536 10599.2 10590.1 10611.7 10696.1 10787 10879.9 11065.2 11078.1 11084.8 11429.2 11618 11705.9 11798.4 11894.3 11993.6 12094.8 12197 12298.2 12396.6 12403.7 12426.3 12458.9 12502.1 12547.3 12605.4 12652.6 12704.5 12772.5 12834.8 12903.2 13000.8 13101.8 13194.9 13301.1
5595.75 5756.08 5858.55 5961.02 6031.76 6101.09 6167.66 6117.59 6067.52 6015.01 5937.5 5859.98 5813.81 5939.05 6064.29 6220.83 6488.17 6755.51 7014.82 7254.09 7493.36 7793.02 8204.03 8615.03 9157.37 9493.27 10108.7 10282.8 10279 10276.2 10275.7 10337.4 10532.9 10646.4 10626.6 10606.8 10701.2 10849.2 10967.5 10984.5 10998.3 11010.9 11217.9 11545.3 11633.6 11714.4 11798.1 11883.3 11969.9 12057.3 12148.2 12253.8 12237.4 12224.4 12208.8 12195.3 12200.4 12219.3 12240.1 12272.2 12325.6 12378.1 12439.6 12535.4 12639.9 12743.1 12862.4
5051.29 5393.93 5689.62 5985.31 6102.38 6211.52 6316.54 6248.25 6179.96 6107.55 5992.93 5878.31 5794.1 5876.15 5958.21 6070.57 6290.15 6509.73 6730.58 6954.61 7178.65 7465.37 7867.66 8269.96 8770.12 9403.25 9543.66 10029.1 10231.6 10228.1 10225.6 10224.3 10292 10335.2 10384.3 10439.5 10502.3 10629.9 10822.5 10906.2 10920.5 10933.9 11029.9 11289.1 11548.2 11628.4 11699.7 11772.1 11843.7 11914.7 11983.3 12047.4 12088.7 12042.7 11986.1 11929.8 11886.7 11870 11865.3 11876.1 11912.4 11952 12003.2 12090.5 12191.5 12297 12418.7
4453.11 4990.38 5494.68 5998.97 6166.51 6319.09 6466.14 6380.1 6294.07 6202.58 6055.22 5907.85 5789.25 5827.96 5866.68 5934.25 6104.01 6273.77 6454.71 6663.57 6872.43 7146.08 7539.19 7932.29 8386.61 8926.38 9405.14 9488.32 9712.38 10027.4 10175.2 10172.3 10170.4 10169.6 10201.4 10341.6 10390.8 10445.8 10622.1 10830 10842.8 10855.5 10868.6 11036.7 11229.5 11540.5 11601.2 11660.8 11719 11773.7 11823.4 11863.7 11887.5 11890.4 11802.6 11719.3 11648.7 11597.7 11573.1 11566.3 11586.9 11613.9 11655.1 11732.4 11825.6 11923.6 12037.9
3854.94 4586.83 5299.73 6012.63 6230.64 6426.67 6615.74 6511.96 6408.18 6297.62 6117.5 5937.39 5784.41 5779.77 5775.14 5797.94 5917.88 6037.82 6178.85 6372.53 6566.21 6826.79 7210.71 7594.63 8003.11 8445.87 8888.63 9265.6 9483.07 9559.82 9718.37 10085.1 10115.1 10111.7 10108.9 10106.6 10273.9 10310.4 10421.7 10712.7 10765.8 10775.9 10786.1 10796.3 10910.8 11242.1 11502.8 11551.6 11597 11638.2 11672.3 11696.8 11707 11700.6 11677.3 11562.1 11467.1 11392.2 11341.4 11310.9 11319.9 11336.6 11370.8 11439.9 11523.9 11612 11715.9
3113.94 3691.79 4331.95 4972.11 5434.3 5888.59 6332.53 6340.25 6347.98 6339.32 6162.64 5985.96 5827.89 5771.59 5715.3 5693.25 5792.45 5891.65 6010.95 6180.44 6349.92 6578.8 6917.19 7255.57 7633.07 8065.17 8497.27 8865.97 9166.82 9467.67 9548.05 9682.54 10056.5 10053.1 10047.1 10041.2 10035.3 10175.1 10190.1 10348.6 10689.2 10696.8 10702.9 10708.6 10712.7 10946.8 11223.7 11444.8 11479.9 11509.1 11531.6 11543.7 11543.5 11527.4 11492.8 11432.5 11309.9 11215.1 11145.9 11103.6 11091.8 11105.2 11138.4 11203.2 11279.1 11358.3 11450.4
2927.78 3017.14 3352.34 3915.46 4624.8 5340.64 6042.69 6163.9 6285.11 6380.2 6207.51 6034.82 5872.11 5764.03 5655.95 5589.05 5667.96 5746.86 5844.71 5989.86 6135.02 6331.91 6624.2 6916.49 7263.23 7686 8108.77 8469.89 8765.05 9060.2 9402.5 9532.67 9664.63 9994.28 9985.29 9975.93 9966.03 9955.3 10042.5 10131.5 10385.2 10618.1 10621 10621.6 10620.5 10652.4 10845.5 11038.6 11356.3 11387.8 11400.2 11403.7 11395.3 11373.1 11333.9 11274.2 11189.5 11103 11005.7 10948.5 10921.1 10915.2 10929.9 10994.6 11068.4 11143.2 11229.5
2148.63 2623.6 2986.87 2986.9 3834.48 4793.12 5735 5970.85 6206.69 6407.09 6244.06 6081.02 5918.94 5762.06 5605.17 5495.63 5553.65 5611.66 5687.6 5808.28 5928.96 6094.73 6343.64 6592.55 6909.74 7322.23 7734.72 8087.69 8376.96 8666.22 9009.09 9396.04 9512.67 9636.64 9923.81 9911.19 9897.61 9882.79 9884.2 9945.61 10227.8 10534 10540.3 10537.1 10530.9 10521.5 10507.3 10592.6 10897.5 11213.9 11278.6 11274.9 11261.3 11235.3 11195.8 11140.8 11070.8 10990.4 10894.3 10849.1 10802.7 10778.8 10778.9 10821.5 10872.3 10949 11026.1
2045.99 2450.66 2861.75 2993.58 3403.97 4253.77 5092.49 5464.56 5836.62 6171.45 6124.52 6077.58 6014.77 5865.07 5715.37 5604.37 5630.37 5656.36 5701.68 5795.25 5888.82 6039.69 6296.2 6552.71 6862.69 7247.28 7631.88 7965.79 8245.46 8525.12 8854 9223.35 9426.28 9487.01 9765.09 9847.39 9830.43 9811.88 9791.38 9825.56 10002.2 10309.2 10462.3 10455 10444.9 10430.7 10412.3 10449.1 10718.5 10996.6 11165 11156.8 11139.1 11111.6 11072.8 11022.9 10962.1 10893.6 10819.9 10752.3 10663.1 10631.4 10630 10660.5 10702.2 10766.6 10833.2
1943.35 2277.72 2613.73 2949.73 2990.16 3714.42 4449.97 4958.26 5466.55 5935.81 6004.98 6074.14 6110.59 5968.08 5825.57 5713.12 5707.09 5701.07 5715.77 5782.22 5848.68 5984.64 6248.76 6512.88 6815.63 7172.33 7529.04 7843.89 8113.96 8384.03 8698.91 9050.66 9342.29 9398.89 9560.79 9784.89 9764.83 9742.92 9718.79 9706.39 9777.56 10114.2 10321.4 10376.3 10362.4 10344.9 10322.4 10305.6 10539.4 10779.3 11018.3 11047.2 11027.3 10998.6 10961.4 10915.2 10861.6 10801.9 10739.3 10677.2 10614.2 10565.9 10512.1 10531.4 10564.8 10615.7 10652.3
1866.32 2136.78 2404.33 2671.88 2988.29 3214.11 3842.78 4466.09 5089.4 5674.38 5866.37 6058.35 6200.42 6069.44 5938.46 5828.9 5795.14 5761.37 5749.69 5793.13 5836.57 5958.96 6226.93 6494.9 6788.08 7116.47 7444.85 7739.25 7997.28 8255.3 8555.34 8889.91 9224.49 9313.3 9364.51 9677.2 9701.08 9676.17 9648.86 9618.7 9695.49 10003.3 10101.7 10300.5 10284 10263.2 10238.3 10207.8 10345.8 10550.6 10754.4 10859.9 10923.6 10894.8 10858.4 10815.6 10766.6 10713.5 10658 10603 10550.5 10506.1 10471 10460.9 10487.1 10532.9 10551.8
1983.79 2238.93 2488.34 2737.76 2983.79 3010.42 3503.89 4081.2 4658.5 5217.01 5582.87 5948.72 6244.67 6158.26 6071.85 5998.1 5969.18 5940.26 5934.34 5985.86 6037.38 6156.35 6399.68 6643.01 6908.69 7205.56 7502.43 7765.76 7993.18 8220.61 8499.23 8819.94 9140.65 9228.93 9277.21 9480.17 9639.39 9611.85 9581.75 9548.73 9512.3 9725.08 9964.56 10008.1 10201.6 10186.4 10158.9 10126.9 10089.2 10235.3 10428.7 10526.7 10624.8 10727.9 10762.5 10721.5 10676.1 10627.1 10576.6 10526.2 10478.6 10437 10404.9 10388.4 10391.7 10411.3 10398.2
2101.27 2341.08 2572.36 2803.63 2991.63 3000.33 3165.01 3696.3 4227.59 4759.64 5299.36 5839.09 6288.93 6247.08 6205.24 6167.31 6143.22 6119.14 6118.99 6178.59 6238.19 6353.74 6572.43 6791.12 7029.29 7294.65 7560.01 7792.26 7989.09 8185.92 8443.12 8749.97 9056.82 9147.67 9191.46 9283.14 9482.56 9550.06 9517.6 9482.15 9443.33 9512.3 9677.4 9864.3 9901.2 10055.3 10084.7 10051 10012.7 9968.93 10102.9 10193.5 10284.2 10378.7 10521.2 10632.4 10588.8 10542.6 10494.6 10446.8 10400.7 10358.7 10322.9 10296.2 10279.8 10273.1 10279.3
2203.07 2431.59 2649.93 2868.26 2993.83 3000.33 2992.1 3358.63 3831.73 4324.08 5013.7 5703.31 6291.06 6321.58 6352.1 6372.69 6358.13 6343.56 6352.23 6418.92 6485.61 6595.79 6786.16 6976.53 7183.21 7412.69 7642.16 7841.97 8010.02 8178.08 8410.4 8695.58 8980.75 9068.04 9109.13 9146.69 9295.68 9472.6 9456.41 9418.97 9378.2 9334.4 9403.35 9578.95 9755.45 9786.73 9915.68 9980.29 9941.28 9897.85 9849.34 9885.94 9974.59 10065.4 10182.8 10300.2 10413.6 10459.4 10412.8 10365.4 10318.8 10273.9 10232.1 10193.8 10158.2 10122.1 10078.9
2234.44 2469.73 2698.51 2918.18 2990.75 3000.33 2996.55 3233.21 3593.38 3986.58 4718.31 5450.04 6103.87 6331.7 6559.53 6740.7 6756.66 6772.62 6803.85 6873.16 6942.48 7038.58 7184.05 7329.52 7486.87 7660.8 7834.73 7995.9 8143.41 8290.93 8482.82 8711.21 8939.61 8991.91 9028.76 9063.61 9231.08 9395.49 9398.19 9359.11 9316.82 9270.95 9332.02 9331.46 9480.59 9645.33 9688.36 9829.17 9874.72 9831.36 9784 9732.29 9804.13 9913.41 10002.5 10091.6 10177.2 10241.5 10305.9 10283.6 10234.9 10186.3 10137.7 10088.6 10036.9 9978.31 9904.39
2265.82 2507.88 2747.1 2932.7 2990.16 3000 2998.93 3107.78 3355.03 3649.09 4422.92 5196.76 5916.69 6341.83 6766.96 7108.7 7155.19 7201.69 7255.47 7327.41 7399.35 7481.36 7581.94 7682.52 7790.53 7908.91 8027.3 8149.83 8276.8 8403.77 8555.24 8726.85 8881.31 8917.66 8952.15 8997.92 9166.48 9318.37 9342.87 9302.48 9258.99 9212.14 9161.62 9222.3 9205.73 9378.69 9558.82 9588.94 9781.43 9769.27 9722.59 9672.5 9633.67 9761.44 9822.2 9882.96 9940.84 9981 10021.2 10082.9 10151.2 10098.5 10043.9 9985.99 9922.69 9849.74 9760.87
2310.34 2551.93 2794.03 2944.41 2987.27 2998.33 3000.33 3013.42 3175.72 3395.19 4200.71 5006.22 5775.88 6349.44 6923.01 7385.54 7455.01 7524.47 7595.21 7669.13 7743.04 7814.46 7881.27 7948.07 8018.96 8095.57 8172.17 8265.63 8377.15 8488.67 8609.72 8738.61 8812.87 8847.12 8877.7 8955.16 9117.88 9260.35 9290.38 9248.93 9204.54 9156.99 9106.05 9051.51 9110.69 9178.1 9368.16 9534.25 9607.16 9710.63 9664.93 9615.86 9564.02 9647.12 9686.57 9726.02 9763.02 9785.01 9807 9854.96 10003.2 10012.8 9953.15 9888.97 9817.96 9737.19 9642.38
2394.83 2613.9 2835.93 2983.64 2993.64 2994.53 3000.33 3013.42 3175.72 3395.19 4200.71 5006.22 5775.88 6349.44 6923.01 7385.54 7455 7524.47 7595.21 7669.13 7743.04 7814.46 7881.27 7948.07 8018.97 8095.57 8172.17 8265.63 8377.15 8488.67 8609.72 8714.03 8748.06 8778.55 8807.15 8955.16 9117.88 9260.35 9240.61 9198.32 9153.25 9105.23 9054.08 9047.8 9049.57 9178.1 9368.16 9485.13 9607.16 9655.5 9610.23 9562.28 9511.52 9647.12 9686.57 9726.02 9763.02 9785.01 9807 9854.96 9989.66 9930.42 9867.21 9798.58 9723.15 9638.58 9592.88
2479.31 2675.88 2877.83 2987.01 2999.7 2995.05 3000 3013.42 3175.72 3395.19 4200.71 5006.22 5775.88 6349.44 6923.01 7385.54 7455.01 7524.47 7595.21 7669.13 7743.04 7814.46 7881.27 7948.07 8018.96 8095.57 8172.17 8265.63 8377.15 8488.67 8609.72 8654.65 8685.04 8713.74 8749.4 8955.16 9117.88 9233.9 9193.44 9150.49 9104.92 9056.59 9005.38 9040.4 8998.95 9178.1 9368.16 9439.95 9607.15 9603.1 9558.54 9511.16 9505.44 9647.12 9686.57 9726.02 9763.02 9785.01 9807 9854.96 9913.61 9852.33 9786.4 9715.21 9637.34 9603.39 9685.29
2537.32 2718.43 2906.6 2987.51 3000.15 3001.32 3007.33 3027.48 3162.94 3375.53 4144.31 4913.09 5662.25 6304.07 6945.9 7463.32 7540.4 7617.48 7694.05 7769.33 7844.61 7914.68 7975.17 8035.66 8099 8166.3 8233.61 8318.3 8421.61 8524.91 8566.64 8596.9 8625.66 8650.92 8777.78 8976.48 9133.38 9189.85 9148.75 9105.29 9059.35 9010.83 8959.65 8987.13 8961.08 9133.2 9315.84 9397.8 9544.64 9553.65 9509.29 9462.62 9439.25 9582.13 9629.76 9677.4 9721.08 9740.49 9759.9 9806.97 9841.63 9778.56 9711.13 9638.34 9601.47 9644.1 9729.28
2537.32 2718.43 2906.6 2997.52 3000.33 2993.44 3039.97 3042.64 3122.15 3312.8 3964.38 4615.95 5299.68 6159.3 7018.92 7711.51 7812.88 7914.25 8009.41 8082.32 8127.68 8173.27 8216.72 8260.07 8300.98 8341.49 8379.31 8416.43 8450.63 8483.83 8513.89 8542.65 8568.05 8692.18 8868.34 9044.5 9182.87 9148.05 9106.44 9062.57 9016.36 8967.73 8916.63 8906.69 8888.56 8989.93 9148.87 9307.82 9345.16 9506.54 9462.66 9416.26 9367.73 9374.76 9448.52 9522.27 9587.27 9598.44 9609.62 9653.85 9773.45 9709.5 9640.96 9567.63 9551.06 9589.78 9674.84
