data/map/del8.asc
ncols         217
nrows         146
xllcorner     6.39591e+006
yllcorner     1.68973e+006
cellsize      1135.85
NODATA_value  -99999
[rows 30 to 59 of 146, columns 67 to 133 of 217]
15493.6 15497.5 15493.5 15447.4 15401.3 15353.1 15277.8 15191.2 15133.6 15082.2 15041.8 15006.6 14949.3 14911.4 14878.4 14951.7 15069 15138.1 15029.8 14895.1 14717.1 14511.1 14348.7 14038.3 13731.9 13387.9 13049.8 12744.9 12270.8 11990.7 11746.6 11544.4 11390.1 11254.4 11191.4 11165 11190.5 11134.3 11041 11081.4 11101.1 11104.2 11114.2 11140 11190.8 11244.4 11310.5 11389.8 11483.9 11653 11772.4 11891.3 12003.6 12104.1 12128 12163.9 12164.7 12122.5 11955.6 11812.6 11607.7 11268.1 10889.7 10304.8 9696.25 9575.43 8890.28
15644.3 15642.4 15609.3 15549 15519.7 15484.4 15394.4 15345.4 15309 15277.1 15264.6 15232.2 15199.8 15282.8 15387.1 15502.1 15585.7 15483.2 15456.7 15415 15285.2 15114.5 14779.9 14386.9 14074 13724.7 13389.3 13091.7 12691.3 12351.8 11993.9 11741.6 11539.7 11328.6 11249.7 11198.3 11215.6 11216.3 11233.4 11229.8 11133.7 11113.3 11129.8 11160.7 11217.6 11276.5 11349 11436.6 11540.8 11726.7 11856.4 11984.5 12104.7 12211.5 12332.9 12374.7 12384.3 12359.2 12286.4 12094.9 11909.5 11704.6 11391.9 10894.7 10273.3 9800.85 9689.88
15703.6 15711.2 15661.4 15646.4 15645 15645.8 15661.4 15673.1 15684.8 15702.8 15734.3 15631.4 15693.3 15785.5 15860.6 15961.3 15989.8 16011.1 16074 15914.9 15788.1 15624.8 15415.6 15134.4 14856.5 14546.7 14208.9 13917 13321.1 12954.2 12615.8 12308.7 12023.3 11659.2 11478.8 11381.3 11354.3 11285.1 11274.2 11307.4 11336.8 11371.6 11400.3 11434 11478 11537.3 11590.4 11629.9 11685.1 11903.5 12054.1 12201.8 12338.8 12457.3 12587.1 12633.4 12652.1 12642.5 12589.5 12412.5 12192.9 11959.8 11723.3 11435.6 10909 10269 10027.6
15841.5 15890.5 15869.3 15897 15972.2 16043.6 16062.5 16062.7 16080.9 16083.3 16144.9 16163.5 16219 16284.4 16353.6 16416.2 16502.6 16446 16409 16392.8 16259.7 16151.8 15930.2 15736.2 15540.3 15345.4 15144.3 14877.2 14229.6 13797.8 13441.9 13071.3 12715.4 12243.6 11984.7 11802.4 11676.1 11557.8 11488.7 11481 11500.2 11521.9 11542.4 11578.2 11649.6 11723.8 11814.7 11927.3 12044.8 12108.2 12278.8 12449.3 12607.8 12739.5 12867.2 12909.9 12933.3 12936.4 12900.2 12754 12528.9 12268 11959.8 11708 11454.7 10934.7 10278.3
15954.8 16068.6 16091.2 16165.5 16279.8 16394.3 16442.3 16488.2 16546.9 16598.1 16644.4 16689 16735 16783.1 16829.8 16892.6 16958.7 16940.1 16923.9 16878.3 16765.3 16617 16424.4 16253.6 16199.9 16135.5 15910.7 15690.9 15170.1 14903.6 14487.5 14038.3 13612.3 13044.2 12699.6 12433.2 12224.6 12055.3 11896 11825.5 11792.9 11774.2 11767.3 11788.9 11857.3 11931.9 12021.6 12134.4 12275.5 12452.9 12522.7 12720.3 12909.1 13059.3 13171.1 13198.1 13218.7 13230.2 13204.9 13075 12812.7 12632.1 12433.2 12075.8 11672 11403.5 10926.9
15972.6 16183.5 16261.3 16367.1 16533.6 16673.4 16761.7 16876.5 16971.1 17047.7 17108.4 17155.8 17194.2 17226.2 17264.8 17336.6 17392.2 17406.6 17382.4 17279.7 17168.6 17039.5 16918.5 16790.9 16660.3 16522.7 16377 16223.3 16060.9 15828 15465.1 15028.3 14742.4 14062.4 13610.4 13265.2 12969.7 12727.3 12456.1 12302 12200.9 12127.7 12081.2 12079.6 12138.8 12206.3 12281.5 12379.8 12513.8 12772.5 12831.3 12995.7 13221.5 13390.3 13477.4 13482.5 13491 13434.7 13238.9 13002 12803.6 12616.1 12441.8 12278.9 12091.1 11661.4 11330.6
15882.2 16205.7 16347.1 16499.2 16701.4 16841.3 17027.3 17191.2 17326.1 17432.9 17512.6 17566.8 17601 17620.8 17685.5 17740.9 17775.2 17776.5 17749 17638.8 17523.5 17403.1 17317.7 17134.1 17012.9 16884.9 16746.7 16611.4 16440.5 16270.8 16090.8 15905.2 15718.3 15123.2 14795.1 14332.9 13933.4 13590.4 13180.6 12924.2 12740.8 12605.7 12507.2 12471.3 12515.4 12565.1 12603.1 12665.4 12772.5 13013.6 13207.4 13244 13500.8 13638.4 13752.7 13749.7 13668.3 13480.7 13227.6 13068.1 12970.6 12838 12659.2 12409.3 12135.5 11942.9 11632.8
15711.8 16132.7 16342.5 16582.9 16818.9 16996.1 17219.4 17433.4 17611 17751.7 17854.9 17921.1 17956.9 18006.9 18067.3 18108.5 18112.5 18096.6 18084 17981.4 17825.6 17680.3 17585.3 17448.7 17363.8 17252.4 17125 16986.6 16831.8 16658.4 16473.6 16283.2 16091.7 15718.7 15415.1 14937.7 14505.7 14086.1 13603.5 13292.9 13062.6 12896.6 12765.5 12707.3 12741.8 12778.2 12786.1 12820.9 12928.4 13161.3 13344.5 13574.5 13633 13791.8 13904.9 13898 13717.1 13493.3 13231.2 13134.4 13096 13023.5 12920.4 12681 12390.4 12083.5 11781
15562.3 16066.9 16310.9 16601.6 16878.2 17050.8 17342.9 17605.2 17825.6 18002.1 18132.8 18216.7 18275.8 18350.7 18383.2 18446.2 18383.9 18366.3 18311.2 18148.1 18093.5 18040.9 17967.3 17813.7 17719.4 17624.5 17509.8 17380.1 17226.1 17049.1 16859.6 16664.9 16469.8 16281.2 16111.6 15732.7 15464.5 15090.5 14630.4 14276 13924.6 13698.5 13465.9 13350.2 13352.6 13347.3 13253.4 13205.1 13304.1 13521.9 13682.1 13891.7 13964.1 14146.1 14229.6 14045.3 13768.3 13521.4 13416.4 13303.7 13228.3 13175 13135.3 12945.3 12661.7 12334.1 11995.7
15353.9 15893.4 16204.7 16544.2 16813.6 17057.8 17404.8 17710.8 17971.5 18183.8 18344.6 18473.8 18558.9 18612.4 18635.9 18643.6 18652.3 18593.9 18535.1 18455.5 18421 18373.9 18311 18228.1 18122 17996.2 17896.5 17773.6 17620.7 17438.8 17243.9 17104.9 16921.9 16695.5 16491.1 16338.7 16205.2 16095.4 15757.6 15299.9 15051.2 14754 14439.3 14324.1 14221.6 14117.4 13882.2 13759.5 13820.6 14072.6 14224.4 14457.5 14484.1 14614.7 14444.3 14106.6 13867.5 13729 13599.1 13463.3 13367.8 13310.9 13261.6 13133.8 12899.4 12604.7 12255.6
14992.9 15644 16021 16353.7 16612.7 17028.7 17413.6 17756.2 18051.9 18297.2 18537.9 18682.4 18760.9 18816.9 18829.2 18875.1 18903.3 18840.3 18805.1 18740 18723.4 18698.2 18661.2 18607.2 18531.2 18429.5 18300.4 18155.4 18001.5 17817 17647.8 17483.6 17300.5 17114.7 16965 16809.9 16619.4 16459.3 16364.2 16243.3 15956.1 15701 15481.9 15283.7 15073.5 14968.3 14788.4 14686.7 14680.1 14871.1 14963.5 14991.4 15133.1 14888.7 14558.6 14286.9 14085.9 13898.3 13737.7 13579.5 13470.1 13405.2 13350.7 13295.6 13147 12910.5 12618.7
14714.9 15363.1 15793.7 16204.9 16516.8 16965.9 17378.8 17748.3 18070.7 18343.3 18563 18775.2 18864.9 18918.6 18961.9 19117 19076.4 19091.5 19073.1 19019 18999.8 18993.1 18977.3 18946.6 18894.9 18816.8 18708.6 18575.2 18422.3 18261.2 18093.4 17920 17731.1 17496.3 17325.6 17211.1 17094.5 16965.9 16728.5 16610.2 16521.7 16442.7 16328.4 16111.8 15897.5 15717.1 15586.3 15496.8 15449.2 15535 15614.1 15601.2 15297.8 15150.5 14790.9 14508.2 14237.1 13999.5 13807.2 13629.4 13512.6 13445.5 13390.9 13342.7 13294 13121.2 12887.1
14470 14919.2 15418.6 15924.6 16404.4 16880.4 17311.7 17698.1 18038.5 18332 18576.7 18769.2 18911.9 19013.1 19082.2 19257.6 19252.3 19286 19337.9 19286.8 19250.6 19259.3 19259.4 19245.1 19209.8 19149.2 19055.9 18934.6 18790.6 18631.9 18460.2 18277.4 18074.9 17840 17615.5 17525.4 17436.1 17339 17161.3 17029.9 16892.4 16750.2 16645.5 16560.9 16484.9 16420.6 16284.3 16194.1 16167.5 16066.6 15878.9 15657 15618.4 15444.1 14963.9 14615.5 14288.4 14009.7 13792.5 13604.1 13489.8 13428.9 13378.8 13332.2 13283.2 13188.2 13064.2
14182.4 14624.2 15218.4 15755.3 16278.5 16770.4 17213 17609.4 17961.7 18271.5 18539 18760.9 18937.3 19073.3 19178.4 19304.8 19368.2 19435.2 19477.9 19487.9 19498.1 19498.9 19510.4 19505.9 19481.1 19429.5 19344.1 19230.3 19093.4 18934.4 18761.1 18576.1 18371.5 18143.2 17949.6 17789.9 17669.1 17589.8 17443 17335.7 17222.8 17099.7 16960.5 16789.2 16685.8 16593 16494 16383.1 16255.2 16096.4 15965.6 15746.3 15653.1 15472.4 14988.4 14620.2 14273.1 13979.7 13755.1 13567 13458.2 13403.4 13357.4 13311.4 13261.4 13175.2 13106.6
13782.9 14384.8 15053.3 15572.4 16115.7 16620.6 17072.1 17476.7 17839.6 18165.3 18455.7 18707.9 18919.7 19093 19232.3 19344.2 19436 19547.8 19623.1 19673.7 19701.3 19717.5 19734.8 19735.2 19714.5 19665.5 19583.1 19473.9 19338.3 19181.2 19011.7 18832 18650.2 18453.2 18275.3 18117.4 17965.3 17820.6 17681.7 17554.3 17440.2 17328.2 17198.5 17028.1 16887.5 16747.4 16614 16443.8 16287.5 16089.3 15922.5 15761.6 15647.9 15456.3 14939.5 14538.2 14157.8 13843.8 13616.5 13443.4 13356.5 13321.2 13288.6 13245.8 13195.1 13120.9 13078.3
13416.3 14124.2 14837.8 15350.5 15891 16410 16873.1 17289.5 17667.4 18012.9 18329.8 18615.3 18864.9 19077.8 19256 19404 19551.9 19671.8 19747.1 19830 19871.9 19920.2 19942.2 19939.7 19918.8 19868.6 19786 19676.2 19544.5 19393.7 19232.9 19065.8 18890 18765.2 18579.5 18425.9 18274.9 18127.9 17980.9 17829.6 17721.5 17625 17507.8 17284.9 17117.8 16946.8 16779.7 16618 16451 16138.1 15892.9 15662.7 15567.2 15354.8 14789.1 14356.9 13949.1 13626.9 13418.9 13281.7 13226.9 13215.8 13201.6 13166.9 13124 13068.6 13011.3
13070.6 13799 14403.1 15013.8 15616.1 16113.1 16595.7 17033.8 17436.5 17810.9 18207.4 18545.7 18862.4 19121 19326.3 19437.1 19594.6 19751.2 19861 19957.7 20044.7 20106.9 20139.3 20145.5 20122.1 20071.3 19964.6 19856.3 19730.6 19589.6 19440 19287.3 19129.5 18971.9 18855.2 18674.5 18530.7 18382.2 18228.8 18066.4 17937.9 17859.1 17757.2 17540.6 17359.7 17160.8 16956 16747.6 16525.8 16131.1 15848.8 15631.9 15452.1 15182.3 14581.3 14122.4 13689.7 13369.2 13208.2 13126.1 13098.1 13097.9 13097.9 13089.8 13031 12934.6 12852.2
12939.8 13365.8 13944.2 14523.8 15141.2 15740.3 16219.8 16694.3 17136.4 17552.7 17981.1 18365 18728.9 19068.7 19312.7 19445.3 19640.4 19802.6 19970.4 20096.5 20197.8 20277.3 20342.6 20347.7 20309.5 20263 20196.1 20021.2 19903.1 19772.7 19636.2 19498.3 19357.2 19208.6 19112.6 18926.6 18766.2 18614.6 18454.7 18280.4 18090.5 18021.5 17941 17739.2 17544.7 17317.2 17071.6 16816 16549.9 16113.1 15814.2 15551.7 15318.3 15008.6 14372.5 13896.9 13456.4 13145 13073 13024.1 12980.7 12958.4 12940.2 12908.3 12840.4 12713.3 12615.6
12519.8 12847.6 13496.9 14035.8 14664.9 15295.9 15917.3 16343.5 16764.4 17235.6 17708.5 18228.4 18635.7 18954 19253.9 19429.9 19744.2 19914.7 20093.8 20206.1 20308.1 20424.7 20501.4 20508.9 20470.3 20410.1 20345.4 20239.5 20109.4 19973.8 19836.7 19705.6 19573.6 19443.4 19344.9 19189.3 19022.9 18826.9 18665.1 18482.1 18278.2 18110.1 18055.7 17880.3 17672.2 17416.5 17130.9 16831.6 16435.7 16089.9 15812.3 15534.9 15233.1 14873 14222.9 13848.1 13480 13131.9 12976.2 12904.6 12841.9 12791.6 12738.8 12673.5 12584.8 12429 12318.3
12360.2 12571.8 12938.9 13599.6 14229.6 14829.6 15374.9 15897.8 16414.9 16904.7 17376.7 18002.2 18508.5 18967.4 19291.9 19453.9 19775.7 19961.8 20164.6 20278.9 20386 20553.5 20616.6 20631.3 20598 20522 20451.6 20388.7 20319.6 20205.8 20078.7 19954.6 19813.3 19680.4 19586.4 19457.8 19324.3 19148.1 18902.1 18673.4 18457.2 18215.9 18099.9 17941 17725.8 17452.6 17142.4 16816.4 16378 16061.4 15806.9 15530.6 15198.3 14807.4 14241.6 13878.9 13530.3 13199.6 12924.8 12833.4 12750.5 12679.3 12602.8 12515 12408.5 12232.2 12112.5
12204.2 12283.8 12768.7 13138 13739.5 14428 14929.7 15423 15943.9 16503.6 17249.4 17810.2 18381.7 18800.5 19199.3 19418.5 19711.3 19963.5 20173 20299 20425.1 20606.5 20680.4 20707.2 20623.5 20585.3 20524.8 20470 20417.9 20305.5 20184.2 20079.8 19981.6 19878.6 19787.7 19694.7 19590.6 19449.7 19233.3 18929.9 18657.9 18359.2 18142.7 17992 17770.2 17472.3 17128.1 16764.4 16296.4 15983.6 15779.2 15525.7 15155.6 14729.8 14275 13932.1 13606.2 13296.1 13001 12753.9 12629.5 12524.8 12414.6 12295.3 12161.5 11953.5 11819.5
12114.9 12241.8 12412.8 12973.3 13387.6 13906.2 14452.9 14969.6 15505.6 16070.8 16776.6 17539.3 18147.6 18568.5 19037 19340.4 19668.1 19936.7 20139.6 20303.6 20479.7 20605.3 20690 20733 20673.2 20655.2 20615 20565.9 20494.3 20439.2 20378 20277.6 20155.1 20058 19977.1 19896.5 19805.5 19687.1 19497.9 19226.2 18871.2 18541.8 18219.3 18044.6 17800.9 17472.4 17089.8 16680.2 16321.6 15991.4 15678.3 15453.6 15060.1 14658.5 14325.6 14006.1 13706 13419.4 13141.7 12881.3 12632.8 12398.6 12199.1 12043.8 11902.1 11797.1 11693.1
12031.6 12155.7 12299.8 12471.3 12836.2 13525.2 14159.3 14637.3 15172.5 15706.7 16299.9 17062.5 17715.7 18318.5 18848 19192.1 19513.9 19869.7 20070.1 20259.8 20411.2 20538.6 20636.9 20702 20732 20688.9 20676 20657.7 20607.7 20542.1 20479.4 20398.1 20314.1 20216 20138 20059.2 19972.4 19855.1 19684.5 19439.8 19120.1 18728.4 18344 18066.8 17809 17464.8 17054.6 16693.4 16350.5 16011.6 15676.4 15345.7 15023.5 14709.2 14387.6 14047.3 13780.7 13558.3 13297 13051.7 12812.7 12582.1 12373.5 12196 12046.1 11837.9 11667.4
11944.9 12049.5 12159.5 12290.8 12570.8 13338.4 13911.4 14355 14806.6 15317.4 15961.8 16534.2 17292.7 18027.6 18536.1 18954.4 19331.7 19707.7 19972.6 20121.7 20264 20397 20514.1 20608.5 20675.8 20714 20725.1 20717.4 20695.3 20650.4 20585.4 20511.9 20447.5 20375.2 20271.5 20185.2 20088.3 19966.7 19795.7 19572.7 19286.3 18939.5 18542.4 18137 17820.2 17477.7 17093.9 16736.6 16384.2 16031.6 15710.1 15389.5 15081.2 14782.2 14305.4 14011.6 13788.3 13618.1 13401.3 13065.3 12764.4 12539.1 12324.8 12114.5 11900.2 11596.6 11414.9
11859 11938.1 11998.1 12006.5 12149 12792.7 13483.6 14009.3 14425.8 14905.6 15482.2 16142.3 16845.2 17637.3 18228.6 18742.3 19176 19522.8 19733.6 19894.4 20043.3 20192.4 20336 20465.4 20573.6 20655.1 20769.9 20787.3 20786.1 20732.1 20689.6 20625 20552.7 20492.4 20412.7 20277.3 20162.6 20023.1 19849.9 19634.6 19375.8 19071.3 18645.6 18290.9 17915.5 17536.4 17152.6 16784.5 16426.3 15977.1 15670.2 15377 15059.7 14682 14222 13950.8 13742.9 13596.4 13360 12987.4 12655.1 12408.3 12177.3 11954.7 11731.8 11422 11242.5
11782.3 11845.6 11888.2 11894.6 11848.8 12190.3 12782.5 13406.1 14033.1 14459.5 15064 15753.7 16438.6 17120.7 17904.5 18470.7 18925.6 19256.8 19442.3 19601.7 19798.5 19978.5 20130.7 20274.1 20426.7 20553.4 20731 20782.3 20812.4 20825.3 20814 20750.1 20652.3 20566.1 20465.2 20384 20204.8 20052.5 19874.5 19667.3 19427.9 19156.4 18794.1 18455.4 18090.6 17703.5 17304.4 16878.5 16490.3 16031.6 15639.2 15327.7 15004.4 14623.5 14157.5 13886.5 13690 13523.3 13278.3 12897.3 12554.5 12300.1 12064.9 11842.1 11621.7 11323.6 11166
11717.9 11774 11814.4 11834.7 11836.8 11842.6 12101.3 12692.6 13452.8 13936.6 14574.2 15328.5 16028.4 16714.3 17352.4 18025.6 18501.4 18830.6 19125.3 19400.9 19634.4 19817.9 20020.3 20113.4 20238.5 20493.2 20638.7 20672.8 20749.3 20796.7 20878.8 20853.3 20764.2 20657.4 20542.9 20413.3 20264.8 20068.9 19893.5 19696.2 19474.3 19191 18912.2 18606.1 18275.1 17922.4 17551.4 17165 16771.5 16368.4 15960.2 15549 15139.4 14728.7 14324.8 13926.8 13664.7 13499.6 13232.1 12935 12704.7 12451.4 12218.6 12000.2 11785.4 11491.1 11323
11664.6 11718 11760.8 11793.2 11820.9 11860.9 11944.2 12166.1 12761 13473.9 14173.8 14877.9 15575.3 16257.6 16941 17546.3 18043.5 18476.2 18809.1 19094.7 19335.5 19609 19815.5 19941.8 20073.3 20236.2 20434.2 20587.8 20693.6 20764.8 20869.3 20882.5 20777 20657.7 20537.7 20407.4 20223.2 20072.3 19906 19722.5 19518.6 19264.1 19010.8 18731.5 18428.3 18103.2 17761 17405 17041.6 16626.4 16241.7 15875.5 15475.9 15042.8 14640.7 14308.5 13923.2 13607.8 13334.5 12955.5 12622.8 12378.6 12157.6 11954 11756.4 11486.3 11343.6
11561.1 11672.7 11717.7 11756.2 11792.8 11836 11898 11986.8 12032.9 12689 13504 14418.6 15098.1 15759.7 16383.4 16950.3 17609.5 18059.3 18433.5 18761.1 19033.5 19320.7 19566.9 19729.2 19869.7 20036.1 20279 20478.4 20611.4 20721.9 20786.2 20787.2 20699.3 20591.9 20477.9 20357.3 20197.8 20065 19908.3 19744.5 19560.8 19332.2 19101 18843.5 18561.6 18258.3 17940.9 17610.8 17274.3 16926.5 16553.9 16176.7 15751.7 15257.6 14733.3 14302.3 14049.3 13673.7 13435.8 13130 12715 12344.7 12139.1 11952.4 11772.5 11528.2 11388
11446.9 11583.3 11680.9 11721.4 11757.9 11792.4 11825.1 11850.1 11975.4 11941.1 12728.4 13816.9 14520.1 15229.9 15854.7 16428.1 17122.7 17574.7 17984.9 18354.3 18668.9 18995.4 19283.3 19479.7 19644.6 19835.4 20057 20354.5 20563 20637.8 20682.5 20655.5 20605.3 20538.8 20444.5 20326.3 20212 20136.2 19971.2 19752.2 19568.9 19389.3 19181.7 18945.8 18683.3 18400.5 18163.9 17877.9 17477 17150.6 16814 16466.5 16105.7 15591.5 14962.6 14462.7 14094.4 13698.6 13461.9 13179.7 12881.3 12567.4 12168.9 11991.9 11818.1 11569.6 11408.4
