data/map/eo8.asc
ncols         217
nrows         146
xllcorner     6.39591e+006
yllcorner     1.68973e+006
cellsize      1135.85
NODATA_value  -99999
[rows 60 to 89 of 146, columns 0 to 66 of 217]
4661.13 4889.17 5117.22 5294.3 5408.18 5522.07 5581.76 5589.83 5597.9 5608.06 5619.76 5631.45 5660.03 5697.98 5735.92 5787.41 5844.46 5901.5 6027.33 6173.13 6318.94 6400.63 6470.17 6539.71 6625.76 6713.51 6801.27 6876.8 6951.98 7026.21 7076.29 7126.37 7179.75 7261.8 7343.84 7420.88 7473.29 7525.71 7576.44 7621.68 7666.92 7719.82 7790.57 7861.32 7930.02 7995.17 8060.32 8183.78 8383.95 8584.12 8800.83 9034.23 9267.64 9521.85 9792.19 10062.5 10306.3 10534.4 10762.5 11053.8 11370.7 11686.8 12002.3 12331.7 12519.9 12711.1 12856.2
4418.31 4677.88 4937.46 5136.66 5261.01 5385.36 5454.7 5471.64 5488.59 5509.78 5534.08 5558.37 5594.54 5637.29 5680.04 5736.18 5797.81 5859.45 5988.52 6137.18 6285.84 6366.66 6434.62 6502.58 6588.63 6676.55 6764.47 6844.86 6925.04 7003.97 7051.18 7098.38 7149.92 7239.08 7328.25 7411.59 7466.34 7521.09 7575.45 7628.51 7681.57 7743.08 7824.24 7905.39 7980.68 8045.81 8110.93 8226.03 8406.84 8587.65 8783.26 8993.82 9204.38 9418.77 9636.12 9853.46 10050.7 10236 10421.3 10685.2 10983.5 11281.8 11631.7 11997.9 12287.4 12520.3 12702.4
4177.46 4465.81 4754.15 4973.64 5107.76 5241.88 5321.84 5350.23 5378.62 5411.95 5448.89 5485.84 5529.37 5576.54 5623.72 5683.96 5749.56 5815.16 5946.22 6096.3 6246.38 6326.75 6393.91 6461.06 6547.2 6635.3 6723.4 6808.35 6893.22 6976.57 7021.36 7066.14 7116.21 7212.08 7307.95 7397.39 7455.28 7513.17 7571.74 7632.54 7693.33 7763.18 7854.07 7944.96 8026.44 8091.62 8156.79 8264.16 8427.02 8589.88 8765.6 8954.31 9143.02 9320.37 9488.91 9657.45 9810.56 9954.57 10098.6 10335.4 10613 10890.6 11265.6 11671.3 12050.1 12315.3 12534.1
3964.88 4242.47 4520.05 4733.45 4867.29 5001.13 5105.74 5182.49 5259.25 5320.66 5370.86 5421.06 5468.68 5514.87 5561.07 5617.5 5678.13 5738.76 5853.77 5984.59 6115.4 6201.44 6278.99 6356.54 6444.02 6532.52 6621.02 6706.2 6791.28 6875 6924 6973 7026.93 7123.54 7220.15 7312.69 7385.22 7457.75 7529.05 7596.32 7663.6 7737.99 7828.94 7919.88 8001.8 8068.08 8134.36 8243.3 8408.36 8573.41 8746.48 8927.65 9108.82 9289.18 9468.91 9648.63 9792.93 9916.33 10039.7 10256 10513.2 10770.3 11121.5 11502.3 11822.1 12101.5 12344.5
3752.31 4019.12 4285.94 4493.26 4626.83 4760.39 4889.63 5014.75 5139.88 5229.37 5292.82 5356.28 5408 5453.21 5498.41 5551.04 5606.7 5662.36 5761.33 5872.87 5984.42 6076.13 6164.08 6252.02 6340.84 6429.75 6518.65 6604.04 6689.34 6773.42 6826.64 6879.86 6937.65 7035 7132.36 7227.99 7315.16 7402.34 7486.36 7560.12 7633.87 7712.81 7803.81 7894.8 7977.16 8044.54 8111.93 8222.45 8389.7 8556.95 8727.37 8901 9074.63 9257.99 9448.9 9639.81 9775.29 9878.09 9980.88 10176.7 10413.4 10650 10977.4 11323.7 11619.4 11893.3 12142
3510.92 3754.4 3997.89 4193.42 4329.5 4465.58 4619.15 4789.37 4959.6 5084.37 5175.95 5267.52 5330.67 5378.07 5425.48 5474.58 5524.38 5574.19 5659.62 5755.4 5851.18 5947.24 6043.34 6139.45 6228.63 6317.09 6405.55 6489.48 6573.27 6656.06 6713.24 6770.43 6831.79 6929.29 7026.79 7124.83 7225.46 7326.1 7421.81 7501.48 7581.14 7664.32 7755.67 7847.03 7931.09 8002.51 8073.94 8187.88 8357.75 8527.62 8696.89 8865.57 9034.24 9221.47 9423.08 9624.7 9754.96 9843.14 9931.32 10107.2 10321.6 10536.1 10838.3 11168.1 11444.9 11701.4 11934.2
3078.13 3214.82 3351.5 3497.33 3654.5 3811.66 3987.49 4181.1 4374.7 4582.64 4801.05 5019.46 5142.81 5213.52 5284.22 5331.75 5369.77 5407.8 5496.38 5599.64 5702.9 5794.54 5883.97 5973.39 6056.44 6138.82 6221.21 6292.44 6363.34 6433.82 6493.3 6552.77 6615.78 6709.49 6803.19 6899.02 7005.29 7111.56 7212.08 7293.87 7375.66 7461.04 7554.77 7648.5 7742.68 7837.62 7932.56 8062.21 8237.53 8412.85 8590.94 8771.83 8952.73 9149.54 9358.69 9567.83 9716.73 9830.1 9943.46 10103.4 10283.8 10464.2 10732.4 11028.3 11324.2 11510.7 11732.5
2645.34 2675.23 2705.12 2801.25 2979.49 3157.74 3355.83 3572.82 3789.81 4080.91 4426.15 4771.4 4954.95 5048.96 5142.96 5188.91 5215.17 5241.42 5333.15 5443.89 5554.63 5641.84 5724.59 5807.34 5884.25 5960.55 6036.86 6095.4 6153.42 6211.59 6273.35 6335.11 6399.78 6489.68 6579.59 6673.21 6785.11 6897.02 7002.35 7086.26 7170.18 7257.76 7353.87 7449.98 7554.27 7672.73 7791.18 7936.55 8117.31 8298.08 8484.99 8678.1 8871.22 9077.61 9294.29 9510.97 9678.5 9817.05 9955.59 10099.6 10245.9 10392.3 10626.6 10888.5 11150.5 11347.5 11530.8
2248.33 2190.53 2132.73 2180.3 2358.52 2536.73 2748.31 2991.68 3235.05 3591.94 4031.75 4471.56 4698.99 4808.79 4918.58 4960.43 4974.44 4988.44 5103.84 5248.69 5393.54 5478.95 5553.1 5627.24 5696.58 5765.42 5834.26 5881.72 5928.56 5975.95 6037.5 6099.06 6162.87 6246.3 6329.72 6418.38 6532.73 6647.08 6755 6841.97 6928.94 7019.97 7120.45 7220.93 7335.32 7473.8 7612.29 7774.77 7968.84 8162.91 8361.73 8565.35 8768.96 8980.88 9199.24 9417.59 9597.12 9753.73 9910.35 10042.4 10163.8 10285.1 10493 10721.9 10963.5 11149.6 11322.2
1997.57 1930.2 1862.83 1866.55 1958.41 2050.28 2239.51 2521.49 2803.47 3155.09 3557.6 3960.11 4164.64 4259.52 4354.4 4381.86 4381.67 4381.49 4604.47 4892.26 5180.05 5274.41 5332.09 5389.77 5445.66 5501.36 5557.06 5600.03 5642.62 5685.54 5736.69 5787.83 5840.51 5906.51 5972.51 6044.9 6148.67 6252.45 6353.89 6447.73 6541.57 6641.16 6754.13 6867.09 6991.52 7135.78 7280.04 7465.42 7704.9 7944.38 8167.74 8374.83 8581.92 8782.81 8978.88 9174.96 9339.3 9484.93 9630.56 9767.39 9900.36 10033.3 10246.1 10484.1 10722 10917.9 11104.8
1746.82 1669.87 1592.92 1552.79 1558.31 1563.83 1730.71 2051.29 2371.88 2718.25 3083.45 3448.66 3630.3 3710.26 3790.23 3803.28 3788.91 3774.53 4105.09 4535.83 4966.57 5069.87 5111.08 5152.3 5194.74 5237.3 5279.87 5318.34 5356.69 5395.13 5435.87 5476.61 5518.16 5566.73 5615.3 5671.41 5764.61 5857.81 5952.78 6053.49 6154.21 6262.35 6387.8 6513.25 6647.71 6797.75 6947.79 7156.07 7440.96 7725.85 7973.75 8184.32 8394.88 8584.74 8758.53 8932.33 9081.49 9216.13 9350.78 9492.35 9636.96 9781.58 9999.23 10239.9 10480.6 10686.1 10884.2
1512.45 1434.83 1357.21 1290.71 1238 1185.28 1322.41 1640.35 1958.28 2270.21 2577.74 2885.28 3034.37 3095.72 3157.06 3163.08 3146.42 3129.76 3554.35 4107.08 4659.82 4793.1 4846.87 4900.64 4938.37 4974.44 5010.51 5045.1 5079.65 5114.15 5147.56 5180.98 5214.52 5249.16 5283.8 5326.39 5408.07 5489.75 5577.59 5685.48 5793.38 5909 6042.56 6176.12 6316.63 6469.16 6621.69 6846.85 7167.53 7488.22 7750.31 7953.25 8156.19 8330.23 8481.86 8633.49 8769.13 8895.32 9021.52 9168.44 9324.47 9480.51 9701.42 9942.77 10184.1 10387.8 10619.7
1324.17 1270.93 1217.69 1174.01 1142.16 1110.31 1196.82 1396.07 1595.31 1790.7 1983.26 2175.82 2265.23 2297.51 2329.78 2349.49 2364.04 2378.59 2859.07 3474.86 4090.66 4313.16 4461.1 4609.04 4666.66 4714.94 4763.22 4795.65 4827.62 4859.7 4894.46 4929.21 4963.53 4994.08 5024.63 5061.43 5128.93 5196.43 5275.31 5391.27 5507.24 5627.24 5756.62 5886.01 6021.38 6167.13 6312.87 6537.96 6867.41 7196.87 7444.03 7608.12 7772.2 7916.97 8046.76 8176.55 8303.27 8428.19 8553.1 8707.1 8873.88 9040.67 9260.31 9496.61 9732.91 9981.04 10231.7
1135.88 1107.03 1078.18 1057.3 1046.32 1035.34 1071.24 1151.79 1232.34 1311.18 1388.78 1466.37 1496.09 1499.3 1502.51 1535.9 1581.66 1627.43 2163.79 2842.65 3521.5 3833.21 4075.33 4317.44 4394.95 4455.44 4515.93 4546.2 4575.6 4605.25 4641.35 4677.44 4712.54 4739.01 4765.47 4796.47 4849.79 4903.1 4973.03 5097.06 5221.1 5345.49 5470.69 5595.89 5726.13 5865.09 6004.05 6229.07 6567.29 6905.52 7137.75 7262.98 7388.22 7503.71 7611.66 7719.61 7837.42 7961.05 8084.68 8245.76 8423.29 8600.83 8819.2 9050.45 9281.69 9557.91 9843.6
1007.76 996.467 985.171 980.019 982.483 984.946 986.416 986.939 987.462 987.836 988.101 988.367 978.389 962.737 947.085 983.674 1041.68 1099.68 1662.18 2371.2 3080.21 3461.64 3780.96 4100.28 4184.17 4243.72 4303.27 4328.72 4353.2 4377.77 4404.99 4432.21 4459.48 4487.18 4514.88 4545.39 4589.7 4634.02 4697.08 4821.25 4945.41 5070.08 5195.93 5321.79 5450.49 5584.1 5717.71 5935.82 6265.07 6594.33 6813.04 6920.13 7027.22 7126.41 7219.47 7312.53 7424.44 7547.46 7670.48 7837.43 8023.68 8209.93 8427.21 8654.26 8881.31 9174.79 9482.27
1002.93 995.203 987.477 983.515 984.219 984.922 985.127 984.857 984.587 984.523 984.61 984.696 975.974 962.372 948.77 967.067 998.442 1029.82 1557.45 2229.21 2900.97 3312.14 3673.9 4035.66 4098.25 4129.91 4161.58 4176.77 4191.49 4205.56 4202.97 4200.38 4202.17 4242.02 4281.86 4322.74 4368.67 4414.61 4475.12 4583.11 4691.11 4807.66 4944.09 5080.53 5215.05 5346.24 5477.43 5674.6 5958.54 6242.49 6450.53 6581.94 6713.35 6822.8 6915.22 7007.63 7119.8 7243.61 7367.42 7537.76 7728.54 7919.33 8135.85 8360.49 8585.12 8873.69 9175.71
998.093 993.938 989.783 987.011 985.954 984.898 983.838 982.775 981.713 981.211 981.118 981.026 973.558 962.007 950.455 950.46 955.204 959.947 1452.72 2087.22 2721.73 3162.63 3566.84 3971.04 4012.33 4016.11 4019.89 4024.82 4029.79 4033.34 4000.94 3968.54 3944.86 3996.85 4048.85 4100.09 4147.64 4195.2 4253.15 4344.98 4436.82 4545.24 4692.25 4839.27 4979.61 5108.38 5237.16 5413.38 5652.01 5890.65 6088.03 6243.76 6399.49 6519.19 6610.96 6702.73 6815.15 6939.76 7064.36 7238.09 7433.41 7628.73 7844.5 8066.72 8288.94 8572.58 8869.14
994.538 992.691 990.843 989.941 990.212 990.483 988.789 985.223 981.656 980.005 979.753 979.5 972.928 962.855 952.781 946.292 941.271 936.25 1403.91 2008.85 2613.8 3063.06 3482.82 3902.58 3931.53 3920.08 3908.64 3902.09 3895.67 3887.84 3843.81 3799.79 3766.1 3822.02 3877.95 3932.52 3980.45 4028.39 4085.22 4171.04 4256.87 4363.53 4518.72 4673.9 4816.13 4935.91 5055.69 5209.94 5409.51 5609.08 5793.18 5961.65 6130.12 6257.14 6352.01 6446.88 6559.5 6682.59 6805.68 6977.32 7170.29 7363.26 7570.83 7783 7995.17 8271.31 8560.92
992.954 991.469 989.983 991.998 998.355 1004.71 1003.35 994.646 985.939 982.043 981.661 981.28 975.046 965.571 956.096 961.282 972.478 983.674 1441.26 2028.48 2615.7 3040.41 3434.3 3828.2 3858.6 3851.43 3844.26 3824.34 3804.05 3783.48 3755.85 3728.22 3708.33 3755.53 3802.74 3849.8 3896.2 3942.61 4000.52 4095.98 4191.43 4306.17 4465.8 4625.43 4763.48 4864.15 4964.82 5095.5 5265.62 5435.75 5602.53 5765.92 5929.31 6059.1 6162.84 6266.59 6379.32 6497.34 6615.37 6776.47 6956.5 7136.53 7324.42 7514.77 7705.13 7969.81 8250.13
991.37 990.247 989.123 994.056 1006.5 1018.94 1017.92 1004.07 990.222 984.081 983.57 983.059 977.164 968.287 959.41 976.272 1003.69 1031.1 1478.6 2048.11 2617.61 3017.75 3385.79 3753.82 3785.67 3782.78 3779.89 3746.6 3712.43 3679.12 3667.89 3656.65 3650.56 3689.04 3727.52 3767.09 3811.95 3856.82 3915.83 4020.91 4126 4248.81 4412.89 4576.96 4710.83 4792.39 4873.96 4981.06 5121.74 5262.43 5411.88 5570.19 5728.5 5861.06 5973.68 6086.29 6199.13 6312.1 6425.06 6575.63 6742.71 6909.8 7078 7246.54 7415.09 7668.3 7939.34
1032.34 1042.88 1053.42 1065.2 1078.52 1091.84 1088.08 1068.06 1048.04 1037.01 1032.53 1028.06 1021.43 1013.61 1005.8 1047.6 1109.75 1171.9 1582.58 2094.48 2606.38 2972.7 3311.42 3650.15 3689.91 3698.78 3707.65 3674.92 3640.99 3608.39 3609.35 3610.31 3615.23 3654.52 3693.82 3734.3 3780.63 3826.97 3888.42 3999.13 4109.84 4235.78 4397.19 4558.6 4688.72 4764.7 4840.67 4929.76 5036.08 5142.4 5266.03 5407.14 5548.24 5681.11 5807.59 5934.07 6051.56 6163.73 6275.91 6414.03 6563.56 6713.08 6866.89 7022.05 7177.21 7416.84 7674.25
1123.4 1158.91 1194.41 1217.67 1225.73 1233.79 1223.69 1196.29 1168.89 1149.83 1136.88 1123.92 1115.31 1109.1 1102.88 1185.25 1303.93 1422.61 1764.99 2172.33 2579.68 2901.29 3206.64 3511.99 3567.27 3596.71 3626.14 3610.38 3593.32 3577.22 3585.43 3593.64 3606.31 3657.64 3708.96 3760.29 3811.61 3862.93 3928.41 4040.05 4151.68 4274.95 4425.31 4575.66 4702.56 4788.87 4875.17 4952.78 5018.95 5085.11 5172.91 5282.55 5392.19 5522.44 5668.67 5814.91 5942.38 6058.78 6175.18 6298.63 6425.16 6551.7 6697.35 6849.03 7000.71 7224.27 7462.96
1214.46 1274.93 1335.4 1370.13 1372.94 1375.75 1359.3 1324.51 1289.73 1262.66 1241.22 1219.79 1209.19 1204.58 1199.97 1322.9 1498.11 1673.32 1947.4 2250.19 2552.98 2829.88 3101.86 3373.84 3444.63 3494.64 3544.64 3545.85 3545.66 3546.05 3561.51 3576.98 3597.39 3660.75 3724.11 3786.28 3842.59 3898.9 3968.41 4080.97 4193.52 4314.12 4453.42 4592.73 4716.41 4813.04 4909.67 4975.8 5001.81 5027.83 5079.8 5157.97 5236.14 5363.78 5529.76 5695.74 5833.19 5953.83 6074.46 6183.22 6286.77 6390.31 6527.81 6676.01 6824.21 7031.7 7251.67
1374.44 1450.82 1527.2 1568.82 1567.33 1565.83 1541.57 1495.63 1449.69 1396.02 1336.71 1277.39 1253.78 1249.93 1246.08 1388.28 1590.34 1792.4 2034.04 2287.17 2540.3 2795.96 3052.09 3308.22 3386.38 3446.16 3505.93 3515.2 3523.01 3531.25 3550.15 3569.06 3593.16 3662.23 3731.31 3798.62 3857.3 3915.98 3987.41 4100.4 4213.4 4332.72 4466.78 4600.84 4722.98 4824.52 4926.05 4986.73 4993.67 5000.62 5035.57 5098.8 5162.02 5288.42 5463.78 5639.14 5781.34 5903.98 6026.62 6128.41 6221.03 6313.65 6447.28 6593.83 6740.38 6940.23 7151.32
1596.76 1680.86 1764.97 1809.33 1804.39 1799.46 1766.06 1705.55 1645.04 1547.96 1424.17 1300.38 1253.78 1249.93 1246.08 1388.28 1590.34 1792.4 2034.04 2287.17 2540.3 2795.96 3052.09 3308.22 3386.38 3446.16 3505.93 3515.2 3523.01 3531.25 3550.15 3569.06 3593.16 3662.23 3731.31 3798.62 3857.3 3915.98 3987.41 4100.4 4213.4 4332.72 4466.78 4600.84 4722.98 4824.52 4926.05 4986.73 4993.67 5000.62 5035.57 5098.8 5162.02 5288.41 5463.78 5639.14 5781.34 5903.98 6026.62 6128.41 6221.03 6313.65 6447.28 6593.83 6740.38 6940.23 7151.32
1819.08 1910.91 2002.74 2049.83 2041.46 2033.08 1990.54 1915.47 1840.39 1699.9 1511.63 1323.36 1253.78 1249.93 1246.08 1388.28 1590.34 1792.4 2034.04 2287.17 2540.3 2795.96 3052.09 3308.22 3386.38 3446.16 3505.93 3515.2 3523.01 3531.25 3550.15 3569.06 3593.16 3662.23 3731.31 3798.62 3857.3 3915.98 3987.41 4100.4 4213.4 4332.72 4466.78 4600.84 4722.98 4824.52 4926.05 4986.73 4993.67 5000.62 5035.57 5098.8 5162.02 5288.41 5463.77 5639.14 5781.34 5903.98 6026.62 6128.41 6221.03 6313.65 6447.28 6593.83 6740.38 6940.23 7151.32
1910.07 2005.06 2100.05 2148.26 2138.48 2128.7 2082.42 2001.38 1920.34 1780.42 1597.47 1414.52 1340.67 1327.25 1313.82 1442.15 1628.6 1815.04 2058.64 2318.83 2579.03 2804.25 3022.84 3241.43 3314.48 3372.49 3430.49 3448.66 3465.68 3483.6 3524.27 3564.94 3609.68 3689.73 3769.79 3845.79 3901.88 3957.96 4021.76 4110.68 4199.6 4297.35 4415.68 4534 4647.27 4751.77 4856.28 4932.52 4971.58 5010.64 5061.42 5124.01 5186.61 5311.25 5483.98 5656.72 5789.85 5899.63 6009.4 6099.16 6180.11 6261.07 6379.77 6510.37 6640.97 6830.34 7032.08
1910.07 2005.06 2100.05 2148.26 2138.48 2128.7 2082.42 2001.38 1920.34 1811.44 1682.18 1552.93 1487.78 1458.13 1428.49 1533.35 1693.36 1853.37 2100.28 2372.44 2644.59 2818.3 2973.34 3128.38 3192.76 3247.77 3302.79 3336.02 3368.63 3402.93 3480.44 3557.96 3637.65 3736.29 3834.93 3925.63 3977.33 4029.04 4079.91 4128.08 4176.24 4237.48 4329.17 4420.86 4519.09 4628.63 4738.17 4840.75 4934.18 5027.62 5105.17 5166.7 5228.23 5349.9 5518.2 5686.49 5804.27 5892.26 5980.25 6049.64 6110.84 6172.05 6265.49 6369.09 6472.68 6644.3 6830.23
1910.07 2005.06 2100.05 2148.26 2138.48 2128.7 2082.42 2001.38 1920.34 1842.46 1766.9 1691.33 1634.88 1589.02 1543.16 1624.56 1758.13 1891.7 2141.93 2426.04 2710.15 2832.34 2923.83 3015.32 3071.04 3123.06 3175.09 3223.38 3271.58 3322.26 3436.62 3550.97 3665.63 3782.85 3900.07 4005.47 4052.79 4100.12 4138.07 4145.47 4152.88 4177.61 4242.66 4307.72 4390.91 4505.48 4620.05 4748.98 4896.78 5044.59 5148.93 5209.39 5269.86 5388.56 5552.41 5716.26 5818.69 5884.9 5951.1 6000.12 6041.57 6083.03 6151.21 6227.8 6304.4 6458.26 6628.38
2067.93 2150.14 2232.36 2270.53 2254.09 2237.65 2184.31 2095.82 2007.33 1931.1 1863.83 1796.56 1741.4 1692.95 1644.5 1721.04 1848.8 1976.57 2190.88 2430.32 2669.77 2765.82 2834.68 2903.55 2938.21 2969.33 3000.46 3063.99 3128.45 3194.6 3303.7 3412.79 3519.68 3607.39 3695.09 3772.62 3800.16 3827.7 3846.91 3838.99 3831.07 3831.8 3852.67 3873.54 3913.73 3987.33 4060.93 4254.15 4604.69 4955.23 5176.69 5267.81 5358.94 5486.86 5643.31 5799.76 5882.79 5922.5 5962.22 5991.89 6017.14 6042.4 6091.31 6147.67 6204.03 6324.95 6459.45
