data/map/eo8.asc
ncols         217
nrows         146
xllcorner     6.39591e+006
yllcorner     1.68973e+006
cellsize      1135.85
NODATA_value  -99999
[rows 60 to 89 of 146, columns 67 to 133 of 217]
12962.2 12940.8 13053.1 13337.8 13696.8 14114.5 14379.1 14509.8 14636.9 14651.5 15389.1 15915.4 16755.4 17549.6 18507.1 19280.4 19986.4 20457.1 20899 21305.1 21655.7 21953.2 22246.3 22517.5 22739.7 22924 23064.1 23175 23231.2 23265.3 23279.2 23285.3 23274.2 23234.4 23183.4 23114.5 23023 22907.7 22779.6 22619.5 22432.5 22222 21994.7 21736.6 21473.9 21180.7 20856.2 20520.9 19990 19383.7 18860.9 18359.1 17938 17624.9 16944.1 16371.1 15861 15391 15073.5 14800.4 14507.7 14262.5 14040.2 13808.9 13598.7 13287 13079.1
12836.8 12957.1 12944.6 13071.5 13416.9 13749.5 14115.2 14541.9 14604.6 14757.2 14904.6 15438.3 16315.3 17130 18106.3 18802.1 19531.2 20001.8 20456.5 20886 21269.7 21606 21939.7 22254.6 22516.8 22737 22908.4 23050.2 23130.1 23185.2 23217.2 23241.1 23245.4 23222.1 23185.8 23132.2 23056.9 22958.6 22845.3 22701.9 22532.1 22338.9 22127.8 21883 21631.5 21355.8 21028 20623.5 20166.5 19663.1 19151 18655.8 18233.3 17709.2 17237.3 16702.5 16185 15675.1 15298 14984.2 14687.9 14438.9 14208.2 13960.4 13745 13474.9 13079.1
12700.6 12843.4 12975.8 12978.3 13094.1 13382.5 13672 14008.1 14344.3 14617.1 15121.3 15401.3 16251.4 17017.8 17884.3 18503.7 19155.5 19625.6 20046.4 20483.2 20888.5 21257.5 21636.7 21993.4 22294.6 22549.8 22751 22911.7 23014.4 23089.8 23138.9 23179.8 23198.4 23190.4 23167.7 23128.3 23068.1 22985.7 22886 22757.6 22602.6 22423.6 22225.1 21988.6 21740.6 21472.9 21164.2 20788.2 20365 19890.2 19400.7 18922.5 18512.1 18008.1 17656.8 17134.6 16607.1 16064 15629.3 15268.1 14953.6 14696.1 14454.1 14188.5 13962.8 13694.6 13293.4
12540.2 12710.2 12864 13009.7 13036.1 13066.2 13294.9 13581.2 13867.5 14230 15224.5 15609 16066.4 16828.5 17612.1 18186.4 18752.5 19197.1 19626 20048.2 20452.3 20835.8 21254.7 21650.9 21994.7 22292.6 22531.8 22714.8 22845.2 22945.1 23015.1 23076.3 23111.7 23121.1 23113.6 23089.7 23045.8 22980.2 22894.5 22781.2 22640.1 22473.2 22284.2 22053.1 21807.9 21545.2 21253.9 20907.6 20524.4 20092 19638.6 19187.1 18795.2 18324.1 18121.4 17471.1 16931.9 16366 15876.6 15462.4 15114.7 14825.9 14561.2 14269.4 14017.2 13742.2 13363.6
12356.1 12553.6 12726.7 12912.8 13048.8 13109.4 13157.8 13223.6 13390.7 13693 14520.4 15497.9 16152.6 16848 17498.2 17991.6 18466.3 18815 19226.3 19624.6 20006.4 20377.2 20810 21226.8 21605 21945.4 22227.6 22439.1 22604.7 22735.9 22833.1 22919.4 22975.6 23006.7 23018.3 23013.6 22991.1 22947.1 22879.3 22784.9 22661.2 22509.5 22332.4 22108.8 21868.8 21614.8 21344.5 21035.3 20702.8 20325.5 19921.3 19509.5 19145.2 18713.4 18325.8 17843 17360.8 16789.3 16244.6 15764.7 15372.8 15055 14775.6 14480.5 14220.6 13943.3 13571.6
12141.7 12372.8 12566.9 12796.4 12993.8 13139.4 13186.8 13245.6 13314.8 13385.7 14011.7 14678.5 15459.6 16045.2 16630.7 17185.4 17630.9 18076.4 18567 19077.8 19436.2 19788.5 20223.6 20648.8 21052.1 21429.8 21754.1 22003.3 22218.3 22396.2 22536.6 22666.4 22758.2 22822.9 22862.9 22883.3 22883.6 22861.8 22811.4 22735.8 22629.3 22492.3 22326.8 22111.9 21879.9 21637.2 21387.1 21113.9 20832.2 20514.1 20165.7 19800.9 19470.1 19079.9 18707.3 18257.1 17822.3 17261.1 16700.8 16165.4 15731.5 15400.3 15123.2 14806 14522 14235.1 13881.8
11928 12159.6 12378.2 12576.3 12810.2 12987.3 13164 13257.5 13318.4 13384.7 13654.4 14353 14865.2 15327.7 15790.2 16373.3 16905 17421.8 17906.8 18502 18846.3 19175.5 19601.3 20015.6 20422.1 20814.7 21159.5 21427.9 21683.2 21908.3 22102.8 22291.6 22437.6 22552.7 22633 22685.1 22711.7 22713.5 22680.8 22624.9 22537.2 22416.9 22265.7 22063.6 21844.3 21617.1 21390.5 21153.3 20918.8 20656.1 20364.7 20048.8 19754.4 19403.1 19056.8 18672.3 18266.7 17786.4 17270.8 16756.2 16338.9 16047.5 15745.2 15154.3 14589.1 14154.6 13910.8
11714.2 11939.5 12169.9 12387.3 12587.9 12777.1 12964.2 13131.7 13308.2 13379.9 13456.3 13877.6 14420.8 14610.2 14949.7 15480 16167.2 16742 17246.5 17864.9 18130.4 18453.7 18872.9 19280.2 19685.2 20081.4 20433.9 20711 20985.7 21244.2 21487.7 21737.5 21953 22140.5 22279.5 22379.8 22445.7 22478.5 22468.1 22437.9 22374.4 22277.1 22147.6 21965.8 21766.9 21564.1 21368.5 21171 20984.6 20776.4 20540.3 20274.1 20019.9 19709.7 19397.3 19076 18730.3 18305.3 17837 17350.3 16956.6 16682 16311.5 15403.8 14544.1 13982.5 13904.1
11501.3 11724 11952.4 12180.8 12381.1 12580.3 12778.6 12940.6 13102.7 13291.6 13429.2 13517.9 13848.6 14081.4 14314.2 14500 15200.5 15901 16579.8 17204.1 17461.9 17692.5 18124.8 18536 18939.8 19331.3 19678.3 19949.8 20223.3 20491 20758 21045.1 21313.5 21572.4 21776.9 21940.8 22062.3 22140.4 22161.7 22165.6 22131.4 22064.5 21966.6 21814.8 21647.8 21479.6 21318.4 21159.3 21013.7 20848.9 20657.2 20436.6 20221.3 19951.3 19679.5 19404 19113.3 18755.8 18347.4 17890.5 17517.4 17251.3 16816.3 15699.8 14685 14067.2 14056.8
11291.8 11527.1 11763.6 11995.3 12222 12430.6 12651 12802.9 12954.8 13124.9 13380.8 13436.6 13500.6 13566.3 13753.6 14051 14566.7 15232.3 15886.2 16510.8 16837.3 17016.3 17368.3 17802.1 18218 18609.7 18949.1 19204.4 19460.6 19717.9 19983.8 20280.4 20573.9 20881.2 21135.6 21356.4 21536.9 21672.5 21738.7 21788.8 21796.7 21771 21714.1 21605.1 21482.4 21358.1 21238.5 21118 21007.2 20877.9 20722.9 20540.6 20360.7 20130.9 19897.4 19659.9 19415.4 19117.4 18804.1 18374.3 18010.7 17726.2 17351.6 16583.3 15979.1 15476.1 14918.9
11082.4 11301 11540.8 11785.6 12026.2 12246.1 12445.2 12665.2 12807 12958.1 13205.4 13347.2 13354.6 13323.6 13195.1 13452 14023 14563.6 15192.7 15817.5 16252.6 16408.2 16730.6 17102 17546.6 17954.1 18297.7 18533.2 18758.5 18987.9 19231.9 19513.5 19807.6 20133.1 20411.9 20669 20895 21081 21196.1 21298.9 21358 21383.1 21377.3 21325.3 21259.2 21188.7 21117.5 21039.3 20961.4 20863.6 20740.6 20591.8 20443.5 20252.1 20056.2 19857 19649.3 19398.5 19136.4 18816.9 18453.4 18158.2 17839.2 17404.2 17161.4 16699.1 15542.3
10835.3 11041.1 11298.1 11559.4 11816.7 12051.3 12263 12509 12649.5 12793.8 12978.7 13163.5 13247 13178.5 13035.4 12997 13568 13988.9 14574.8 15198 15668 15834.4 16161.3 16510.7 16989.4 17424.6 17794.3 18028.9 18234.2 18436.7 18649.1 18895 19166.6 19488.7 19776.1 20058.4 20321.8 20551.9 20711.6 20861.8 20966.5 21036.8 21076.8 21076.2 21061.4 21039 21008.6 20964.4 20910.9 20835.6 20735.1 20611.4 20486.8 20325.3 20159.5 19989.5 19809.1 19591.3 19364.2 19086.4 18751.5 18478.8 18186.3 17954.9 17921.7 17477.8 16000.3
10482.3 10765 11028.8 11306.3 11580.3 11830.8 12057.7 12266.8 12464.7 12636.4 12888.5 13140.6 13182.4 13107.8 12983.4 12947.2 13388 13828.8 14169.8 14786.2 15402.6 15424.5 15776 16130.9 16574.4 17041.5 17437.8 17680.7 17875.5 18054 18229.2 18432.9 18669.7 18959.4 19229.6 19512.3 19791.8 20043.6 20239.1 20428.7 20574.9 20687.5 20770.8 20821.7 20857.9 20882 20890.3 20877.9 20846.3 20790.5 20709.9 20608 20503.6 20366.5 20224.6 20077.4 19918.7 19725.5 19521.7 19273.4 18980.4 18676.8 18344.3 18022.8 17865.6 17505.8 16613.4
10129.3 10432.3 10737.3 11022.2 11310 11575.3 11818.1 12043.7 12278.9 12478.9 12798.3 13117.7 13153.4 13086.7 12988.3 12897.5 13208.1 13518.6 13888.9 14374.3 14984 15149.6 15504.9 15853.1 16270.4 16691.2 17112.3 17372.5 17573.6 17745.8 17901.4 18078.8 18287.4 18535.5 18771.2 19027 19294.1 19543 19753.9 19966.2 20144.7 20292.5 20414.3 20517.8 20605.4 20676.2 20725.6 20749 20743.3 20711.9 20654.9 20576.1 20491.8 20376.9 20255.3 20126.9 19985.7 19811.3 19623.8 19395.4 19131.2 18865.5 18562.1 18179.1 17920.3 17637.4 17277.1
9789.75 10104.2 10419.5 10713.5 11011.9 11290.4 11548.7 11792.3 12059.3 12284.5 12682.1 13079.6 13150.8 13097.5 13023.9 12932.3 13111.2 13324.7 13632.8 14027.4 14571.9 15053.4 15384.3 15689.3 16065.5 16436.9 16792.8 17067.8 17282.1 17461.1 17616 17787.1 17985.7 18205.7 18434.6 18639.9 18881.9 19108 19315 19531.3 19724.6 19895 20045.6 20191.2 20322.2 20435.2 20523.6 20584.2 20608.5 20604.8 20573.8 20519.1 20455.3 20360.9 20257.1 20144.2 20016.9 19857.6 19683.6 19472.2 19229.1 18987.2 18723.3 18355 18051.3 17788.1 17701.4
9477.73 9785.75 10094.5 10403.2 10697.6 10983.5 11252.6 11510.3 11768.4 12014.7 12512.7 13010.6 13166.8 13128.4 13077.7 13016.6 13184.7 13368.9 13603.4 13963.3 14173.2 14523.3 14855.2 15187.2 15544.4 15937 16329.5 16748.1 16974.2 17166 17330.6 17508.5 17711.9 17922.1 18124.5 18335.4 18547.1 18749.7 18945.6 19157.7 19355.8 19539.9 19709.4 19881.6 20041.6 20184.9 20303.8 20397 20450.8 20475.2 20470.6 20440.3 20396.8 20322.1 20234.8 20135.4 20019.9 19873.2 19710.6 19512.9 19285.1 19059.9 18821.3 18494.1 18186.2 17859.8 17627.4
9165.71 9467.29 9769.49 10071.7 10382.9 10642.4 10914.2 11179.8 11476.6 11744.9 12343.2 12941.6 13194.9 13171.5 13141.6 13107.7 13258.2 13413.2 13573.9 13749.2 13924.5 14143.2 14383.9 14590.2 14909.7 15258.3 15607 16175 16578.7 16769.8 16937.7 17125.3 17338.4 17543.4 17735.5 17927.9 18098.4 18300.9 18485.9 18695.4 18902.3 19105.8 19300.9 19504.9 19697.4 19872.9 20023.9 20152 20239.8 20297.9 20325.7 20325.8 20308 20258.7 20192.5 20110.4 20009.5 19878.5 19729.5 19548.6 19340.2 19136.3 18926.5 18647.9 18348.6 18028.9 17718.7
8850.53 9143.49 9435.05 9730.23 10028.4 10271.5 10539 10807.3 11124.4 11411.5 12076.5 12741.5 13168.4 13221 13209.7 13199.5 13216.1 13372.9 13502 13561.8 13621.5 13764.6 14002.9 14256.5 14532 14711.7 14994.4 15509.2 16120 16303 16471.1 16662.2 16878.5 17087.9 17287.6 17478 17641.9 17814.7 18003.4 18210.6 18424.4 18645.3 18866.2 19103.2 19326.9 19532.8 19714.3 19874.3 19991.9 20082.7 20143.4 20175.2 20184.8 20162.9 20119.9 20056.6 19971.4 19856.8 19721.8 19558.2 19371.3 19189.1 19006.4 18770.7 18522.2 18247.6 17924.5
8530.45 8811.43 9092.5 9373.56 9633.07 9891.62 10150.3 10414.6 10678.9 10980.2 11659.9 12339.7 12936.9 13161.8 13276.5 13285.7 13304.7 13341.4 13408.6 13528.4 13732.9 14003.4 14066.7 14125.5 14171.7 14435.2 14563.3 15002.8 15653 15847.3 15995.5 16171.3 16380.6 16594.6 16808.5 17006.8 17177.4 17356.6 17543.1 17746.8 17977.7 18214.8 18458.9 18723.3 18974.7 19206.2 19413.9 19600 19740.8 19856 19944.3 20003.4 20037.7 20042 20021.9 19977.6 19908 19809.6 19688 19540.4 19373.4 19211.9 19052.3 18852.3 18642.2 18412.8 18132.5
8210.37 8479.38 8748.13 9016.89 9237.76 9456.5 9676.62 9955.03 10233.4 10548.8 11243.3 11921 12563.7 12814.9 13066.1 13318.5 13396.7 13449.2 13528.3 13644.9 13807.2 14004.1 14210.4 14205.2 14153.7 14176.3 14257.9 14496.3 15058.8 15474.7 15558.5 15693.4 15871.1 16061.6 16281.8 16499.5 16678.2 16881.1 17076.1 17277.6 17513.6 17795 18061.7 18351.5 18629.5 18888.1 19124.6 19336.3 19497.1 19631.7 19739.8 19818.5 19872.4 19900.5 19902.4 19877.1 19824 19742.7 19634.5 19502.5 19354.4 19212.1 19073.9 18904.5 18726.9 18531.8 18295.7
7931.67 8191.61 8451.85 8712.1 8909.45 9104.01 9300.57 9581.47 9862.38 10180.5 10880.5 11580.6 12214.2 12485.1 12756 13033.1 13332.3 13530.4 13610.5 13715.7 13846.7 13995.7 14147.5 14238.5 14188.9 14156.2 14135.9 14222.5 14737.6 15190.3 15225.6 15293.3 15398.5 15530.3 15721.9 15934.4 16127.9 16375.6 16594 16802.4 17056.3 17349.6 17657.3 17972.8 18278.1 18565.6 18834.7 19075.6 19259.1 19412.6 19537.7 19631.8 19699.4 19745.6 19766.5 19759.3 19723.3 19660.1 19566.3 19450.5 19321.3 19198.3 19080.4 18937.8 18788.1 18621.9 18418.7
7701.66 7955.97 8212.17 8468.37 8660 8848.77 9039.42 9309.16 9578.91 9886.43 10581.2 11275.9 11905.1 12175.5 12445.9 12730 13062.3 13394.6 13667.6 13760.5 13868.3 13984.2 14096.8 14172.5 14183.9 14181.4 14150.4 14222.5 14737.6 15007.9 15012.8 15030.2 15049 15101.6 15214 15382.1 15551.5 15817.4 16086.1 16361.2 16651 16932 17229.6 17537.4 17963.1 18277.1 18578 18848.3 19053.7 19225.6 19365.5 19471.4 19549 19608.5 19642.9 19650 19629.4 19582.8 19502.6 19402 19290 19184.6 19085.3 18965.1 18837.4 18694 18516.5
7471.65 7720.32 7972.48 8224.64 8410.56 8593.53 8778.26 9036.85 9295.44 9592.33 10281.8 10971.3 11595.9 11865.9 12135.8 12426.9 12792.3 13157.8 13480.2 13695.1 13881.7 13976.2 14066.2 14114.8 14118.1 14110.3 14088 14222.5 14737.6 14915.3 14905.1 14894.8 14869.3 14841.8 14804.6 14883.9 15003.9 15251.2 15548.9 15876.2 16224.9 16540.5 16846 17119.5 17651.3 17984.2 18304.8 18600.4 18831.8 19025.2 19184.1 19305.6 19396.8 19470.2 19517 19535.6 19528.3 19496.7 19430.4 19347.6 19254.9 19167.7 19086 18986 18876.4 18751.4 18595.9
7362.4 7608.4 7858.64 8108.88 8292.08 8472.31 8654.22 8907.52 9160.81 9452.64 10139.6 10826.6 11449 11718.8 11988.6 12282.9 12664.1 13045.3 13391.4 13649.7 13891.6 13972.6 14050.3 14064.9 14063.5 14070.7 14108.2 14169.1 14659.4 14811.1 14894.3 14887 14850.2 14798.4 14675.4 14614.6 14706 14943 15262.3 15621.2 16004.4 16376.2 16725.4 16982.7 17326.6 17803.4 18085.2 18401 18655.6 18870.6 19046 19180.5 19282 19364.9 19419.6 19445.8 19448 19427.7 19372.4 19304.3 19227.7 19155.1 19086.8 19001.7 18904.6 18792.4 18652.4
7362.4 7608.4 7858.64 8108.88 8292.08 8472.31 8654.23 8907.52 9160.81 9452.64 10139.6 10826.6 11449 11718.8 11988.6 12282.9 12664.1 13045.3 13396.2 13671.5 13899.8 13972.5 14020.1 14021.2 14019.6 14079.3 14154.6 14137.5 14510.4 14731 14819.6 14971.7 14926 14841.2 14700.5 14467.5 14460.7 14591.2 14874.8 15209.1 15585.7 15994.9 16413.7 16805.4 17050.3 17463 17810.3 18175.9 18445.4 18679.2 18874.2 19028.5 19145.1 19242.6 19308.5 19344.4 19356.9 19349.7 19307.3 19255.3 19195.9 19138.6 19082 19008.4 18922.1 18821 18694.9
7362.4 7608.4 7858.64 8108.88 8292.08 8472.31 8654.22 8907.52 9160.81 9452.64 10139.6 10826.6 11449 11718.8 11988.6 12282.9 12664.1 13045.3 13401.1 13693.3 13907 13974.1 13983.7 13982.7 13977.5 14072 14122.2 14137.5 14361.4 14638.7 14681.2 14714.9 14683.4 14665.2 14697.5 14418.7 14401.8 14525.5 14812 15157.2 15551.4 15978.4 16389.2 16763.5 16998.7 17391.1 17718.3 18028.2 18207.3 18449.8 18658.7 18831.8 18967.1 19084.3 19166.5 19216.8 19242.7 19251.6 19224.5 19189.7 19147.9 19105.3 19059.9 18997.5 18921.9 18832.1 18720.2
7233.82 7459.51 7688.11 7916.7 8094.08 8269.19 8446.24 8705.31 8964.39 9259.05 9918.53 10578 11179.8 11466.2 11752.6 12060.2 12442.7 12825.2 13188 13501.6 13815.3 13950.4 13950.6 13948 13942.5 14071.7 14124.5 14167.4 14211.1 14496.5 14544.8 14383.4 14261.1 14304 14152.1 14147.4 14288.2 14371 14569.9 14820 15153.4 15570.2 16009.3 16416.3 16735 17102.5 17397.5 17696.1 17959.7 18165.9 18379.5 18567.3 18719.7 18858.6 18962.3 19033.1 19077.6 19108 19100.4 19085.9 19064.1 19037.7 19005.9 18957.8 18896 18820.7 18726.7
7016.17 7207.47 7399.42 7591.38 7758.9 7925.34 8094.16 8363.02 8631.88 8931.33 9544.29 10157.3 10724.1 11038.7 11353.3 11683.3 12067.9 12452.5 12823.8 13162 13500.2 13763.1 13887.2 13916.7 14015.3 14076.5 14136.8 14196.3 14259.7 14329.1 14362.7 14406.3 14475.6 14566.6 14107.1 13677 14011.8 14332.5 14466.4 14573.5 14823.6 15196.6 15611.3 16034.2 16431.6 16860.8 17104.4 17395.3 17643.7 17878 18091.3 18280.7 18438 18591.9 18715.6 18809.2 18876 18931.6 18945.7 18951 18948.3 18938.1 18921 18888.5 18843.4 18784.7 18709.4
6798.51 6955.42 7110.74 7266.05 7423.72 7581.5 7742.07 8020.73 8299.38 8603.61 9170.06 9736.51 10268.4 10611.2 10953.9 11306.4 11693.1 12079.8 12459.6 12822.3 13185 13512.8 13776 13889.2 14017.2 14082.4 14149.6 14221.6 14302.2 14398.2 14520.7 14457.4 14292.2 14176.4 14091.5 13555.5 13516.2 14011.5 14437.2 14505.9 14658.3 14922.8 15265.5 15659.6 16061.6 16522.8 16817.8 17095.1 17312.6 17534 17743.8 17937.3 18098.1 18263.2 18405.4 18522.7 18613.6 18697.5 18737.4 18766.8 18787.4 18797.2 18798.6 18786.1 18761.9 18723.7 18671.4
6593.95 6729.87 6865.95 7002.03 7153.71 7306.08 7461.4 7740.68 8019.97 8322.46 8862.95 9403.43 9914.57 10265.2 10615.8 10974.5 11361.6 11748.8 12131.6 12503.6 12875.7 13226.9 13539.7 13852.5 13953.9 14085.5 14158.2 14237.8 14329.6 14395.4 14318.9 14171.3 14023.8 13908.5 13813.4 13718.3 13413.7 13604.1 14030.3 14566.6 14653.5 14800.3 15041.3 15367.7 15728 16185.1 16504.6 16780.1 17013.3 17228.8 17425.7 17615.3 17772.5 17939.3 18089.5 18221 18329.3 18435.4 18498.4 18550.2 18592.4 18621.2 18641.5 18651.1 18648.3 18630.8 18600.8
