data/map/eo8.asc
ncols         217
nrows         146
xllcorner     6.39591e+006
yllcorner     1.68973e+006
cellsize      1135.85
NODATA_value  -99999
[rows 0 to 29 of 146, columns 134 to 200 of 217]
9800.54 9998.71 10180.8 10339.7 10466.5 10554.7 10616 10723.4 11203.8 11167.7 11105.2 11016 10803.7 10664.5 10553.6 10458 10373.3 10297.6 10230.1 10169.9 10116.6 10069.8 10029 9993.71 9963.66 9938.28 9917.27 9900.1 9886.48 9875.89 9868.1 9862.63 9859.26 9857.57 9857.39 9858.36 9860.33 9863 9866.27 9869.9 9873.81 9877.81 9881.84 9885.78 9889.58 9893.15 9896.46 9899.46 9902.14 9904.46 9906.43 9908.03 9909.27 9910.16 9910.71 9910.93 9910.84 9910.48 9909.84 9908.98 9907.89 9906.63 9905.19 9903.64 9901.96 9900.22 9898.41
9810.72 10014.5 10203.9 10371.7 10505 10485.3 10369.7 10350.3 10414.8 10479.3 10531.7 10576 10620.4 10636.2 10538.3 10447.2 10364.3 10289.6 10222.7 10163.1 10110.2 10063.9 10023.4 9988.67 9883.93 9740.73 9602.87 9465 9242.81 9020.09 8799.72 8616.6 8473.58 8384.07 8070.83 7757.6 7459.43 7225.16 6990.88 6740.58 6443.8 6147.02 5842.77 5522.84 5202.9 4801.56 4271.76 3741.96 3287.25 2923.02 2558.78 2260.1 2022.13 1784.15 1640.58 1564.02 1487.45 1425.61 1371.66 1317.72 1243.42 1161.06 1078.7 1107.62 1167.56 1227.51 1252.7
9830.25 10044.5 10248.3 10438.1 10600.3 10696.1 10732.1 10767.9 10836.6 10905.3 10963.3 10812.6 10710 10611.2 10516.4 10428 10347.2 10273.9 10208.1 10149.3 10097.5 10051.9 10012.5 9978.38 9949.71 9925.47 9893.38 9681.29 9455.78 9230.19 9005.63 8797.29 8588.96 8417.86 8166.01 7818.78 7493.1 7258.79 7024.49 6772.27 6468.11 6163.96 5855.68 5538.71 5221.74 4847.62 4383.29 3918.96 3508.01 3161.36 2814.71 2544.39 2344.75 2145.1 2017.54 1941.14 1864.74 1785.45 1704.61 1623.77 1467.14 1280.49 1093.83 1086.34 1128.82 1171.3 1174.15
9857.93 10084.7 10306.6 10531.9 10762.1 10870.7 10956.1 11014 11044.8 11017.7 10961.4 10804.3 10685.5 10582.3 10488 10401.5 10322.4 10250.9 10186.4 10129.1 10078.3 10034.2 9995.77 9963.26 9935.54 9912.91 9894.14 9879.61 9668.75 9440.29 9211.53 8977.98 8744.44 8492.41 8261.18 7879.96 7526.77 7292.43 7058.09 6803.95 6492.43 6180.91 5868.59 5554.59 5240.59 4893.67 4494.81 4095.95 3728.76 3399.7 3070.65 2828.69 2667.37 2506.05 2394.5 2318.26 2242.02 2145.29 2037.55 1929.82 1690.85 1399.91 1108.96 1065.07 1090.07 1115.08 1095.6
9894.12 10129.7 10361.5 10620.7 10682.2 10797.2 10881.4 10936.5 10964.9 10936.8 10883.3 10757.7 10645.5 10544.3 10452.1 10367.4 10290.4 10220.4 10157.9 10101.9 10053.1 10010.3 9973.89 9942.68 9917.1 9895.73 9879.1 9865.74 9782.96 9549.26 9314.15 9056.73 8799.32 8526.73 8298.13 7919.52 7573.85 7367.84 7161.84 6928.55 6616.18 6303.82 5998.65 5708.62 5418.6 5096.92 4725.28 4353.65 4009.27 3697.73 3386.19 3173.08 3051.11 2929.14 2831.77 2751.86 2671.94 2511.25 2307.17 2103.09 1785.92 1423.96 1062 995.507 1011.42 1027.33 998.039
9946.12 10178.4 10388.9 10542.3 10641.4 10877.5 10803.8 10852.8 10877.5 10848.2 10797.5 10697.9 10594.4 10497.7 10408.2 10326.2 10251 10183.2 10122.1 10068.4 10021.1 9980.78 9946.02 9917.46 9893.52 9874.87 9859.81 9849.08 9840.99 9624.76 9382.59 9101.75 8820.91 8529.68 8315.8 7951.92 7625.37 7457.08 7288.79 7083.88 6772.83 6461.78 6167.47 5908.37 5649.27 5352.17 4995.1 4638.04 4309.56 4015.51 3721.46 3537.36 3455.08 3372.79 3289 3204.14 3119.28 2879.23 2555.83 2232.43 1838.43 1416.46 994.492 909.97 919.555 929.139 894.196
10188.4 10399 10568.9 10697.1 10745 10816.1 10725.1 10764.2 10783.5 10753.3 10705 10621.3 10536.9 10443.4 10357.3 10277.6 10204.8 10138.6 10079.8 10027.8 9983.2 9944.73 9913.06 9886.54 9865.88 9849.25 9837.46 9828.59 9823.59 9700.27 9451.03 9146.77 8842.51 8532.63 8333.48 7984.33 7676.89 7546.32 7415.75 7239.22 6929.48 6619.75 6336.29 6108.11 5879.94 5607.42 5264.92 4922.43 4609.84 4333.28 4056.72 3901.64 3859.04 3816.44 3746.23 3656.42 3566.62 3247.21 2804.49 2361.77 1890.93 1408.96 926.986 824.433 827.692 830.952 790.352
10265.5 10450.1 10585 10681.9 10724.9 10773.4 10656.6 10678.4 10688.4 10655.8 10610.5 10538.2 10465.9 10382.1 10299.8 10222.7 10151.3 10087.2 10030 9980.71 9938.14 9903.06 9873.8 9851.08 9832.93 9820.2 9810.79 9805.7 9802.81 9748.28 9494.79 9175.63 8856.47 8534.65 8344.29 8003.92 7705.48 7584.81 7464.13 7308.28 7050.45 6792.63 6551.46 6345.31 6139.17 5879.51 5535.38 5191.26 4908.46 4699.57 4490.67 4384.13 4372.36 4360.59 4229.53 4013.8 3798.08 3369.12 2825.65 2282.17 1823.46 1398.32 973.189 848.139 806.776 765.413 727.027
10323.5 10478.9 10577.8 10646.3 10681.6 10714.9 10587.1 10599.4 10600.4 10563.1 10519.7 10455.2 10388.8 10317.2 10237.5 10161.4 10091.4 10028.2 9973.32 9925.89 9886.79 9854.38 9829.37 9809.67 9796.09 9786.34 9781.43 9779.04 9780.34 9783.07 9533.03 9200.87 8868.71 8536.46 8342.78 8020.65 7728.95 7611.94 7494.93 7358.02 7163.44 6968.85 6777 6590.9 6404.8 6155.36 5805.98 5456.6 5206.71 5076.71 4946.7 4893.07 4910.16 4927.24 4718.66 4349.93 3981.2 3435.94 2795.87 2155.8 1729.13 1386.99 1044.85 896.302 801.742 707.183 672.774
10348 10470.5 10541.2 10589.1 10617.6 10640.6 10518.6 10513.9 10511.1 10474.7 10434.1 10374 10311.1 10247.9 10171.3 10094.5 10024 9961.86 9908.17 9863.89 9827.53 9799.7 9778.21 9763.73 9753.81 9749.35 9747.85 9750.45 9754.7 9761.93 9571.27 9226.11 8880.95 8538.26 8337.58 8037.38 7752.41 7639.07 7525.72 7407.76 7276.42 7145.07 7002.55 6836.49 6670.43 6431.22 6076.58 5721.94 5504.96 5453.85 5402.74 5402.02 5447.95 5493.89 5207.79 4686.06 4164.33 3502.77 2766.1 2029.43 1634.79 1375.65 1116.51 944.465 796.709 648.954 618.521
10307.1 10422.1 10479.2 10514.7 10538.5 10554.7 10485.4 10425.3 10422.1 10386.6 10349.6 10296 10233.2 10169.9 10101.9 10020.9 9948.75 9886.24 9834.67 9792.83 9761.11 9737.25 9721.63 9711.6 9707.84 9707.63 9712.03 9718.37 9727.96 9738.29 9456.57 9135.95 8815.32 8496.2 8332.08 8028.97 7756.35 7636.31 7516.28 7399.8 7293.63 7187.46 7070.11 6929.24 6788.38 6576.44 6252.33 5928.23 5732.56 5691.64 5650.72 5631.97 5633.74 5635.52 5321.28 4782.77 4244.27 3599.14 2896.75 2194.36 1772.24 1461.14 1150.05 961.343 806.768 652.193 628.401
10268.9 10375.5 10422.8 10451.9 10473.1 10489.2 10501.7 10357.3 10354.5 10327.7 10295.6 10226.8 10156.5 10088.1 10026 9939.15 9863.19 9800.58 9750.43 9712.88 9685.48 9668.12 9657.86 9654.98 9656.5 9663.24 9672.33 9685 9698.52 9628.26 9321.57 9030.46 8739.35 8448.32 8307.78 8017.24 7757.69 7629.59 7501.49 7384.17 7298.12 7212.06 7116.69 7001.7 6886.72 6704.31 6415.49 6126.67 5950.76 5910.91 5871.06 5824.86 5772.77 5720.69 5384.87 4847.68 4310.5 3699.44 3048.71 2397.98 1940.47 1559.5 1178.53 974.066 818.831 663.597 646.801
10244 10332.8 10357.6 10373.7 10392 10406 10419.2 10320.5 10286.3 10265.7 10242.8 10159.4 10077.1 10000.9 9933.93 9844.96 9765 9701.6 9654.68 9621.55 9601.26 9590.36 9588.43 9592.14 9601.87 9614.52 9631.1 9648.72 9668.79 9517.45 9186.56 8924.97 8663.38 8400.43 8277.97 8005.5 7759.04 7622.87 7486.7 7368.55 7302.61 7236.67 7163.26 7074.16 6985.05 6832.17 6578.64 6325.11 6168.97 6130.19 6091.4 6017.75 5911.8 5805.86 5448.45 4912.59 4376.73 3799.75 3200.68 2601.61 2108.7 1657.85 1207 986.789 830.895 675.001 665.2
10218.2 10304.7 10325.8 10337.4 10351 10367.3 10377.1 10312.7 10231.9 10206.8 10168.2 10090.7 9992.37 9903.66 9831.06 9734.94 9649.6 9587 9544.11 9518.65 9506.24 9505.23 9511.65 9525.17 9542.37 9563.92 9586.74 9612.1 9637.17 9511.73 9179.6 8919.53 8659.47 8397.97 8276.43 8004.89 7759.11 7622.52 7485.94 7367.74 7302.84 7237.93 7165.66 7077.89 6990.13 6838.77 6587.05 6335.34 6180.23 6141.5 6102.77 6027.69 5918.97 5810.25 5451.73 4915.94 4380.15 3804.92 3208.51 2612.11 2117.38 1662.92 1208.47 987.445 831.517 675.589 666.149
10022.1 10212.9 10320.8 10337.4 10351 10367.3 10375.4 10364.4 10204.8 10155.6 10109.6 10043 9897.49 9791.15 9711.39 9601.95 9512.08 9451.91 9417.12 9401.5 9401.24 9411.08 9429.52 9452.63 9480.52 9509.96 9541.96 9573.6 9606.36 9511.73 9179.6 8919.53 8659.47 8397.96 8276.43 8004.89 7759.11 7622.53 7485.94 7367.74 7302.84 7237.93 7165.66 7077.89 6990.13 6838.77 6587.05 6335.34 6180.23 6141.5 6102.77 6027.69 5918.97 5810.25 5451.73 4915.94 4380.15 3804.92 3208.51 2612.11 2117.38 1662.92 1208.47 987.445 831.517 675.589 666.149
9789.61 9926.11 10040.9 10155.7 10341.8 10350.3 10333.6 10302 10250.3 10042.2 9980.32 9905.86 9763.91 9651.22 9569.76 9435.83 9344.36 9292.19 9270.02 9270.2 9284.75 9309.94 9340.98 9377.18 9415.13 9455.52 9495.39 9536.09 9574.92 9509.35 9178.06 8918.09 8658.12 8396.71 8275.23 8003.75 7757.91 7620.84 7483.77 7365.19 7300.23 7235.26 7163.03 7075.54 6988.04 6837.15 6586.21 6335.27 6180.47 6141.52 6102.56 6027.24 5918.25 5809.26 5451.08 4916.08 4381.07 3805.74 3208.74 2611.75 2116.67 1661.96 1207.25 986.929 831.977 677.025 667.75
9547.16 9659.47 9761.38 9863.29 10010.3 10208.6 10199.8 10153.5 10089.3 9872.84 9807.15 9734.98 9600.68 9480.87 9368.75 9209.84 9137.75 9101.8 9101.46 9123.4 9158.95 9201.41 9248.97 9298.13 9349.26 9399.52 9450.08 9498.29 9545.75 9340.57 9068.93 8815.9 8562.87 8354.94 8190.24 7922.48 7673.06 7501.44 7329.81 7184.37 7114.84 7045.3 6976.28 6908.35 6840.41 6722.71 6526.45 6330.2 6198.05 6143.15 6088.25 5995.25 5866.96 5738.68 5405.12 4925.88 4446.64 3863.68 3225.02 2586.36 2066.4 1593.46 1120.52 950.346 864.602 778.858 781.307
9304.7 9392.84 9481.88 9570.91 9678.86 9808.27 9918.48 9875.33 9824.95 9768.19 9566.87 9507.54 9423.28 9271.14 9156.08 9025.92 8985.58 8950.82 8918.72 8964.03 9024.99 9089.25 9153.71 9218.89 9282.33 9345.2 9405.01 9463.29 9381.61 9171.79 8959.81 8713.72 8467.63 8352.64 8105.25 7841.21 7588.21 7382.03 7175.85 7003.54 6929.45 6855.35 6789.54 6741.16 6692.78 6608.26 6466.69 6325.12 6215.63 6144.78 6073.93 5963.25 5815.68 5668.11 5359.16 4935.68 4512.21 3921.63 3241.3 2560.97 2016.14 1524.97 1033.8 913.763 897.227 880.69 894.865
9072.33 9137.78 9209.61 9281.44 9350.62 9416.79 9482.96 9474.23 9456.77 9435.64 9269.32 9232.18 9079.06 8990.52 8954.15 8922.24 8733.89 8748.66 8848.22 8840.41 8888.92 8975.44 9059.32 9139.61 9217.82 9291.93 9363.43 9298.55 9148.81 8998.77 8843.56 8606.66 8403.09 8279.67 8017.41 7755.14 7497.8 7261.36 7024.92 6828.62 6748.65 6668.68 6603.82 6570.73 6537.65 6481.5 6388.96 6296.42 6206.3 6119.1 6031.91 5904.74 5740.56 5576.38 5293.69 4926.9 4560.11 3967.67 3254.04 2540.4 1979.9 1480.07 980.239 903.11 943.863 984.616 1008.41
8956.3 9016.29 9020.87 9025.44 8980.28 8925.45 8918.34 8932.81 8965.75 8940.58 8892.4 8882.89 8844.59 8795.89 8807.38 8713.54 8571.9 8386.42 8636.85 8787.41 8781.02 8865.62 8966.97 9064.04 9155.58 9181.76 9106.5 9031.24 8904.26 8776.96 8645.23 8453.61 8391.62 8179.65 7896.66 7613.66 7343.24 7126.11 6908.98 6721.68 6620.8 6519.93 6429.96 6362.94 6295.93 6212.71 6103.93 5995.15 5886.64 5778.45 5670.26 5540.41 5390.49 5240.58 5003.21 4703.76 4404.32 3876.45 3225.89 2575.33 2105.54 1707.35 1309.16 1191.51 1152.1 1112.69 1121.78
8727.8 8624.85 8505.75 8668.02 8362.34 8281.02 8684.93 8811.96 8837.73 8788.04 8615 8496.63 8500.02 8485.09 8488.19 8531.69 8443.04 8411.43 8525.81 8657.9 8745.23 8761.6 8880.32 8962.29 8915.28 8865 8814.47 8763.93 8659.71 8555.16 8503.65 8430.2 8263.49 8079.63 7775.91 7472.18 7188.67 6990.86 6793.04 6614.74 6492.95 6371.17 6256.1 6155.16 6054.21 5943.92 5818.9 5693.88 5566.97 5437.79 5308.62 5176.08 5040.43 4904.78 4712.72 4480.63 4248.53 3785.23 3197.75 2610.26 2231.17 1934.63 1638.08 1479.91 1360.34 1240.76 1235.15
8264.55 8575.06 8663.75 8560.6 8533.23 8591.87 8650.51 8695.38 8728.23 8698.87 8493.17 8070.12 8155.7 8234.01 8402.46 8312.72 8259.46 8290.68 8396.54 8531.41 8673.19 8714.33 8710.55 8702.29 8688.99 8671.2 8648.52 8621.21 8589.2 8509.07 8422.89 8285.56 8148.22 7987.87 7666.58 7345.3 7050.11 6865.55 6680.99 6507.02 6363.71 6220.41 6081.05 5950.01 5818.97 5688.77 5559.9 5431.03 5293.9 5146.8 4999.7 4868.14 4750.98 4633.82 4483.55 4309.8 4136.04 3740.35 3225.45 2710.56 2413.38 2202.44 1991.5 1789.19 1589.28 1389.37 1370.44
8545.36 8601.3 8615.07 8628.83 8623.45 8596.33 8569.21 8574.97 8609.41 8643.86 8588.21 8414.13 8383.5 8404.81 8393.94 8321.81 8291.19 8247.11 8255.21 8397.21 8560.65 8599 8587.54 8584.28 8581.02 8586.7 8593.08 8599.46 8531.97 8464.03 8391.7 8250.13 8108.56 7944.63 7624.41 7304.19 7005.59 6798.68 6591.77 6394.72 6226.27 6057.82 5898.99 5760.41 5621.82 5513.75 5453.82 5393.89 5294.49 5147.53 5000.56 4891.54 4817.66 4743.77 4614.63 4446.27 4277.92 3967.69 3581.28 3194.86 2927.95 2708.39 2488.82 2221.06 1939.87 1658.67 1634.5
8374.47 8435.71 8566.39 8697.06 8713.66 8600.78 8487.91 8454.56 8490.6 8526.63 8567.82 8570.49 8512.46 8460.72 8409.04 8368.49 8337.09 8301.03 8280.06 8268.9 8450.36 8426.9 8416.69 8415.49 8414.28 8449.1 8486.71 8524.33 8471.94 8418.99 8360.51 8214.7 8068.9 7901.39 7582.24 7263.08 6961.08 6731.81 6502.54 6282.42 6088.83 5895.23 5716.93 5570.8 5424.67 5338.72 5347.74 5356.76 5295.09 5148.26 5001.43 4914.94 4884.34 4853.73 4745.71 4582.75 4419.79 4195.04 3937.1 3679.16 3442.53 3214.34 2986.15 2652.94 2290.45 1927.97 1898.56
8354.19 8304.18 8511.38 8718.57 8755.7 8599.81 8443.91 8385.65 8412.57 8439.48 8463.25 8484.91 8506.58 8479.06 8429.7 8380.91 8335.12 8313.82 8294.67 8298.62 8347.96 8286.47 8280.28 8283.68 8287.08 8342.48 8401.91 8461.33 8421.14 8380.32 8333.3 8188.17 8043.04 7877.16 7566.24 7255.33 6957.69 6716.31 6474.94 6241.45 6030.8 5820.16 5630.32 5484.28 5338.23 5269.25 5321.88 5374.51 5339.53 5199 5058.48 4992.28 4994.92 4997.56 4910.4 4759.5 4608.6 4454.81 4299.45 4144.1 3930.46 3693.74 3457.02 3063.62 2626.53 2189.43 2155.18
8896.65 8299.93 8432.72 8565.51 8617.73 8578.51 8539.3 8509.16 8486.94 8464.71 8468.99 8490.96 8512.93 8494.82 8450.06 8406.95 8368.27 8336.48 8314.95 8295.03 8259.04 8264.42 8272.53 8290.06 8307.59 8351.59 8397.63 8443.67 8404.84 8365.48 8320.96 8194.86 8068.76 7923.92 7648.08 7372.25 7107.98 6892.8 6677.61 6466.97 6269.51 6072.04 5900.36 5782.9 5665.45 5594.17 5595.76 5597.36 5547.8 5436.63 5325.45 5271.17 5269.58 5267.98 5200.68 5086.74 4972.8 4835.71 4686.19 4536.68 4318.85 4073.96 3829.08 3395.09 2908.37 2421.64 2383.96
9207.39 8295.67 8354.06 8412.45 8479.77 8557.22 8634.68 8632.66 8561.3 8489.95 8474.74 8497.01 8519.28 8497.6 8453.82 8410.05 8384.2 8362.53 8335.11 8307.56 8274.47 8242.37 8264.79 8296.45 8328.11 8360.7 8393.35 8426.01 8388.54 8350.64 8308.62 8201.55 8094.49 7970.69 7729.92 7489.16 7258.27 7069.28 6880.28 6692.49 6508.21 6323.93 6170.4 6081.53 5992.66 5919.09 5869.65 5820.21 5756.08 5674.25 5592.42 5550.06 5544.23 5538.4 5490.96 5413.97 5336.99 5216.62 5072.94 4929.26 4707.24 4454.18 4201.13 3726.56 3190.2 2653.85 2612.74
9319.56 8968.21 8704.82 8441.44 8368.36 8511.26 8654.16 8681.41 8607.76 8534.12 8511.29 8522.38 8533.47 8503.44 8452.74 8402.03 8367.25 8338.31 8309.37 8284.96 8261.69 8238.43 8270.69 8311.8 8352.91 8375.5 8396.66 8417.82 8380.92 8343.67 8303.27 8213.05 8122.83 8018.08 7811.74 7605.4 7406.83 7241.2 7075.58 6910.65 6747.77 6584.89 6450.9 6377.71 6304.52 6223.72 6130.92 6038.12 5959.71 5898.63 5837.56 5803.52 5794.51 5785.5 5754.54 5708.01 5661.47 5561.29 5432.3 5303.31 5089.35 4841.73 4594.11 4090.78 3516.15 2941.52 2883.07
9411.33 9379.95 9475.79 8946.05 8326.32 8400.84 8475.36 8534.87 8581.3 8627.73 8628.29 8598.02 8559.64 8524.75 8481.52 8435.55 8401.26 8371.27 8341.28 8319.98 8300.89 8281.81 8312.24 8350.56 8388.89 8405.18 8419.76 8434.35 8395.97 8357.27 8316.16 8237.09 8158.03 8067.12 7893.5 7719.88 7550.84 7401.23 7251.62 7109.59 6989.55 6869.51 6758.75 6667.5 6576.25 6475.36 6359.25 6243.14 6151.22 6088.43 6025.64 5990.55 5981.11 5971.67 5948.4 5915.3 5882.2 5811.31 5720.13 5628.95 5455.06 5248.39 5041.73 4540.6 3957.35 3374.1 3261.92
9489.08 9534.77 9656.71 9300.65 8284.29 8290.42 8296.55 8388.33 8554.84 8670.78 8630.22 8592.25 8558.72 8527.53 8499.53 8469.06 8435.27 8404.23 8373.19 8355 8340.09 8325.18 8353.79 8389.33 8424.87 8434.86 8442.87 8450.88 8411.02 8370.87 8329.06 8261.14 8193.22 8116.17 7975.26 7834.36 7694.85 7561.26 7427.66 7308.53 7231.33 7154.14 7066.59 6957.29 6847.98 6727 6587.58 6448.17 6342.73 6278.22 6213.72 6177.58 6167.71 6157.84 6142.25 6122.59 6102.93 6061.34 6007.97 5954.6 5820.76 5655.06 5489.35 4990.42 4398.55 3806.68 3640.78
