data/map/krigtoc.asc
ncols         291
nrows         216
xllcorner     6401616.0292767
yllcorner     1695483.6131183
cellsize      725.71576782226
NODATA_value  -9999
[rows 56 to 83 of 216, columns 189 to 251 of 291]
4.340001 4.327767 4.315689 4.303769 4.292006 4.280403 4.268959 4.257676 4.246554 4.235594 4.224796 4.214163 4.203694 4.19339 4.183251 4.17328 4.163476 4.15384 4.144372 4.135075 4.125947 4.116991 4.108206 4.099594 4.091154 4.082889 4.074798 4.066882 4.059142 4.051578 4.044192 4.036983 4.029954 4.023104 4.016434 4.009945 4.003637 3.997512 3.99157 3.985812 3.980239 3.974852 3.969651 3.964637 3.959811 3.955175 3.950729 3.946474 3.942411 3.938542 3.934866 3.931387 3.928104 3.925019 3.922133 3.919448 3.916965 3.914685 3.912611 3.910743 3.909084 3.907635 3.906398
4.330038 4.3178 4.305718 4.293793 4.282025 4.270415 4.258965 4.247674 4.236544 4.225576 4.21477 4.204127 4.193648 4.183334 4.173186 4.163204 4.153389 4.143741 4.134263 4.124953 4.115813 4.106844 4.098047 4.089421 4.080969 4.07269 4.064585 4.056655 4.048901 4.041322 4.033921 4.026698 4.019652 4.012786 4.0061 3.999594 3.99327 3.987127 3.981167 3.975391 3.969799 3.964392 3.959171 3.954137 3.949291 3.944633 3.940164 3.935887 3.9318 3.927907 3.924207 3.920702 3.917392 3.91428 3.911366 3.908653 3.90614 3.90383 3.901725 3.899825 3.898133 3.89665 3.895379
4.32018 4.307938 4.29585 4.283918 4.272143 4.260526 4.249067 4.237768 4.226629 4.215651 4.204835 4.194182 4.183693 4.173368 4.163208 4.153214 4.143388 4.133729 4.124238 4.114916 4.105763 4.096782 4.087971 4.079332 4.070867 4.062573 4.054455 4.046511 4.038742 4.031149 4.023733 4.016494 4.009433 4.002551 3.995848 3.989326 3.982985 3.976825 3.970847 3.965053 3.959442 3.954016 3.948775 3.943721 3.938854 3.934175 3.929684 3.925384 3.921275 3.917357 3.913632 3.910102 3.906766 3.903627 3.900686 3.897944 3.895402 3.893062 3.890925 3.888993 3.887268 3.885751 3.884444
4.310433 4.298183 4.286088 4.274148 4.262364 4.250737 4.239269 4.227959 4.21681 4.205821 4.194994 4.18433 4.173829 4.163492 4.153321 4.143315 4.133476 4.123804 4.1143 4.104965 4.0958 4.086805 4.077981 4.069329 4.060849 4.052542 4.044409 4.036451 4.028667 4.02106 4.013628 4.006374 3.999298 3.9924 3.985682 3.979143 3.972784 3.966607 3.960612 3.9548 3.94917 3.943726 3.938466 3.933391 3.928504 3.923804 3.919291 3.914969 3.910836 3.906895 3.903146 3.89959 3.896229 3.893064 3.890095 3.887324 3.884753 3.882382 3.880214 3.87825 3.876492 3.87494 3.873599
4.300798 4.288539 4.276433 4.264483 4.252688 4.241051 4.229571 4.21825 4.207089 4.196088 4.185249 4.174572 4.164059 4.153709 4.143525 4.133506 4.123654 4.113969 4.104452 4.095104 4.085925 4.076916 4.068079 4.059412 4.050919 4.042598 4.034451 4.026477 4.018679 4.011057 4.003611 3.996341 3.989249 3.982336 3.975601 3.969046 3.962671 3.956477 3.950464 3.944634 3.938987 3.933523 3.928244 3.92315 3.918242 3.913522 3.908988 3.904644 3.900489 3.896524 3.892751 3.88917 3.885783 3.882591 3.879595 3.876796 3.874195 3.871794 3.869595 3.867599 3.865807 3.864222 3.862844
4.291277 4.279007 4.26689 4.254927 4.24312 4.23147 4.219977 4.208643 4.197469 4.186455 4.175602 4.164912 4.154385 4.144022 4.133823 4.123791 4.113925 4.104226 4.094695 4.085332 4.076139 4.067117 4.058265 4.049585 4.041077 4.032742 4.02458 4.016592 4.00878 4.001142 3.993681 3.986397 3.979289 3.97236 3.96561 3.959038 3.952647 3.946436 3.940406 3.934559 3.928893 3.923411 3.918113 3.913 3.908073 3.903331 3.898777 3.894411 3.890233 3.886246 3.882449 3.878844 3.875431 3.872212 3.869189 3.866362 3.863732 3.861301 3.859071 3.857043 3.855218 3.853598 3.852185
4.281874 4.26959 4.257459 4.245482 4.233661 4.221996 4.210489 4.19914 4.187951 4.176922 4.166055 4.15535 4.144808 4.13443 4.124218 4.11417 4.10429 4.094576 4.085031 4.075654 4.066446 4.057409 4.048543 4.039848 4.031325 4.022975 4.014799 4.006797 3.99897 3.991318 3.983841 3.976542 3.969419 3.962475 3.955708 3.949121 3.942713 3.936486 3.93044 3.924575 3.918892 3.913392 3.908076 3.902944 3.897996 3.893235 3.88866 3.884273 3.880073 3.876063 3.872242 3.868613 3.865176 3.861931 3.858881 3.856026 3.853367 3.850907 3.848645 3.846585 3.844727 3.843073 3.841624
4.27259 4.26029 4.248143 4.23615 4.224312 4.212631 4.201108 4.189743 4.178537 4.167493 4.15661 4.145888 4.135331 4.124938 4.114709 4.104646 4.09475 4.085021 4.07546 4.066069 4.056847 4.047794 4.038913 4.030204 4.021666 4.013302 4.005111 3.997094 3.989251 3.981585 3.974093 3.966779 3.959641 3.952681 3.945899 3.939297 3.932873 3.92663 3.920567 3.914685 3.908985 3.903467 3.898133 3.892982 3.888016 3.883235 3.87864 3.874232 3.870011 3.865978 3.862135 3.858482 3.85502 3.85175 3.848673 3.84579 3.843103 3.840613 3.838321 3.836229 3.834337 3.832649 3.831165
4.263427 4.251109 4.238943 4.226932 4.215076 4.203377 4.191835 4.180453 4.16923 4.158168 4.147267 4.136529 4.125955 4.115544 4.105299 4.09522 4.085308 4.075563 4.065987 4.05658 4.047342 4.038274 4.029378 4.020653 4.012101 4.003722 3.995516 3.987484 3.979627 3.971945 3.964439 3.95711 3.949957 3.942982 3.936185 3.929567 3.923128 3.916868 3.910789 3.904891 3.899174 3.89364 3.888288 3.883119 3.878134 3.873334 3.868719 3.86429 3.860049 3.855994 3.852129 3.848452 3.844966 3.841671 3.838568 3.835658 3.832943 3.830424 3.828101 3.825977 3.824053 3.82233 3.820811
4.254388 4.242048 4.229862 4.217831 4.205955 4.194235 4.182674 4.171272 4.16003 4.148949 4.13803 4.127273 4.116681 4.106253 4.09599 4.085894 4.075965 4.066204 4.056611 4.047187 4.037933 4.02885 4.019938 4.011199 4.002631 3.994236 3.986016 3.977969 3.970097 3.962401 3.95488 3.947536 3.940369 3.933379 3.926567 3.919933 3.913479 3.907204 3.901109 3.895195 3.889462 3.883911 3.878541 3.873355 3.868352 3.863534 3.8589 3.854451 3.850189 3.846114 3.842226 3.838527 3.835017 3.831697 3.828569 3.825633 3.82289 3.820342 3.817989 3.815834 3.813877 3.81212 3.810565
4.245473 4.23311 4.220901 4.208847 4.196949 4.185207 4.173625 4.162201 4.150939 4.139837 4.128898 4.118122 4.107511 4.097064 4.086783 4.076669 4.066722 4.056943 4.047333 4.037893 4.028623 4.019524 4.010596 4.001841 3.993258 3.984848 3.976612 3.968551 3.960665 3.952953 3.945418 3.938059 3.930877 3.923873 3.917046 3.910398 3.903929 3.897639 3.891529 3.885599 3.87985 3.874283 3.868897 3.863694 3.858674 3.853837 3.849185 3.844717 3.840435 3.836339 3.83243 3.828708 3.825176 3.821832 3.818678 3.815716 3.812946 3.81037 3.807988 3.805802 3.803813 3.802022 3.800432
4.236684 4.224296 4.212061 4.199982 4.18806 4.176295 4.164689 4.153243 4.141958 4.130835 4.119874 4.109077 4.098445 4.087979 4.077679 4.067545 4.05758 4.047784 4.038157 4.028699 4.019412 4.010296 4.001353 3.992581 3.983983 3.975558 3.967307 3.959231 3.95133 3.943604 3.936054 3.928681 3.921485 3.914466 3.907625 3.900963 3.894479 3.888175 3.88205 3.876105 3.870341 3.864758 3.859356 3.854136 3.849099 3.844246 3.839575 3.835089 3.830788 3.826672 3.822743 3.819 3.815444 3.812078 3.8089 3.805912 3.803116 3.800512 3.798101 3.795884 3.793864 3.79204 3.790415
4.228023 4.215606 4.203344 4.191238 4.179289 4.167499 4.155867 4.144397 4.133088 4.121941 4.110958 4.10014 4.089486 4.078999 4.068678 4.058526 4.048542 4.038726 4.029081 4.019606 4.010302 4.001169 3.992209 3.983422 3.974808 3.966367 3.958102 3.95001 3.942095 3.934355 3.926791 3.919404 3.912193 3.905161 3.898306 3.891629 3.885132 3.878813 3.872674 3.866714 3.860936 3.855338 3.849921 3.844686 3.839633 3.834762 3.830075 3.825571 3.821251 3.817116 3.813167 3.809404 3.805827 3.802438 3.799236 3.796224 3.793402 3.790771 3.788332 3.786085 3.784033 3.782177 3.780518
4.21949 4.207042 4.19475 4.182615 4.170637 4.158819 4.147161 4.135664 4.12433 4.113159 4.102152 4.09131 4.080634 4.070125 4.059783 4.049611 4.039606 4.029772 4.020107 4.010614 4.001293 3.992143 3.983166 3.974363 3.965733 3.957277 3.948996 3.940891 3.93296 3.925206 3.917628 3.910227 3.903003 3.895957 3.889089 3.882399 3.875888 3.869555 3.863403 3.85743 3.851637 3.846025 3.840593 3.835343 3.830275 3.825388 3.820685 3.816164 3.811827 3.807674 3.803705 3.799922 3.796325 3.792914 3.78969 3.786654 3.783807 3.78115 3.778683 3.776408 3.774325 3.772437 3.770744
4.211086 4.198605 4.18628 4.174113 4.162106 4.150258 4.138571 4.127047 4.115685 4.104488 4.093456 4.08259 4.07189 4.061358 4.050995 4.0408 4.030776 4.020921 4.011238 4.001726 3.992386 3.983219 3.974226 3.965406 3.95676 3.948289 3.939993 3.931873 3.923928 3.91616 3.908569 3.901154 3.893917 3.886858 3.879977 3.873274 3.86675 3.860404 3.854238 3.848252 3.842446 3.83682 3.831375 3.826111 3.821028 3.816127 3.811408 3.806871 3.802517 3.798347 3.794361 3.790559 3.786942 3.78351 3.780264 3.777206 3.774335 3.771652 3.769158 3.766855 3.764743 3.762824 3.761098
4.202812 4.190295 4.177935 4.165735 4.153694 4.141815 4.130097 4.118544 4.107154 4.095929 4.084871 4.073979 4.063255 4.052699 4.042313 4.032096 4.02205 4.012175 4.002472 3.992941 3.983584 3.974399 3.965389 3.956552 3.947891 3.939404 3.931093 3.922959 3.915 3.907218 3.899613 3.892186 3.884936 3.877864 3.87097 3.864255 3.857718 3.851361 3.845182 3.839184 3.833365 3.827726 3.822268 3.816991 3.811894 3.806979 3.802246 3.797694 3.793325 3.789138 3.785135 3.781315 3.777679 3.774228 3.770962 3.767882 3.764987 3.76228 3.759761 3.757431 3.75529 3.75334 3.751582
4.194667 4.182112 4.169715 4.157479 4.145403 4.133491 4.121741 4.110156 4.098737 4.087483 4.076397 4.065478 4.054729 4.044148 4.033738 4.023499 4.013431 4.003535 3.993812 3.984262 3.974885 3.965683 3.956655 3.947802 3.939125 3.930623 3.922297 3.914149 3.906176 3.898381 3.890763 3.883323 3.87606 3.868976 3.862071 3.855344 3.848795 3.842426 3.836236 3.830226 3.824396 3.818745 3.813275 3.807985 3.802876 3.797948 3.793201 3.788635 3.784252 3.78005 3.776031 3.772194 3.768541 3.765071 3.761786 3.758685 3.755769 3.753039 3.750495 3.748139 3.74597 3.743991 3.742202
4.186653 4.174056 4.16162 4.149346 4.137234 4.125286 4.113503 4.101885 4.090434 4.07915 4.068035 4.057088 4.046312 4.035706 4.025271 4.015009 4.004919 3.995001 3.985257 3.975688 3.966292 3.957072 3.948027 3.939157 3.930464 3.921947 3.913607 3.905444 3.897458 3.88965 3.882019 3.874567 3.867293 3.860197 3.85328 3.846542 3.839983 3.833602 3.827402 3.821381 3.81554 3.809878 3.804397 3.799096 3.793975 3.789035 3.784276 3.779697 3.7753 3.771084 3.767051 3.763199 3.759529 3.756042 3.752738 3.749618 3.746682 3.74393 3.741363 3.738982 3.736787 3.73478 3.732961
4.178768 4.166128 4.15365 4.141336 4.129185 4.1172 4.105381 4.093729 4.082245 4.07093 4.059784 4.04881 4.038005 4.027373 4.016913 4.006627 3.996513 3.986574 3.976809 3.967219 3.957805 3.948566 3.939504 3.930618 3.921909 3.913377 3.905022 3.896845 3.888846 3.881026 3.873383 3.865919 3.858633 3.851526 3.844599 3.83785 3.831281 3.824891 3.818681 3.812649 3.806798 3.801127 3.795635 3.790324 3.785193 3.780242 3.775471 3.770881 3.766472 3.762244 3.758197 3.754331 3.750646 3.747144 3.743823 3.740685 3.737729 3.734957 3.732368 3.729964 3.727744 3.72571 3.723862
4.171012 4.158327 4.145805 4.133449 4.121257 4.109233 4.097377 4.085689 4.074171 4.062823 4.051647 4.040641 4.029809 4.019149 4.008664 3.998352 3.988215 3.978253 3.968467 3.958857 3.949424 3.940167 3.931087 3.922185 3.91346 3.904913 3.896544 3.888354 3.880342 3.872509 3.864855 3.85738 3.850084 3.842967 3.836029 3.829271 3.822692 3.816293 3.810073 3.804034 3.798173 3.792493 3.786993 3.781672 3.776532 3.771571 3.766791 3.76219 3.75777 3.753531 3.749471 3.745593 3.741895 3.738378 3.735042 3.731887 3.728914 3.726123 3.723514 3.721088 3.718845 3.716785 3.714911
4.163385 4.150652 4.138084 4.125683 4.11345 4.101385 4.08949 4.077765 4.066211 4.05483 4.043621 4.032585 4.021723 4.011035 4.000523 3.990186 3.980025 3.970041 3.960233 3.950602 3.941149 3.931874 3.922777 3.913858 3.905118 3.896557 3.888174 3.879971 3.871947 3.864102 3.856437 3.848951 3.841645 3.834518 3.827571 3.820804 3.814217 3.80781 3.801582 3.795534 3.789666 3.783978 3.77847 3.773142 3.767993 3.763024 3.758235 3.753626 3.749196 3.744947 3.740877 3.736987 3.733277 3.729748 3.726398 3.723228 3.720239 3.717431 3.714804 3.712357 3.710093 3.70801 3.706109
4.155887 4.143103 4.130487 4.11804 4.105762 4.093656 4.08172 4.069956 4.058366 4.046949 4.035707 4.024639 4.013747 4.00303 3.992491 3.982128 3.971943 3.961935 3.952106 3.942455 3.932982 3.923689 3.914574 3.905639 3.896884 3.888308 3.879912 3.871696 3.86366 3.855804 3.848129 3.840633 3.833318 3.826182 3.819227 3.812452 3.805857 3.799443 3.793208 3.787153 3.781279 3.775584 3.770069 3.764734 3.759579 3.754603 3.749806 3.74519 3.740752 3.736494 3.732416 3.728516 3.724796 3.721255 3.717894 3.714711 3.711708 3.708884 3.70624 3.703776 3.701491 3.699387 3.697463
4.148515 4.135679 4.123013 4.110518 4.098194 4.086043 4.074066 4.062262 4.050633 4.039181 4.027904 4.016803 4.00588 3.995135 3.984567 3.974179 3.963968 3.953938 3.944086 3.934414 3.924922 3.915611 3.906479 3.897528 3.888758 3.880168 3.871759 3.863531 3.855484 3.847617 3.839932 3.832427 3.825103 3.81796 3.810997 3.804215 3.797614 3.791193 3.784952 3.778892 3.773012 3.767312 3.761791 3.756451 3.75129 3.746309 3.741507 3.736884 3.73244 3.728175 3.724089 3.720182 3.716454 3.712903 3.709532 3.706338 3.703323 3.700486 3.697827 3.695346 3.693043 3.69092 3.688974
4.14127 4.128379 4.11566 4.103115 4.090744 4.078547 4.066527 4.054682 4.043015 4.031524 4.020212 4.009078 3.998123 3.987348 3.976753 3.966337 3.956102 3.946047 3.936174 3.926481 3.91697 3.90764 3.898492 3.889525 3.88074 3.872137 3.863715 3.855476 3.847418 3.839541 3.831847 3.824333 3.817002 3.809851 3.802882 3.796094 3.789488 3.783062 3.776816 3.770751 3.764867 3.759163 3.753639 3.748294 3.743129 3.738144 3.733337 3.72871 3.724262 3.719992 3.7159 3.711987 3.708252 3.704694 3.701314 3.698112 3.695086 3.692238 3.689566 3.687072 3.684753 3.682612 3.680648
4.134148 4.121201 4.108428 4.095831 4.083411 4.071167 4.059102 4.047215 4.035507 4.023979 4.012631 4.001463 3.990476 3.97967 3.969046 3.958603 3.948343 3.938265 3.928369 3.918656 3.909125 3.899777 3.890613 3.88163 3.872831 3.864215 3.855781 3.847531 3.839463 3.831577 3.823874 3.816353 3.809015 3.801858 3.794884 3.788091 3.78148 3.775049 3.7688 3.762733 3.756845 3.751138 3.745611 3.740264 3.735097 3.730109 3.7253 3.72067 3.716219 3.711946 3.707851 3.703933 3.700193 3.69663 3.693244 3.690034 3.687001 3.684144 3.681462 3.678955 3.676624 3.674468 3.672487
4.12715 4.114143 4.101315 4.088665 4.076194 4.063902 4.051791 4.039861 4.028111 4.016544 4.005159 3.993957 3.982937 3.9721 3.961447 3.950977 3.940691 3.930589 3.920671 3.910938 3.901388 3.892023 3.882841 3.873844 3.865031 3.856402 3.847957 3.839696 3.831619 3.823725 3.816014 3.808487 3.801143 3.793981 3.787002 3.780205 3.773591 3.767158 3.760907 3.754837 3.748948 3.743239 3.737711 3.732363 3.727195 3.722207 3.717397 3.712766 3.708313 3.704039 3.699942 3.696022 3.692279 3.688713 3.685323 3.682109 3.67907 3.676205 3.673516 3.671 3.668658 3.66649 3.664495
4.120272 4.107205 4.094319 4.081614 4.069091 4.05675 4.044592 4.032617 4.020826 4.009219 3.997796 3.986558 3.975505 3.964637 3.953955 3.943458 3.933146 3.923021 3.913081 3.903327 3.893758 3.884375 3.875178 3.866167 3.85734 3.848699 3.840244 3.831973 3.823887 3.815985 3.808268 3.800735 3.793386 3.78622 3.779238 3.772439 3.765822 3.759387 3.753135 3.747065 3.741176 3.735467 3.72994 3.724593 3.719425 3.714437 3.709629 3.704998 3.700547 3.696272 3.692176 3.688256 3.684513 3.680945 3.677554 3.674337 3.671294 3.668426 3.665731 3.663209 3.66086 3.658682 3.680477
4.113513 4.100384 4.087439 4.074678 4.062101 4.04971 4.037504 4.025484 4.013649 4.002002 3.990541 3.979267 3.968181 3.957281 3.946569 3.936045 3.925708 3.915559 3.905597 3.895823 3.886235 3.876836 3.867623 3.858597 3.849758 3.841106 3.83264 3.824361 3.816267 3.808359 3.800636 3.793098 3.785745 3.778577 3.771592 3.764791 3.758174 3.751739 3.745487 3.739418 3.73353 3.727823 3.722298 3.716953 3.711788 3.706803 3.701997 3.697369 3.69292 3.688648 3.684554 3.680636 3.676895 3.673329 3.669938 3.666721 3.663678 3.660808 3.658111 3.655585 3.683392 3.679127 3.674967
