data/map/krigtoc.asc
ncols         291
nrows         216
xllcorner     6401616.0292767
yllcorner     1695483.6131183
cellsize      725.71576782226
NODATA_value  -9999
[rows 56 to 83 of 216, columns 0 to 62 of 291]
10.59349 10.64603 10.69877 10.75164 10.80458 10.85747 10.9102 10.9626 11.01449 11.06563 11.11573 11.16444 11.21134 11.25589 11.2975 11.33545 11.36895 11.39716 11.41923 11.43442 11.44214 11.44212 11.43437 11.41924 11.39735 11.36947 11.33643 11.29906 11.25814 11.21433 11.16822 11.12031 11.07098 11.02057 10.96935 10.91753 10.86528 10.81273 10.76 10.70717 10.65429 10.60142 10.54858 10.4958 10.44308 10.39042 10.33783 10.32274 10.26708 10.21153 10.15605 10.10062 10.04519 9.98974 9.934216 9.878574 9.822769 9.766746 9.710446 9.653811 9.596772 9.539258 9.481193
10.61317 10.6648 10.71652 10.76824 10.81988 10.87132 10.92243 10.97304 11.02295 11.07191 11.11962 11.16574 11.20986 11.25148 11.29007 11.325 11.35559 11.38117 11.40107 11.41472 11.4217 11.42178 11.41499 11.40159 11.38202 11.35687 11.32681 11.29252 11.25463 11.21376 11.17042 11.12509 11.07813 11.0299 10.98064 10.9306 10.87994 10.82883 10.77737 10.72566 10.67378 10.62177 10.56969 10.51756 10.4654 10.41321 10.40313 10.34758 10.29208 10.23661 10.18115 10.12566 10.07012 10.01448 9.958716 9.902773 9.846604 9.79016 9.733384 9.676219 9.618602 9.560465 9.50174
10.63015 10.6808 10.73141 10.78191 10.8322 10.88214 10.9316 10.9804 11.02833 11.07514 11.12054 11.1642 11.20572 11.24466 11.28053 11.31279 11.34088 11.36424 11.38234 11.39473 11.40109 11.40127 11.39527 11.38328 11.36564 11.34283 11.31535 11.28376 11.24863 11.21046 11.16972 11.12685 11.0822 11.0361 10.98881 10.94057 10.89155 10.84191 10.79178 10.74127 10.69046 10.63941 10.58816 10.53677 10.48524 10.4336 10.42545 10.37022 10.31495 10.25965 10.20428 10.14882 10.09324 10.0375 9.981562 9.925389 9.868934 9.812144 9.75497 9.697353 9.639237 9.580561 9.521262
10.64459 10.69418 10.74364 10.79287 10.84176 10.89019 10.93798 10.98498 11.03096 11.07569 11.11888 11.16022 11.19933 11.23582 11.26926 11.29917 11.32508 11.34654 11.36312 11.37447 11.38033 11.38058 11.37523 11.36442 11.34843 11.3276 11.30237 11.27319 11.24053 11.20483 11.16652 11.12597 11.08354 11.03951 10.99416 10.9477 10.90033 10.8522 10.80345 10.75419 10.7045 10.65446 10.60412 10.55353 10.50272 10.50035 10.44559 10.39074 10.33579 10.28072 10.22552 10.17016 10.11461 10.05884 10.00282 9.94649 9.889822 9.832764 9.775266 9.717276 9.65874 9.599602 9.539807
10.65662 10.70512 10.75339 10.80132 10.84879 10.89569 10.94183 10.98706 11.03115 11.07388 11.11497 11.15413 11.19103 11.22529 11.25654 11.28437 11.30839 11.32822 11.3435 11.35396 11.3594 11.35972 11.35492 11.34511 11.33052 11.31141 11.28815 11.2611 11.23066 11.19722 11.16115 11.12279 11.08245 11.04043 10.99696 10.95226 10.90653 10.85992 10.81257 10.76459 10.71607 10.66709 10.61771 10.56799 10.51795 10.51786 10.46364 10.40924 10.35467 10.29991 10.24495 10.18976 10.13432 10.07859 10.02254 9.966138 9.909331 9.852078 9.794333 9.736044 9.677163 9.61764 9.557425
10.66639 10.71377 10.76082 10.80744 10.8535 10.89887 10.94339 10.98689 11.02916 11.06999 11.1091 11.14623 11.18108 11.21332 11.2426 11.2686 11.29096 11.30936 11.32353 11.33324 11.33832 11.33869 11.33436 11.32541 11.31202 11.29441 11.27287 11.24772 11.21929 11.1879 11.1539 11.11757 11.07922 11.03911 10.99746 10.95449 10.91037 10.86527 10.81932 10.77264 10.72532 10.67744 10.62907 10.58026 10.58669 10.53332 10.47969 10.42581 10.37168 10.31729 10.26263 10.20768 10.15242 10.0968 10.04081 9.984395 9.927523 9.870148 9.812227 9.753714 9.694561 9.634726 9.574161
10.67404 10.72028 10.76611 10.81141 10.85606 10.89993 10.94287 10.9847 11.02523 11.06425 11.10151 11.13675 11.16972 11.20011 11.22763 11.25199 11.27288 11.29005 11.30325 11.3123 11.31707 11.31749 11.31356 11.30535 11.29301 11.27671 11.2567 11.23324 11.20661 11.1771 11.145 11.11057 11.07409 11.03579 10.99589 10.95459 10.91205 10.86844 10.82389 10.77851 10.73241 10.68565 10.63832 10.59045 10.59947 10.54681 10.49383 10.44052 10.3869 10.33294 10.27866 10.22401 10.16898 10.11355 10.05768 10.00132 9.944455 9.88703 9.829004 9.770336 9.710982 9.650902 9.590054
10.67972 10.72481 10.7694 10.8134 10.85666 10.89908 10.94048 10.9807 11.01957 11.05687 11.09239 11.12589 11.15713 11.18585 11.21177 11.23466 11.25425 11.27033 11.28268 11.29116 11.29566 11.29612 11.29254 11.28498 11.27355 11.25841 11.23976 11.21781 11.19281 11.16501 11.13465 11.10199 11.06726 11.03068 10.99245 10.95275 10.91175 10.86961 10.82644 10.78236 10.73747 10.69186 10.64558 10.66182 10.61034 10.55845 10.50616 10.45347 10.4004 10.34694 10.29308 10.2388 10.18408 10.12889 10.0732 10.01698 9.960187 9.90278 9.844719 9.785964 9.726475 9.666214 9.605146
10.68354 10.72748 10.77086 10.81356 10.85547 10.89646 10.93638 10.97507 11.01235 11.04804 11.08194 11.11382 11.14347 11.17065 11.19514 11.21671 11.23514 11.25024 11.26185 11.26983 11.27409 11.27458 11.27131 11.26431 11.25369 11.23958 11.22213 11.20154 11.17801 11.15177 11.12303 11.09201 11.05892 11.02396 10.98731 10.94916 10.90965 10.86892 10.82711 10.78432 10.74065 10.69618 10.65098 10.67003 10.61942 10.56833 10.51676 10.46474 10.41228 10.35936 10.30598 10.25213 10.19777 10.14289 10.08746 10.03143 9.974773 9.91745 9.85942 9.800644 9.741084 9.680705 9.619476
10.68563 10.72843 10.7706 10.81204 10.85263 10.89224 10.93073 10.96796 11.00374 11.03792 11.07029 11.10067 11.12886 11.15464 11.17782 11.1982 11.21559 11.22983 11.24077 11.2483 11.25235 11.25287 11.24986 11.24337 11.23347 11.22026 11.2039 11.18453 11.16235 11.13753 11.11027 11.08077 11.04921 11.01577 10.98064 10.94396 10.90588 10.86654 10.82605 10.78453 10.74207 10.69874 10.65462 10.67652 10.62679 10.57652 10.52572 10.47441 10.42259 10.37027 10.31742 10.26405 10.21012 10.15561 10.10048 10.04472 9.988265 9.931092 9.873158 9.814424 9.754854 9.694416 9.63308
10.6861 10.72778 10.76877 10.80898 10.84828 10.88656 10.92369 10.95951 10.99388 11.02662 11.05758 11.08657 11.1134 11.13791 11.15989 11.1792 11.19565 11.20911 11.21945 11.22659 11.23044 11.23099 11.22822 11.22217 11.2129 11.20051 11.18512 11.16686 11.14589 11.12238 11.09649 11.06839 11.03827 11.00627 10.97256 10.93729 10.90059 10.86258 10.82339 10.78312 10.74185 10.69966 10.72955 10.68137 10.63255 10.58313 10.53312 10.48255 10.43142 10.37973 10.32747 10.27462 10.22117 10.16709 10.11234 10.0569 10.00071 9.943753 9.885978 9.827347 9.767827 9.707385 9.645996
10.68508 10.72564 10.76548 10.80448 10.84254 10.87954 10.91536 10.94985 10.98288 11.01428 11.04392 11.07161 11.0972 11.12053 11.14142 11.15975 11.17535 11.18811 11.19791 11.20469 11.20837 11.20893 11.20637 11.20072 11.19202 11.18036 11.16585 11.1486 11.12874 11.10642 11.08179 11.055 11.02621 10.99556 10.9632 10.92927 10.89389 10.85717 10.81924 10.78018 10.74008 10.69902 10.73189 10.68468 10.63677 10.58822 10.53903 10.48923 10.43882 10.38781 10.33618 10.28391 10.231 10.1774 10.12308 10.06802 10.01217 9.955481 9.897924 9.839457 9.780044 9.719652 9.658258
10.68264 10.72212 10.76083 10.79866 10.83552 10.8713 10.90586 10.93909 10.97085 11.001 11.02939 11.05588 11.08032 11.10256 11.12246 11.13989 11.15471 11.16683 11.17615 11.1826 11.18612 11.1867 11.18433 11.17902 11.17084 11.15984 11.14612 11.12978 11.11094 11.08971 11.06625 11.04068 11.01313 10.98375 10.95267 10.92001 10.88589 10.85042 10.8137 10.77582 10.73687 10.77825 10.73277 10.68652 10.63954 10.59186 10.54352 10.49451 10.44486 10.39456 10.3436 10.29196 10.23963 10.18657 10.13275 10.07813 10.02266 9.966315 9.909039 9.850795 9.791543 9.731255 9.669903
10.67889 10.71731 10.75492 10.79163 10.82733 10.86193 10.8953 10.92733 10.95789 10.98685 11.01408 11.03945 11.06282 11.08406 11.10304 11.11965 11.13377 11.14531 11.15418 11.16033 11.16371 11.16429 11.16208 11.15709 11.14937 11.13897 11.12597 11.11046 11.09255 11.07233 11.04994 11.0255 10.99912 10.97093 10.94106 10.9096 10.87669 10.84241 10.80686 10.77013 10.73231 10.77675 10.73226 10.68697 10.64092 10.59413 10.54664 10.49846 10.44959 10.40003 10.34978 10.29882 10.24712 10.19465 10.14137 10.08725 10.03224 9.976295 9.919362 9.861399 9.802364 9.742228 9.680964
10.67392 10.7113 10.74785 10.78346 10.81805 10.85152 10.88376 10.91465 10.94407 10.97192 10.99807 11.02239 11.04477 11.06508 11.08321 11.09906 11.11253 11.12354 11.132 11.13787 11.14111 11.1417 11.13964 11.13493 11.12763 11.11777 11.10543 11.09068 11.07361 11.05433 11.03293 11.00953 10.98425 10.95718 10.92844 10.89813 10.86636 10.83322 10.79881 10.7632 10.81656 10.77394 10.73043 10.6861 10.64097 10.59508 10.54846 10.50111 10.45305 10.40427 10.35476 10.30451 10.25349 10.20166 10.149 10.09544 10.04094 9.985457 9.928927 9.871304 9.812543 9.752607 9.691472
10.66781 10.70418 10.73969 10.77425 10.80778 10.84016 10.87131 10.90112 10.92948 10.95628 10.98141 11.00475 11.0262 11.04565 11.063 11.07815 11.09102 11.10153 11.10962 11.11523 11.11835 11.11893 11.117 11.11255 11.10562 11.09625 11.0845 11.07045 11.05416 11.03574 11.01527 10.99284 10.96857 10.94255 10.91488 10.88566 10.85499 10.82294 10.78961 10.75508 10.81152 10.76989 10.72735 10.68396 10.63975 10.59476 10.54901 10.50251 10.45528 10.4073 10.35857 10.30908 10.25878 10.20765 10.15564 10.10271 10.04879 9.993829 9.937766 9.880545 9.822112 9.762427 9.701463
10.66063 10.69602 10.73053 10.76408 10.79657 10.82792 10.85804 10.88682 10.91417 10.93997 10.96414 10.98657 11.00716 11.02581 11.04243 11.05693 11.06924 11.0793 11.08703 11.09241 11.0954 11.09598 11.09416 11.08994 11.08335 11.07443 11.06323 11.04981 11.03424 11.01661 10.99699 10.97547 10.95215 10.92712 10.90046 10.87227 10.84263 10.81163 10.77934 10.84503 10.80533 10.76465 10.72306 10.6806 10.63731 10.59321 10.54834 10.50271 10.45632 10.40917 10.36125 10.31254 10.26301 10.21262 10.16133 10.10908 10.0558 10.00143 9.945906 9.889149 9.831103 9.771721 9.710966
10.65244 10.68689 10.72043 10.753 10.78451 10.81487 10.844 10.8718 10.89819 10.92306 10.94633 10.9679 10.98768 11.00558 11.02152 11.03542 11.04721 11.05684 11.06425 11.0694 11.07227 11.07285 11.07112 11.06711 11.06082 11.05231 11.0416 11.02877 11.01387 10.99696 10.97813 10.95746 10.93503 10.91092 10.88521 10.85799 10.82934 10.79933 10.76805 10.83679 10.79803 10.75828 10.71762 10.67607 10.63368 10.59048 10.54648 10.50172 10.45618 10.40987 10.36279 10.3149 10.26618 10.21659 10.16607 10.11456 10.06199 10.00829 9.953365 9.897142 9.839547 9.780518 9.720013
10.64332 10.67685 10.70946 10.74108 10.77164 10.80106 10.82925 10.85612 10.8816 10.90559 10.92801 10.94877 10.96779 10.98499 11.00029 11.01363 11.02494 11.03417 11.04127 11.04621 11.04897 11.04953 11.04788 11.04405 11.03805 11.0299 11.01965 11.00735 10.99306 10.97683 10.95874 10.93885 10.91724 10.894 10.86919 10.84288 10.81517 10.78611 10.86435 10.82752 10.78966 10.75083 10.71106 10.67041 10.6289 10.58658 10.54346 10.49956 10.45489 10.40944 10.36321 10.31617 10.2683 10.21954 10.16985 10.11915 10.06736 10.0144 9.960156 9.904544 9.847466 9.788846 9.728632
10.63333 10.66596 10.69767 10.72838 10.75803 10.78654 10.81384 10.83983 10.86444 10.8876 10.90921 10.92921 10.94751 10.96405 10.97876 10.99157 11.00242 11.01128 11.01809 11.02283 11.02548 11.02602 11.02445 11.02078 11.01503 11.00721 10.99738 10.98558 10.97184 10.95624 10.93882 10.91967 10.89883 10.8764 10.85243 10.82699 10.80016 10.77201 10.85323 10.81727 10.78028 10.74232 10.70342 10.66364 10.62301 10.58155 10.5393 10.49626 10.45246 10.40788 10.36251 10.31635 10.26935 10.22147 10.17266 10.12283 10.07189 10.01975 9.966281 9.911364 9.854881 9.796735 9.736854
10.62251 10.65427 10.68511 10.71495 10.74373 10.77137 10.79781 10.82296 10.84675 10.86911 10.88997 10.90925 10.92688 10.9428 10.95694 10.96925 10.97968 10.98818 10.99472 10.99927 11.00181 11.00232 11.00081 10.99729 10.99176 10.98425 10.9748 10.96344 10.95023 10.9352 10.91842 10.89994 10.87983 10.85815 10.83497 10.81035 10.78436 10.87525 10.8412 10.80607 10.76992 10.73279 10.69474 10.6558 10.61602 10.57541 10.534 10.49182 10.44888 10.40516 10.36068 10.31541 10.26931 10.22235 10.17446 10.12557 10.07556 10.02433 9.971725 9.917602 9.861806 9.804205 9.744703
10.61092 10.64184 10.67184 10.70084 10.72878 10.75559 10.78121 10.80556 10.82857 10.85018 10.87031 10.88891 10.9059 10.92124 10.93485 10.94669 10.95672 10.96488 10.97116 10.97552 10.97795 10.97844 10.97698 10.97358 10.96825 10.96102 10.95192 10.94097 10.92823 10.91373 10.89753 10.87969 10.86025 10.83928 10.81684 10.79299 10.76778 10.86157 10.8283 10.79396 10.7586 10.72228 10.68504 10.64692 10.60795 10.56816 10.52759 10.48625 10.44415 10.4013 10.35769 10.31332 10.26814 10.22213 10.17521 10.1273 10.07831 10.02808 9.97645 9.923239 9.868242 9.811278 9.752209
10.5986 10.62871 10.6579 10.68609 10.71322 10.73924 10.76407 10.78765 10.80992 10.83081 10.85026 10.86822 10.88461 10.89938 10.91249 10.92389 10.93353 10.94138 10.94741 10.95159 10.95391 10.95436 10.95294 10.94965 10.94451 10.93753 10.92874 10.91817 10.90586 10.89186 10.8762 10.85894 10.84013 10.81982 10.79807 10.77493 10.87852 10.84708 10.81455 10.78096 10.74636 10.71081 10.67434 10.637 10.59882 10.55983 10.52006 10.47953 10.43826 10.39626 10.35352 10.31004 10.26579 10.22074 10.17482 10.12796 10.08004 10.03092 9.980392 9.928232 9.874176 9.817966 9.759395
10.58559 10.61493 10.64333 10.67074 10.6971 10.72235 10.74643 10.76928 10.79084 10.81105 10.82985 10.84718 10.863 10.87725 10.88988 10.90086 10.91014 10.91768 10.92347 10.92748 10.92969 10.9301 10.92871 10.92551 10.92053 10.91377 10.90527 10.89505 10.88314 10.86959 10.85442 10.8377 10.81947 10.79978 10.77868 10.75622 10.86257 10.83182 10.79998 10.76709 10.73322 10.69839 10.66266 10.62607 10.58864 10.55041 10.51142 10.47167 10.43121 10.39003 10.34813 10.30553 10.2622 10.2181 10.17321 10.12742 10.08065 10.03272 9.983433 9.932496 9.879565 9.824267 9.766285
10.57194 10.60052 10.62816 10.65482 10.68044 10.70495 10.72831 10.75046 10.77134 10.7909 10.80908 10.82583 10.84111 10.85485 10.86703 10.8776 10.88653 10.89378 10.89934 10.90318 10.90528 10.90565 10.90427 10.90116 10.89631 10.88976 10.88152 10.87161 10.86007 10.84693 10.83223 10.81601 10.79831 10.77919 10.75869 10.87491 10.84592 10.8158 10.78461 10.7524 10.7192 10.68507 10.65003 10.61414 10.57743 10.53992 10.50166 10.46267 10.42297 10.38257 10.34149 10.29973 10.25729 10.21414 10.17024 10.12555 10.07995 10.03331 9.98539 9.935874 9.884314 9.830162 9.7729
10.55768 10.58553 10.61244 10.63837 10.66327 10.68708 10.70975 10.73123 10.75146 10.7704 10.78798 10.80418 10.81893 10.8322 10.84394 10.85413 10.86272 10.86969 10.87502 10.87869 10.88069 10.881 10.87963 10.87659 10.87187 10.86549 10.85748 10.84786 10.83665 10.82389 10.80962 10.79386 10.77666 10.75807 10.73813 10.857 10.82858 10.79906 10.76848 10.73689 10.70433 10.67084 10.63646 10.60123 10.56519 10.52837 10.4908 10.45251 10.41352 10.37386 10.33355 10.29259 10.25098 10.20872 10.1658 10.12216 10.07774 10.03241 9.985974 9.938091 9.888223 9.83558 9.779259
10.54285 10.56999 10.59619 10.62142 10.64563 10.66876 10.69077 10.7116 10.73121 10.74955 10.76657 10.78223 10.79649 10.8093 10.82063 10.83044 10.83871 10.84542 10.85052 10.85403 10.85591 10.85617 10.8548 10.8518 10.84719 10.84098 10.83318 10.82381 10.81291 10.8005 10.78661 10.77127 10.75454 10.73644 10.86521 10.83846 10.81057 10.78161 10.7516 10.72059 10.68862 10.65574 10.62197 10.58736 10.55194 10.51576 10.47883 10.44119 10.40287 10.36389 10.32428 10.28405 10.24321 10.20177 10.15973 10.11707 10.07375 10.0297 9.984763 9.93867 9.890871 9.840319 9.785374
10.52748 10.55392 10.57945 10.604 10.62754 10.65002 10.67139 10.6916 10.71062 10.72838 10.74486 10.76001 10.77379 10.78616 10.79709 10.80655 10.81451 10.82095 10.82584 10.82918 10.83095 10.83115 10.82977 10.82681 10.82229 10.81622 10.8086 10.79947 10.78884 10.77674 10.76321 10.74827 10.73196 10.71431 10.84559 10.81931 10.79193 10.76347 10.73399 10.70353 10.67211 10.63978 10.60658 10.57254 10.5377 10.5021 10.46576 10.42872 10.391 10.35264 10.31366 10.27407 10.23391 10.19318 10.15191 10.11009 10.06771 10.02477 9.981194 9.936844 9.891365 9.843759 9.791231
