data/map/krigtoc.asc
ncols         291
nrows         216
xllcorner     6401616.0292767
yllcorner     1695483.6131183
cellsize      725.71576782226
NODATA_value  -9999
[rows 140 to 167 of 216, columns 189 to 251 of 291]
3.848423 3.834609 3.821191 3.808158 3.7955 3.783206 3.771266 3.759671 3.748412 3.73748 3.726867 3.716564 3.706565 3.696861 3.687447 3.678315 3.669459 3.660873 3.652551 3.644489 3.63668 3.62912 3.621804 3.614728 3.607888 3.601279 3.594898 3.58874 3.582803 3.577084 3.571579 3.566284 3.561198 3.556318 3.551641 3.547164 3.542886 3.538803 3.534915 3.531219 3.527714 3.524396 3.521266 3.51832 3.515558 3.512979 3.51058 3.50836 3.506319 3.504454 3.502766 3.501252 3.499912 3.498745 3.49775 3.496926 3.496272 3.495787 3.495471 3.495323 3.495343 3.495529 3.495882
3.843059 3.829381 3.816101 3.803206 3.790685 3.778529 3.766726 3.755268 3.744144 3.733346 3.722866 3.712695 3.702826 3.693251 3.683964 3.674957 3.666225 3.657761 3.64956 3.641616 3.633924 3.62648 3.619278 3.612314 3.605584 3.599085 3.592811 3.58676 3.580928 3.575311 3.569908 3.564714 3.559728 3.554946 3.550365 3.545985 3.541802 3.537814 3.534019 3.530415 3.527 3.523773 3.520733 3.517876 3.515203 3.512711 3.510399 3.508266 3.506311 3.504533 3.502929 3.501501 3.500246 3.499164 3.498253 3.497514 3.496945 3.496545 3.496314 3.496251 3.496356 3.496629 3.497068
3.837598 3.824067 3.810934 3.798186 3.785812 3.773802 3.762144 3.750829 3.739848 3.729191 3.71885 3.708817 3.699083 3.689642 3.680487 3.67161 3.663006 3.654669 3.646592 3.638771 3.6312 3.623874 3.616789 3.60994 3.603324 3.596936 3.590772 3.584829 3.579104 3.573593 3.568294 3.563203 3.558318 3.553636 3.549155 3.544872 3.540785 3.536893 3.533192 3.529682 3.52636 3.523225 3.520275 3.517509 3.514925 3.512522 3.510299 3.508254 3.506386 3.504694 3.503178 3.501836 3.500667 3.499671 3.498846 3.498192 3.497708 3.497394 3.497249 3.497272 3.497464 3.497823 3.49835
3.832047 3.818673 3.805696 3.793105 3.780886 3.76903 3.757525 3.746361 3.735529 3.72502 3.714824 3.704934 3.695342 3.68604 3.677021 3.668279 3.659807 3.6516 3.643651 3.635956 3.628509 3.621305 3.61434 3.60761 3.601109 3.594835 3.588784 3.582952 3.577336 3.571933 3.56674 3.561754 3.556972 3.552391 3.54801 3.543827 3.539838 3.536042 3.532438 3.529022 3.525795 3.522753 3.519895 3.51722 3.514727 3.512414 3.51028 3.508324 3.506544 3.504941 3.503512 3.502257 3.501175 3.500265 3.499527 3.49896 3.498562 3.498335 3.498277 3.498387 3.498666 3.499113 3.499727
3.826411 3.813205 3.800395 3.787969 3.775914 3.76422 3.752876 3.74187 3.731194 3.720838 3.710794 3.701052 3.691607 3.682449 3.673571 3.664968 3.656633 3.64856 3.640743 3.633177 3.625857 3.618778 3.611936 3.605326 3.598944 3.592787 3.586851 3.581132 3.575627 3.570333 3.565248 3.560368 3.555691 3.551214 3.546935 3.542852 3.538963 3.535265 3.531758 3.528438 3.525305 3.522357 3.519593 3.517011 3.514609 3.512387 3.510344 3.508477 3.506787 3.505272 3.503932 3.502765 3.50177 3.500948 3.500298 3.499818 3.499508 3.499368 3.499397 3.499595 3.499962 3.500497 3.5012
3.820699 3.807671 3.795037 3.782786 3.770904 3.75938 3.748203 3.737363 3.726849 3.716653 3.706766 3.697179 3.687884 3.678875 3.670143 3.661684 3.653489 3.645553 3.637872 3.630438 3.623248 3.616297 3.60958 3.603093 3.596833 3.590795 3.584975 3.579371 3.573979 3.568797 3.563821 3.559049 3.554478 3.550106 3.54593 3.541949 3.53816 3.534562 3.531153 3.527931 3.524894 3.522042 3.519371 3.516882 3.514573 3.512443 3.510491 3.508715 3.507115 3.50569 3.504438 3.50336 3.502455 3.501721 3.501158 3.500766 3.500544 3.500492 3.50061 3.500896 3.501351 3.501975 3.502768
3.814919 3.802079 3.789631 3.777563 3.765862 3.754516 3.743515 3.732846 3.722502 3.712472 3.702747 3.693319 3.684181 3.675325 3.666743 3.65843 3.65038 3.642585 3.635042 3.627744 3.620687 3.613867 3.607277 3.600916 3.594779 3.588861 3.583161 3.577673 3.572396 3.567327 3.562462 3.557799 3.553336 3.54907 3.544999 3.541121 3.537434 3.533937 3.530627 3.527502 3.524563 3.521806 3.519231 3.516836 3.514621 3.512583 3.510723 3.509038 3.507529 3.506194 3.505033 3.504044 3.503228 3.502583 3.502109 3.501806 3.501673 3.501709 3.501915 3.50229 3.502835 3.503548 3.50443
3.809081 3.796439 3.784186 3.772311 3.760799 3.749639 3.738819 3.72833 3.71816 3.708301 3.698745 3.689481 3.680504 3.671805 3.663377 3.655215 3.647312 3.639662 3.63226 3.6251 3.618179 3.611491 3.605032 3.598798 3.592786 3.586991 3.581411 3.576042 3.570882 3.565926 3.561174 3.556622 3.552267 3.548108 3.544143 3.540369 3.536785 3.533389 3.53018 3.527154 3.524313 3.521653 3.519174 3.516874 3.514753 3.512809 3.511041 3.509448 3.50803 3.506786 3.505716 3.504817 3.50409 3.503535 3.50315 3.502936 3.502892 3.503018 3.503313 3.503778 3.504412 3.505215 3.506187
3.803194 3.79076 3.778713 3.767038 3.755723 3.744756 3.734125 3.723821 3.713832 3.70415 3.694766 3.685672 3.676859 3.668322 3.660052 3.652044 3.644291 3.636788 3.62953 3.622511 3.615728 3.609175 3.602848 3.596744 3.590858 3.585188 3.57973 3.574481 3.569438 3.564599 3.55996 3.555519 3.551275 3.547224 3.543365 3.539697 3.536217 3.532923 3.529814 3.526889 3.524146 3.521584 3.519201 3.516997 3.51497 3.51312 3.511446 3.509946 3.50862 3.507467 3.506487 3.505679 3.505043 3.504577 3.504283 3.504158 3.504204 3.504419 3.504804 3.505358 3.506082 3.506975 3.508038
3.79727 3.785054 3.773221 3.761755 3.750645 3.739878 3.729443 3.71933 3.709527 3.700027 3.69082 3.681899 3.673256 3.664883 3.656774 3.648923 3.641323 3.63397 3.626859 3.619983 3.61334 3.606923 3.600731 3.594758 3.589001 3.583457 3.578122 3.572994 3.56807 3.563347 3.558823 3.554495 3.550361 3.54642 3.542669 3.539106 3.53573 3.532539 3.529532 3.526707 3.524064 3.5216 3.519314 3.517206 3.515275 3.513519 3.511938 3.510531 3.509298 3.508237 3.507349 3.506632 3.506086 3.505711 3.505507 3.505472 3.505607 3.505912 3.506387 3.507031 3.507845 3.508829 3.509982
3.791322 3.779334 3.767722 3.756474 3.745576 3.735016 3.724782 3.714865 3.705254 3.69594 3.686915 3.678171 3.6697 3.661495 3.65355 3.645859 3.638416 3.631215 3.624251 3.617521 3.611019 3.604742 3.598684 3.592844 3.587217 3.5818 3.57659 3.571584 3.56678 3.562174 3.557766 3.553551 3.54953 3.545698 3.542055 3.538599 3.535328 3.532241 3.529336 3.526612 3.524068 3.521703 3.519515 3.517503 3.515668 3.514007 3.51252 3.511207 3.510066 3.509098 3.508301 3.507675 3.507221 3.506936 3.506822 3.506878 3.507103 3.507498 3.508063 3.508798 3.509702 3.510776 3.51202
3.785363 3.773612 3.762231 3.751207 3.740528 3.730181 3.720154 3.710438 3.701023 3.6919 3.68306 3.674496 3.666201 3.658167 3.650388 3.642859 3.635574 3.628527 3.621714 3.615131 3.608772 3.602634 3.596714 3.591007 3.585511 3.580222 3.575138 3.570255 3.565571 3.561085 3.556792 3.552692 3.548782 3.545061 3.541527 3.538178 3.535012 3.532029 3.529227 3.526604 3.524161 3.521894 3.519804 3.51789 3.51615 3.514584 3.513192 3.511972 3.510925 3.510049 3.509344 3.50881 3.508446 3.508253 3.508229 3.508376 3.508691 3.509177 3.509832 3.510657 3.511651 3.512816 3.514151
3.779408 3.767902 3.756759 3.745967 3.735513 3.725384 3.715569 3.706059 3.696844 3.687915 3.679264 3.670884 3.662766 3.654906 3.647296 3.639931 3.632805 3.625915 3.619253 3.612818 3.606604 3.600607 3.594825 3.589253 3.583888 3.578728 3.57377 3.569011 3.564449 3.560081 3.555905 3.551919 3.548123 3.544512 3.541087 3.537845 3.534786 3.531907 3.529207 3.526687 3.524343 3.522176 3.520184 3.518367 3.516723 3.515253 3.513955 3.51283 3.511875 3.511092 3.510479 3.510037 3.509765 3.509662 3.509729 3.509966 3.510372 3.510948 3.511693 3.512608 3.513693 3.514948 3.516374
3.773474 3.76222 3.751323 3.740768 3.730544 3.720638 3.71104 3.70174 3.692728 3.683996 3.675537 3.667342 3.659405 3.65172 3.64428 3.637081 3.630117 3.623383 3.616875 3.610589 3.60452 3.598665 3.593021 3.587584 3.582352 3.577322 3.57249 3.567855 3.563415 3.559166 3.555107 3.551237 3.547553 3.544054 3.540738 3.537604 3.53465 3.531876 3.529279 3.52686 3.524617 3.522549 3.520655 3.518935 3.517388 3.516014 3.514811 3.513779 3.512918 3.512227 3.511707 3.511356 3.511175 3.511164 3.511322 3.511649 3.512146 3.512811 3.513647 3.514652 3.515827 3.517173 3.518689
3.767576 3.756582 3.745936 3.735624 3.725635 3.715957 3.706579 3.697492 3.688686 3.680154 3.671888 3.663881 3.656126 3.648618 3.64135 3.634317 3.627515 3.620939 3.614585 3.608448 3.602525 3.596813 3.591308 3.586007 3.580908 3.576007 3.571303 3.566792 3.562473 3.558344 3.554403 3.550647 3.547076 3.543688 3.540482 3.537455 3.534607 3.531938 3.529444 3.527127 3.524984 3.523016 3.52122 3.519598 3.518147 3.516867 3.515759 3.514821 3.514054 3.513456 3.513027 3.512769 3.512679 3.512758 3.513007 3.513425 3.514012 3.514768 3.515693 3.516789 3.518054 3.51949 3.521097
3.761733 3.751004 3.740615 3.730551 3.720801 3.711354 3.702198 3.693326 3.684729 3.676399 3.668328 3.66051 3.652938 3.645607 3.638512 3.631647 3.625008 3.61859 3.61239 3.606403 3.600627 3.595057 3.589691 3.584526 3.579559 3.574789 3.570211 3.565825 3.561628 3.557618 3.553794 3.550153 3.546695 3.543418 3.540321 3.537402 3.53466 3.532095 3.529705 3.527489 3.525446 3.523577 3.52188 3.520354 3.519 3.517816 3.516802 3.515958 3.515283 3.514778 3.514442 3.514275 3.514276 3.514446 3.514786 3.515294 3.515971 3.516817 3.517833 3.519018 3.520373 3.521899 3.523596
3.755964 3.745506 3.735378 3.725565 3.716056 3.706842 3.697912 3.689257 3.680869 3.672741 3.664867 3.657238 3.64985 3.642698 3.635775 3.629078 3.622602 3.616342 3.610296 3.604459 3.598829 3.593402 3.588175 3.583145 3.578311 3.57367 3.569219 3.564957 3.560881 3.556991 3.553283 3.549758 3.546413 3.543247 3.540258 3.537446 3.53481 3.532349 3.530061 3.527947 3.526005 3.524235 3.522635 3.521207 3.519948 3.518859 3.51794 3.517189 3.516608 3.516195 3.51595 3.515875 3.515967 3.516228 3.516658 3.517256 3.518023 3.518959 3.520064 3.521339 3.522784 3.5244 3.526186
3.750289 3.740106 3.73024 3.720681 3.711416 3.702436 3.693732 3.685295 3.677118 3.669193 3.661515 3.654076 3.646872 3.639897 3.633147 3.626617 3.620303 3.614202 3.60831 3.602623 3.597138 3.591852 3.586764 3.58187 3.577168 3.572656 3.568331 3.564193 3.560238 3.556466 3.552876 3.549464 3.546231 3.543175 3.540296 3.537591 3.53506 3.532702 3.530517 3.528504 3.526661 3.52499 3.523488 3.522156 3.520993 3.519999 3.519173 3.518516 3.518028 3.517707 3.517554 3.517569 3.517752 3.518104 3.518623 3.519311 3.520168 3.521194 3.522388 3.523752 3.525287 3.526992 3.528867
3.744729 3.734822 3.725222 3.715917 3.706897 3.698152 3.689674 3.681455 3.673487 3.665765 3.658282 3.651032 3.644011 3.637214 3.630636 3.624273 3.618121 3.612176 3.606437 3.600899 3.595559 3.590415 3.585464 3.580704 3.576134 3.57175 3.567551 3.563535 3.559701 3.556047 3.552572 3.549275 3.546154 3.543207 3.540436 3.537837 3.535411 3.533157 3.531073 3.52916 3.527417 3.525844 3.524439 3.523203 3.522136 3.521236 3.520504 3.51994 3.519543 3.519314 3.519253 3.519359 3.519632 3.520074 3.520683 3.521461 3.522406 3.523521 3.524805 3.526258 3.527881 3.529675 3.53164
3.739304 3.729675 3.72034 3.71129 3.702513 3.694003 3.68575 3.677747 3.669989 3.662468 3.65518 3.648118 3.641279 3.634657 3.628249 3.622051 3.61606 3.610272 3.604684 3.599293 3.594097 3.589093 3.584279 3.579653 3.575212 3.570956 3.566882 3.562988 3.559274 3.555737 3.552377 3.549192 3.546182 3.543345 3.54068 3.538188 3.535866 3.533714 3.531732 3.529919 3.528275 3.526798 3.525491 3.52435 3.523377 3.522571 3.521933 3.521461 3.521156 3.521018 3.521048 3.521244 3.521607 3.522138 3.522837 3.523703 3.524738 3.525941 3.527313 3.528855 3.530567 3.532449 3.534502
3.734038 3.724685 3.715614 3.706816 3.698282 3.690004 3.681974 3.674187 3.666635 3.659313 3.652217 3.645341 3.638682 3.632234 3.625995 3.619961 3.614128 3.608495 3.603057 3.597812 3.592758 3.587893 3.583214 3.57872 3.574409 3.570279 3.566328 3.562555 3.558959 3.555539 3.552293 3.54922 3.546319 3.54359 3.541032 3.538644 3.536425 3.534375 3.532494 3.53078 3.529234 3.527855 3.526643 3.525597 3.524718 3.524006 3.523459 3.52308 3.522866 3.522819 3.522938 3.523225 3.523677 3.524297 3.525085 3.52604 3.527163 3.528454 3.529914 3.531544 3.533344 3.535314 3.537455
3.728951 3.719872 3.711062 3.702514 3.694219 3.68617 3.678361 3.670785 3.663437 3.656312 3.649405 3.642713 3.63623 3.629954 3.623881 3.618008 3.612332 3.606851 3.601561 3.59646 3.591547 3.586819 3.582274 3.57791 3.573726 3.569721 3.565892 3.562239 3.55876 3.555454 3.552321 3.549359 3.546568 3.543946 3.541493 3.539209 3.537092 3.535143 3.533361 3.531745 3.530297 3.529014 3.527897 3.526945 3.52616 3.52554 3.525086 3.524797 3.524674 3.524717 3.524926 3.525301 3.525843 3.526552 3.527427 3.52847 3.529681 3.53106 3.532608 3.534325 3.536211 3.538269 3.540497
3.724066 3.715256 3.706703 3.6984 3.69034 3.682516 3.674922 3.667554 3.660406 3.653474 3.646753 3.64024 3.633932 3.627824 3.621915 3.6162 3.610678 3.605347 3.600202 3.595244 3.590469 3.585875 3.581462 3.577227 3.573169 3.569287 3.565578 3.562043 3.55868 3.555488 3.552466 3.549613 3.546929 3.544413 3.542065 3.539883 3.537868 3.536018 3.534335 3.532817 3.531464 3.530277 3.529254 3.528396 3.527703 3.527175 3.526812 3.526613 3.526581 3.526713 3.527011 3.527475 3.528105 3.528901 3.529864 3.530994 3.532292 3.533758 3.535393 3.537197 3.53917 3.541314 3.543629
3.719405 3.710857 3.702554 3.694491 3.686659 3.679055 3.671672 3.664506 3.657553 3.650809 3.64427 3.637933 3.631795 3.625852 3.620103 3.614544 3.609173 3.603988 3.598986 3.594167 3.589528 3.585067 3.580783 3.576675 3.57274 3.568979 3.565389 3.56197 3.558721 3.555641 3.552729 3.549984 3.547406 3.544995 3.542749 3.540669 3.538754 3.537003 3.535417 3.533995 3.532738 3.531644 3.530715 3.529949 3.529348 3.528911 3.528638 3.52853 3.528586 3.528807 3.529193 3.529745 3.530462 3.531346 3.532396 3.533612 3.534997 3.536549 3.53827 3.54016 3.542219 3.544449 3.54685
3.714989 3.706695 3.698634 3.690802 3.683192 3.675801 3.668622 3.661653 3.65489 3.648328 3.641966 3.6358 3.629827 3.624046 3.618452 3.613044 3.607821 3.602779 3.597918 3.593235 3.588729 3.584398 3.580241 3.576257 3.572444 3.568801 3.565328 3.562024 3.558887 3.555917 3.553113 3.550474 3.548001 3.545693 3.543549 3.541568 3.539752 3.538098 3.536609 3.535282 3.534118 3.533118 3.532281 3.531607 3.531096 3.530749 3.530566 3.530546 3.53069 3.530999 3.531473 3.532112 3.532916 3.533885 3.535022 3.536325 3.537795 3.539432 3.541239 3.543214 3.545359 3.547674 3.55016
3.710837 3.702787 3.694959 3.687349 3.679953 3.672765 3.665784 3.659004 3.652424 3.64604 3.639849 3.633848 3.628036 3.62241 3.616968 3.611708 3.606628 3.601727 3.597002 3.592452 3.588076 3.583872 3.579839 3.575977 3.572283 3.568757 3.565398 3.562206 3.559179 3.556317 3.553619 3.551086 3.548715 3.546508 3.544464 3.542582 3.540863 3.539306 3.537911 3.536678 3.535607 3.534699 3.533953 3.533369 3.532948 3.53269 3.532595 3.532663 3.532895 3.533291 3.533851 3.534575 3.535465 3.536521 3.537742 3.53913 3.540685 3.542408 3.544299 3.546359 3.548588 3.550988 3.553558
3.706969 3.69915 3.691544 3.684146 3.676953 3.669962 3.663168 3.656571 3.650166 3.643952 3.637925 3.632085 3.626428 3.620953 3.615658 3.610541 3.6056 3.600834 3.596242 3.591822 3.587573 3.583493 3.579581 3.575837 3.57226 3.568848 3.565601 3.562519 3.5596 3.556844 3.554251 3.55182 3.549551 3.547443 3.545497 3.543712 3.542088 3.540626 3.539324 3.538184 3.537205 3.536387 3.535731 3.535236 3.534904 3.534734 3.534726 3.534881 3.535199 3.535681 3.536326 3.537136 3.538111 3.539251 3.540557 3.54203 3.543669 3.545476 3.547451 3.549594 3.551907 3.554391 3.557045
3.703402 3.695801 3.688404 3.681206 3.674206 3.6674 3.660786 3.654361 3.648124 3.642072 3.636204 3.630517 3.625009 3.619679 3.614526 3.609547 3.604741 3.600107 3.595643 3.591349 3.587223 3.583263 3.57947 3.575842 3.572378 3.569078 3.56594 3.562965 3.560152 3.5575 3.555009 3.552679 3.550508 3.548499 3.546649 3.544959 3.54343 3.54206 3.54085 3.539801 3.538912 3.538184 3.537616 3.53721 3.536964 3.536881 3.536959 3.5372 3.537603 3.53817 3.5389 3.539794 3.540854 3.542077 3.543467 3.545023 3.546745 3.548635 3.550693 3.55292 3.555316 3.557882 3.560619
