data/map/krigtoc.asc
ncols         291
nrows         216
xllcorner     6401616.0292767
yllcorner     1695483.6131183
cellsize      725.71576782226
NODATA_value  -9999
[rows 112 to 139 of 216, columns 189 to 251 of 291]
3.955092 3.940141 3.9255 3.911166 3.897516 3.884235 3.87123 3.858497 3.846034 3.833837 3.821904 3.810231 3.798815 3.787654 3.776743 3.766081 3.755663 3.745488 3.735553 3.725853 3.716388 3.707153 3.698147 3.689367 3.680809 3.672472 3.664353 3.65645 3.648759 3.64128 3.63401 3.626946 3.620087 3.61343 3.606973 3.600714 3.594652 3.588785 3.583111 3.577628 3.572334 3.567228 3.562309 3.557574 3.553022 3.548653 3.544464 3.540454 3.536623 3.532968 3.529489 3.526184 3.523053 3.520095 3.517308 3.514691 3.512245 3.509967 3.507857 3.505914 3.504138 3.502527 3.501081
3.950343 3.935356 3.922409 3.90852 3.894916 3.881596 3.868556 3.855793 3.843303 3.831084 3.819131 3.807441 3.796013 3.784841 3.773924 3.763257 3.752838 3.742664 3.732732 3.723039 3.713582 3.704357 3.695363 3.686597 3.678055 3.669736 3.661636 3.653754 3.646086 3.638631 3.631386 3.624348 3.617516 3.610888 3.604461 3.598234 3.592204 3.58637 3.58073 3.575282 3.570024 3.564955 3.560072 3.555376 3.550863 3.546533 3.542385 3.538416 3.534626 3.531014 3.527577 3.524316 3.521229 3.518315 3.515573 3.513002 3.510601 3.508368 3.506305 3.504409 3.50268 3.501116 3.499717
3.948585 3.934059 3.919832 3.905899 3.892256 3.878902 3.865831 3.853041 3.840528 3.828289 3.816321 3.804619 3.793181 3.782003 3.771082 3.760415 3.749998 3.739829 3.729903 3.720219 3.710773 3.701562 3.692584 3.683834 3.675312 3.667013 3.658935 3.651077 3.643434 3.636005 3.628788 3.62178 3.614978 3.608381 3.601987 3.595793 3.589798 3.583999 3.578395 3.572984 3.567764 3.562733 3.55789 3.553234 3.548762 3.544473 3.540367 3.536441 3.532694 3.529125 3.525733 3.522516 3.519475 3.516606 3.51391 3.511385 3.50903 3.506845 3.504829 3.50298 3.501298 3.499782 3.49843
3.946029 3.931455 3.917184 3.903211 3.889534 3.876148 3.863051 3.850238 3.837707 3.825452 3.813472 3.801762 3.790318 3.779138 3.768217 3.757553 3.747142 3.73698 3.727065 3.717394 3.707962 3.698768 3.689808 3.681078 3.672578 3.664303 3.65625 3.648418 3.640804 3.633404 3.626217 3.61924 3.612472 3.605909 3.599549 3.593391 3.587432 3.581671 3.576105 3.570733 3.565553 3.560563 3.555762 3.551147 3.546718 3.542472 3.538409 3.534528 3.530826 3.527302 3.523956 3.520785 3.51779 3.514968 3.512319 3.509841 3.507534 3.505397 3.503428 3.501627 3.499993 3.498525 3.497221
3.943391 3.928772 3.914461 3.900453 3.886745 3.873334 3.860214 3.847383 3.834836 3.822571 3.810582 3.798867 3.787422 3.776243 3.765327 3.754669 3.744267 3.734118 3.724216 3.714561 3.705147 3.695973 3.687034 3.678329 3.669853 3.661605 3.65358 3.645778 3.638194 3.630826 3.623672 3.61673 3.609997 3.60347 3.597148 3.591028 3.585108 3.579386 3.573861 3.568531 3.563392 3.558445 3.553687 3.549116 3.544731 3.540531 3.536513 3.532677 3.529022 3.525545 3.522245 3.519123 3.516175 3.513401 3.5108 3.508371 3.506113 3.504025 3.502105 3.500352 3.498767 3.497346 3.496091
3.940666 3.926007 3.911661 3.897623 3.883889 3.870455 3.857317 3.844472 3.831915 3.819643 3.80765 3.795935 3.784492 3.773319 3.76241 3.751763 3.741374 3.73124 3.721356 3.71172 3.702328 3.693177 3.684263 3.675585 3.667137 3.658918 3.650925 3.643155 3.635605 3.628272 3.621154 3.614249 3.607553 3.601065 3.594783 3.588703 3.582825 3.577146 3.571663 3.566376 3.561282 3.556379 3.551666 3.547141 3.542802 3.538649 3.534678 3.53089 3.527282 3.523854 3.520603 3.517529 3.51463 3.511906 3.509355 3.506975 3.504767 3.502728 3.500858 3.499155 3.497619 3.496248 3.495041
3.937851 3.923157 3.90878 3.894716 3.880961 3.867509 3.854358 3.841504 3.828941 3.816665 3.804674 3.792962 3.781526 3.770362 3.759466 3.748833 3.738461 3.728346 3.718483 3.708871 3.699504 3.690379 3.681494 3.672845 3.66443 3.656244 3.648285 3.64055 3.633036 3.625741 3.618662 3.611796 3.605141 3.598695 3.592454 3.586418 3.580583 3.574948 3.569511 3.564269 3.559221 3.554365 3.549699 3.545222 3.540931 3.536826 3.532905 3.529166 3.525607 3.522229 3.519028 3.516005 3.513156 3.510483 3.507982 3.505654 3.503496 3.501508 3.499689 3.498037 3.496551 3.49523 3.494073
3.934942 3.920218 3.905816 3.891731 3.877959 3.864495 3.851335 3.838475 3.825911 3.813638 3.801652 3.789948 3.778523 3.767373 3.756492 3.745879 3.735528 3.725435 3.715598 3.706012 3.696674 3.68758 3.678727 3.670111 3.66173 3.65358 3.645658 3.637962 3.630488 3.623233 3.616195 3.609372 3.60276 3.596358 3.590162 3.584171 3.578382 3.572794 3.567404 3.56221 3.55721 3.552403 3.547786 3.543359 3.539118 3.535064 3.531193 3.527505 3.523998 3.52067 3.517522 3.51455 3.511754 3.509132 3.506684 3.504408 3.502302 3.500367 3.498599 3.496999 3.495565 3.494295 3.493188
3.931937 3.917188 3.902765 3.888664 3.87488 3.861409 3.848246 3.835386 3.822825 3.810559 3.798582 3.786891 3.775482 3.764349 3.753489 3.742899 3.732573 3.722507 3.712699 3.703143 3.693838 3.684777 3.67596 3.667381 3.659038 3.650928 3.643047 3.635392 3.62796 3.620749 3.613755 3.606977 3.600411 3.594055 3.587907 3.581964 3.576224 3.570684 3.565344 3.5602 3.55525 3.550494 3.545928 3.541553 3.537364 3.533361 3.529543 3.525908 3.522454 3.519179 3.516084 3.513165 3.510423 3.507855 3.50546 3.503238 3.501186 3.499303 3.497589 3.496042 3.49466 3.493443 3.492388
3.928831 3.914063 3.899625 3.885514 3.871724 3.85825 3.845088 3.832233 3.819681 3.807426 3.795464 3.78379 3.772401 3.761291 3.750456 3.739892 3.729595 3.719561 3.709786 3.700265 3.690995 3.681973 3.673194 3.664656 3.656355 3.648287 3.640449 3.632839 3.625453 3.618288 3.611342 3.604611 3.598094 3.591787 3.585689 3.579796 3.574107 3.568619 3.56333 3.558238 3.553341 3.548638 3.544126 3.539803 3.535668 3.53172 3.527956 3.524374 3.520975 3.517756 3.514715 3.511852 3.509164 3.506651 3.504312 3.502144 3.500147 3.49832 3.49666 3.495167 3.49384 3.492676 3.491674
3.925623 3.910841 3.896394 3.882277 3.868486 3.855016 3.84186 3.829015 3.816476 3.804238 3.792296 3.780644 3.76928 3.758197 3.747391 3.736859 3.726596 3.716597 3.706858 3.697376 3.688147 3.679166 3.67043 3.661935 3.653679 3.645657 3.637866 3.630304 3.622967 3.615851 3.608955 3.602275 3.595809 3.589554 3.583508 3.577668 3.572032 3.566598 3.561363 3.556326 3.551484 3.546835 3.542378 3.538111 3.534032 3.530139 3.526431 3.522906 3.519563 3.5164 3.513416 3.510609 3.507978 3.505522 3.503239 3.501128 3.499187 3.497416 3.495812 3.494375 3.493104 3.491995 3.491048
3.92231 3.907519 3.893069 3.878953 3.865166 3.851704 3.838561 3.825732 3.813211 3.800995 3.789077 3.777453 3.766118 3.755067 3.744295 3.733799 3.723573 3.713614 3.703917 3.694477 3.685292 3.676356 3.667666 3.65922 3.651011 3.643039 3.635298 3.627787 3.620501 3.613438 3.606595 3.599969 3.593557 3.587357 3.581366 3.575581 3.570001 3.564622 3.559444 3.554463 3.549678 3.545086 3.540687 3.536477 3.532455 3.52862 3.52497 3.521503 3.518219 3.515114 3.512187 3.509439 3.506866 3.504468 3.502243 3.50019 3.498307 3.496594 3.495048 3.493668 3.492453 3.491402 3.490512
3.918889 3.904096 3.889647 3.875538 3.861762 3.848314 3.835189 3.822381 3.809884 3.797695 3.785807 3.774215 3.762914 3.7519 3.741168 3.730712 3.720529 3.710613 3.700961 3.691568 3.682431 3.673544 3.664905 3.656509 3.648353 3.640433 3.632746 3.625289 3.618058 3.61105 3.604263 3.597693 3.591338 3.585195 3.579261 3.573534 3.568012 3.562692 3.557572 3.55265 3.547924 3.543392 3.539052 3.534901 3.530939 3.527164 3.523573 3.520166 3.516941 3.513896 3.51103 3.508341 3.505828 3.50349 3.501324 3.499331 3.497508 3.495854 3.494367 3.493046 3.49189 3.490897 3.490066
3.915357 3.900568 3.886128 3.872031 3.858272 3.844844 3.831743 3.818961 3.806495 3.794338 3.782485 3.77093 3.759669 3.748697 3.738008 3.727597 3.717461 3.707594 3.697991 3.688649 3.679564 3.67073 3.662145 3.653804 3.645703 3.63784 3.630209 3.62281 3.615637 3.608688 3.601959 3.595448 3.589153 3.58307 3.577196 3.57153 3.566068 3.560809 3.55575 3.550889 3.546224 3.541753 3.537473 3.533385 3.529484 3.52577 3.522241 3.518896 3.515732 3.512749 3.509944 3.507317 3.504865 3.502588 3.500484 3.498552 3.49679 3.495197 3.493771 3.492511 3.491416 3.490483 3.489712
3.911713 3.896935 3.882509 3.868432 3.854695 3.841293 3.828221 3.815473 3.803042 3.790923 3.77911 3.767598 3.756382 3.745457 3.734816 3.724456 3.714371 3.704556 3.695008 3.685721 3.676691 3.667915 3.659387 3.651105 3.643063 3.635259 3.62769 3.620351 3.613239 3.606351 3.599684 3.593236 3.587002 3.580981 3.575171 3.569567 3.564168 3.558972 3.553976 3.549179 3.544577 3.540169 3.535954 3.531928 3.528091 3.52444 3.520975 3.517693 3.514592 3.511672 3.50893 3.506366 3.503978 3.501764 3.499723 3.497853 3.496154 3.494623 3.49326 3.492063 3.49103 3.49016 3.489451
3.907955 3.893193 3.87879 3.864738 3.85103 3.837661 3.824625 3.811915 3.799525 3.78745 3.775684 3.76422 3.753054 3.74218 3.731593 3.721288 3.711259 3.701502 3.692012 3.682784 3.673815 3.665099 3.656633 3.648413 3.640434 3.632694 3.625187 3.617912 3.610864 3.604041 3.597439 3.591056 3.584887 3.578932 3.573186 3.567648 3.562315 3.557184 3.552253 3.547521 3.542984 3.538642 3.534492 3.530532 3.52676 3.523175 3.519774 3.516557 3.513522 3.510667 3.50799 3.505491 3.503167 3.501018 3.499041 3.497236 3.495601 3.494135 3.492836 3.491703 3.490734 3.489928 3.489284
3.904081 3.889344 3.874968 3.860948 3.847276 3.833946 3.820952 3.808287 3.795945 3.783919 3.772205 3.760795 3.749685 3.738868 3.728339 3.718094 3.708126 3.698431 3.689003 3.67984 3.670934 3.662284 3.653883 3.645729 3.637816 3.630143 3.622703 3.615495 3.608515 3.601759 3.595225 3.588909 3.582809 3.576921 3.571243 3.565773 3.560507 3.555444 3.550581 3.545917 3.541448 3.537173 3.53309 3.529197 3.525492 3.521974 3.518641 3.515491 3.512522 3.509734 3.507124 3.504691 3.502433 3.50035 3.49844 3.496701 3.495132 3.493732 3.492499 3.491432 3.49053 3.48979 3.489211
3.900089 3.885384 3.871044 3.857063 3.843433 3.830149 3.817204 3.80459 3.792301 3.780331 3.768675 3.757324 3.746275 3.73552 3.725055 3.714875 3.704972 3.695344 3.685984 3.676888 3.668051 3.65947 3.651139 3.643054 3.635212 3.627608 3.620239 3.613101 3.606192 3.599507 3.593043 3.586797 3.580768 3.57495 3.569343 3.563942 3.558747 3.553754 3.548961 3.544366 3.539967 3.535762 3.531748 3.527925 3.524289 3.52084 3.517575 3.514494 3.511594 3.508873 3.506332 3.503967 3.501778 3.499763 3.49792 3.496249 3.494748 3.493416 3.492251 3.491251 3.490417 3.489745 3.489234
3.89598 3.881313 3.867016 3.853081 3.839501 3.82627 3.81338 3.800823 3.788594 3.776687 3.765093 3.753808 3.742826 3.732139 3.721743 3.711632 3.7018 3.692243 3.682955 3.673931 3.665167 3.656659 3.648401 3.64039 3.632621 3.625091 3.617796 3.610732 3.603896 3.597284 3.590894 3.584722 3.578765 3.573021 3.567486 3.562159 3.557036 3.552115 3.547394 3.542871 3.538544 3.53441 3.530468 3.526715 3.52315 3.519772 3.516578 3.513567 3.510737 3.508087 3.505615 3.50332 3.501201 3.499255 3.497482 3.495881 3.494449 3.493186 3.492091 3.491161 3.490396 3.489794 3.489354
3.891751 3.877131 3.862884 3.849003 3.83548 3.822308 3.80948 3.796988 3.784826 3.772986 3.761462 3.750248 3.739338 3.728724 3.718402 3.708366 3.69861 3.689129 3.679917 3.67097 3.662283 3.653852 3.645671 3.637737 3.630046 3.622593 3.615375 3.608388 3.601628 3.595093 3.588779 3.582683 3.576802 3.571134 3.565674 3.560422 3.555374 3.550528 3.545881 3.541432 3.537179 3.533118 3.529249 3.52557 3.522078 3.518772 3.51565 3.512711 3.509953 3.507375 3.504975 3.502751 3.500703 3.498829 3.497127 3.495597 3.494236 3.493044 3.49202 3.491162 3.490468 3.489938 3.489569
3.887403 3.872838 3.858649 3.844829 3.83137 3.818265 3.805506 3.793085 3.780996 3.76923 3.757783 3.746645 3.735813 3.725278 3.715036 3.705079 3.695404 3.686003 3.676872 3.668007 3.659401 3.651051 3.642951 3.635098 3.627487 3.620115 3.612977 3.606071 3.599391 3.592936 3.586701 3.580683 3.574881 3.569291 3.563909 3.558734 3.553763 3.548994 3.544424 3.540051 3.535873 3.531888 3.528094 3.524489 3.521072 3.51784 3.514793 3.511928 3.509243 3.506738 3.504411 3.502261 3.500285 3.498484 3.496855 3.495397 3.49411 3.49299 3.492039 3.491254 3.490633 3.490176 3.489882
3.882936 3.868433 3.854311 3.84056 3.827173 3.814142 3.801459 3.789116 3.777106 3.765422 3.754056 3.743002 3.732253 3.721803 3.711645 3.701774 3.692183 3.682868 3.673823 3.665043 3.656523 3.648257 3.640243 3.632474 3.624948 3.61766 3.610606 3.603782 3.597185 3.590812 3.58466 3.578724 3.573003 3.567493 3.562191 3.557096 3.552205 3.547514 3.543023 3.538728 3.534628 3.53072 3.527003 3.523475 3.520134 3.516979 3.514007 3.511217 3.508608 3.506178 3.503925 3.50185 3.499949 3.498222 3.496667 3.495284 3.49407 3.493026 3.492148 3.491438 3.490892 3.490511 3.490292
3.87835 3.863918 3.84987 3.836196 3.822889 3.80994 3.79734 3.785082 3.773159 3.761562 3.750284 3.739319 3.72866 3.7183 3.708232 3.698451 3.688951 3.679726 3.670771 3.662081 3.65365 3.645474 3.637548 3.629868 3.62243 3.615229 3.608262 3.601524 3.595013 3.588726 3.582658 3.576806 3.571169 3.565742 3.560523 3.55551 3.5507 3.546091 3.54168 3.537465 3.533444 3.529616 3.525978 3.522528 3.519265 3.516187 3.513293 3.51058 3.508047 3.505694 3.503518 3.501518 3.499694 3.498042 3.496564 3.495256 3.494118 3.49315 3.492348 3.491714 3.491245 3.49094 3.490799
3.873646 3.859294 3.845329 3.83174 3.818521 3.80566 3.793152 3.780986 3.769156 3.757653 3.74647 3.7356 3.725036 3.714772 3.704799 3.695114 3.685709 3.676579 3.667719 3.659122 3.650785 3.642702 3.634869 3.627281 3.619934 3.612824 3.605947 3.599299 3.592877 3.586677 3.580697 3.574932 3.569381 3.564039 3.558906 3.553977 3.54925 3.544724 3.540395 3.536263 3.532324 3.528576 3.525019 3.521649 3.518466 3.515467 3.512652 3.510018 3.507564 3.505288 3.50319 3.501268 3.499521 3.497947 3.496545 3.495315 3.494255 3.493363 3.49264 3.492083 3.491692 3.491466 3.491403
3.868825 3.854562 3.840688 3.827194 3.81407 3.801306 3.788896 3.77683 3.7651 3.753698 3.742616 3.731848 3.721385 3.711221 3.70135 3.691765 3.68246 3.67343 3.664669 3.656171 3.647931 3.639946 3.632209 3.624716 3.617464 3.610448 3.603664 3.597108 3.590778 3.584669 3.578779 3.573103 3.567641 3.562387 3.55734 3.552498 3.547857 3.543416 3.539172 3.535123 3.531268 3.527603 3.524128 3.52084 3.517738 3.51482 3.512085 3.509531 3.507157 3.504961 3.502942 3.501099 3.499431 3.497936 3.496613 3.495461 3.494479 3.493667 3.493022 3.492545 3.492233 3.492087 3.492105
3.86389 3.849725 3.835951 3.822559 3.809538 3.796881 3.784576 3.772617 3.760994 3.749699 3.738725 3.728064 3.717708 3.707651 3.697886 3.688407 3.679207 3.670281 3.661623 3.653228 3.645091 3.637206 3.629569 3.622175 3.615021 3.608103 3.601415 3.594955 3.588719 3.582704 3.576906 3.571322 3.56595 3.560787 3.555829 3.551075 3.546523 3.542168 3.538011 3.534048 3.530277 3.526697 3.523305 3.520101 3.517082 3.514246 3.511593 3.509121 3.506828 3.504713 3.502775 3.501012 3.499424 3.498009 3.496766 3.495695 3.494793 3.494061 3.493497 3.4931 3.492869 3.492804 3.492904
3.858843 3.844785 3.83112 3.817839 3.804931 3.792386 3.780195 3.76835 3.756841 3.745661 3.734801 3.724253 3.71401 3.704065 3.694412 3.685044 3.675954 3.667137 3.658587 3.650298 3.642267 3.634486 3.626953 3.619662 3.612609 3.605791 3.599202 3.59284 3.586702 3.580782 3.57508 3.56959 3.564312 3.55924 3.554374 3.549711 3.545248 3.540983 3.536913 3.533037 3.529354 3.525859 3.522553 3.519434 3.516499 3.513748 3.511178 3.508789 3.506578 3.504545 3.502689 3.501009 3.499502 3.498168 3.497007 3.496017 3.495196 3.494545 3.494063 3.493748 3.493599 3.493617 3.4938
3.853686 3.839745 3.826199 3.813037 3.80025 3.787826 3.775757 3.764033 3.752646 3.741586 3.730846 3.720418 3.710294 3.700467 3.690931 3.681678 3.672703 3.663999 3.655561 3.647384 3.639462 3.63179 3.624364 3.617179 3.61023 3.603515 3.597029 3.590768 3.584729 3.578908 3.573303 3.56791 3.562727 3.55775 3.552978 3.548407 3.544035 3.53986 3.535881 3.532094 3.528499 3.525092 3.521873 3.51884 3.515991 3.513325 3.51084 3.508534 3.506408 3.504459 3.502686 3.501088 3.499664 3.498413 3.497334 3.496427 3.495689 3.495121 3.494721 3.494489 3.494424 3.494525 3.494793
