data/map/lmio7.asc
ncols         217
nrows         146
xllcorner     6.39591e+006
yllcorner     1.68973e+006
cellsize      1135.85
NODATA_value  -99999
[rows 0 to 29 of 146, columns 0 to 66 of 217]
8809.03 -779.736 -272.155 215.464 604.803 856.9 960.009 918.3 738.36 414.621 -84.0999 -817.914 -294.572 76.6299 292.802 342.387 177.405 -322.561 -52.368 356.483 678.807 942.09 1166.32 1340.98 1467.5 1555.49 1615.73 1656.5 1682.23 1694.99 1696.6 1690.22 1679.23 1665.81 1649.88 1629.96 1605.24 1581.97 1595.66 7018.09 7250.04 7454.83 7621.05 7740.77 7809.84 7827.71 7796.82 7607.27 7459.43 7462.83 7302.05 7123.86 6940.83 6761.37 6593.25 6443.17 6316.35 6216.14 6143.84 6098.93 6079.59 6083.25 6107.15 6148.52 6204.69 6273.04 6350.88
-1448.36 -953.01 -252.211 313.712 742 1005.83 1104.76 1056.47 882.103 589.561 150.968 -547.721 -142.432 231.658 459.387 556.951 512.386 341.522 262.857 442.985 737.779 981.01 1215.68 1388.8 1505.61 1582.77 1634.63 1670.93 1694.56 1705.49 1703.97 1694.21 1681.12 1667.86 1653.47 1634.47 1603.59 1544.9 1363.38 1738.47 2113.56 2550.3 3130.54 3710.79 4095.86 4143.13 4190.4 4263.04 4369.04 4475.04 5160.23 6430.21 6750.19 6749.73 6574.87 6419.55 6289.35 6187.79 6115.99 6072.9 6056.07 6062.49 6089.13 6133.16 6191.95 6262.99 6343.68
-280.117 -126.473 -97.4001 549.572 1043.62 1319.62 1396.7 1320.66 1143.97 910.517 646.116 404.604 473.595 533.049 756.14 913.651 973.67 913.413 838.433 838.701 848.274 1028.4 1326.41 1492.69 1583.03 1634.92 1668.62 1697.48 1719.04 1727.88 1719.01 1701.02 1682.72 1670.6 1661.35 1650.62 1629.61 1630.58 1934.13 2337.62 2741.11 3403.21 4667.27 5931.34 6698.32 6604.99 6511.66 6425.46 6348.63 6271.8 6589.4 6696.1 6928.66 6725.4 6536.65 6370.44 6233.32 6129.28 6058.99 6020.12 6008.8 6020.99 6053.19 6102.48 6166.42 6242.72 6329.07
734.468 824.625 897.946 938.338 1563.26 1832.28 1841.69 1685.46 1462.57 1262.38 1118.35 1046.41 1099.15 1162.49 1118.47 1367.84 1555.22 1500.02 1338.76 1225.11 1148.56 1163.5 1568.79 1672.32 1698.66 1704.94 1707.09 1730.95 1755.81 1767.57 1742.75 1707.76 1677.78 1670.19 1670.45 1676.89 1633.57 2069.72 2504.88 2936.77 3368.66 4256.11 6204 7201.89 8131.89 8086.5 7848.75 7607.5 7396.63 7268.57 7218.57 7093.39 6869.36 6679.01 6475.56 6291.92 6143.87 6036.6 5970.16 5939.36 5937.54 5959 5999.64 6056.65 6127.98 6211.89 6306.51
1658.9 1792.56 1926.22 2003.88 2438.79 2604.53 2452.32 2116.87 1758.45 1558.06 1518.48 1563.51 1714.09 1899.29 2008.08 1884.01 2379.37 2192.68 1791.46 1574.41 1357.36 1483.65 1675.02 1929.04 1834.22 1778.94 1723.66 1763.2 1805.46 1843.6 1776.44 1709.28 1650.25 1661.76 1673.27 1752.83 2166.75 2580.67 3117.35 4054.13 4990.9 6117.39 6885.46 8302.39 8367.62 8198.8 7967.43 7811.57 7615.97 7439.56 7368.7 7197.01 6933.41 6504.37 6387.13 6177.49 6013.3 5902.75 5845.3 5829.21 5842.56 5877.37 5929.25 5996 6076.47 6169.85 6238.58
2834.56 3124.68 3414.8 3577.89 3583.5 3589.12 3246.18 2571.23 1896.29 1692.9 1833.99 1975.08 2294.43 2712.5 3130.58 3287.66 3337.75 3099.88 3086.29 2682.61 2278.93 2478.16 2791.67 3105.19 3036.8 2928.95 2821.09 2793.57 2768.35 2738.05 2577.74 2417.43 2278.11 2320.78 2363.46 2454.77 2785.07 3115.36 3743.63 5342.94 6792.25 7362.29 8198.63 8632.95 8547.11 8337.57 8206.49 8016.1 7676.68 7482.93 7399.2 7223.47 6862.87 6400.84 6193.96 6017.37 5828.79 5715.5 5678.74 5689.24 5725.72 5778.26 5843.56 5921.17 6011.61 6073.5 6086.96
4010.22 4456.79 4903.37 5151.9 5154.9 5157.89 4618.1 3561.31 2504.51 2201.83 2450.04 2698.26 3190.72 3818.45 4446.19 4679.43 4750.94 4822.46 4381.11 3790.81 3200.51 3472.66 3908.32 4343.98 4239.38 4078.95 3918.52 3823.94 3731.25 3632.49 3379.04 3125.58 2905.97 2979.8 3053.64 3156.71 3403.39 3650.06 4369.91 6631.76 7943.6 8586.73 8905.14 9075.91 8961.26 8707.56 8513.48 8120.53 7737.38 7489.62 7430.14 7434.76 7000.48 6296.83 5985.01 5797.12 5568.78 5451.47 5456.26 5458.35 5538.06 5617.77 5661.49 5693.88 5726.26 5823.93 5935.34
4760.75 5182.43 5604.12 5854.18 5891.44 5928.71 5507.2 4648.69 3790.19 3488.13 3592.56 3697 4018.7 4460.72 4902.75 5034.49 5039.02 5043.56 4696.81 4248.04 3799.27 4148.33 4648.64 5148.95 5552.01 5809.5 5795.57 5835.48 5851.31 5449.44 5244.93 4921.16 4957.95 4989.37 5128.67 5384.29 6179.05 6369.38 6762.96 8457.69 9035.18 9531.16 9847.68 10102.9 9897.74 9644.5 9306.99 8721.15 8170.64 7704.55 7502.45 7232.06 6898.86 6163.49 5801.5 5494.2 5197.57 5056.76 5205.13 5253.03 5349.37 5445.72 5503.41 5548.91 5594.42 5712.91 5846.77
5416.09 5772.29 6128.49 6361.28 6441.08 6520.88 6288.2 5757.87 5227.55 4948.48 4852.96 4757.44 4831.38 4999.18 5166.99 5157.45 5075.2 4992.96 4793.29 4559.52 4325.75 4752.61 5304.7 5856.79 5210.89 5407.33 5520.34 5716.8 5845.78 5044.58 5057.06 5242.24 5562.68 6027.38 6706.06 7281.38 8149.76 8997.48 9584.39 9941.74 10229.3 10492.1 10657.8 10854.6 10906 10815.1 10366.9 9950.35 9575.3 9200.25 8694.02 8055.35 7510.21 6282.78 5684.01 5250.97 4943.86 4736.4 4953.69 5116.32 5227.18 5338.03 5404.28 5456.48 5508.67 5632.91 5818.65
6071.44 6362.15 6652.86 6868.39 6990.72 7113.05 7069.2 6867.05 6664.9 6408.82 6113.35 5817.87 5644.06 5537.64 5431.22 5280.4 5111.39 4942.36 4889.78 4871.01 4852.24 5356.89 5960.76 6564.64 7081.42 7027.68 6906.54 6826.79 6712.21 6608.1 6543.51 6577.41 6791.2 7418.9 7956.5 8587.98 9093.58 9527.73 9977.47 10357.9 10644.8 10890 11062.1 11208.4 11350.3 11215.7 10760.5 10343 9975.29 9607.54 9002.53 8157.97 7463.41 6880.16 6499.5 6118.84 5802.91 5463.87 5258.68 5204.36 5307.83 5325.15 5305.15 5429.31 5692.11 5879.52 6163.21
6177.47 6452.5 6727.54 6940.5 7076.51 7212.52 7228.33 7129.65 7030.97 6834.48 6566.52 6298.57 6108.19 5960.79 5813.38 5688.94 5573.92 5458.9 5867.42 6428 6988.58 7534.94 7928.61 7939.24 8262.45 8102.8 7878.05 8447.68 8246.09 8048.89 7861.43 7952.3 8237.66 8610.29 9093.45 9626.36 9999.09 10306.7 10594.3 10814 10969.4 11126 11253 11344.8 11550.9 11638.1 11232.9 10854.7 10512 10169.2 9562.91 8690.42 7817.93 7361.93 6962.51 6563.1 6325.12 6182.37 6039.62 5867.47 5775.01 5769.43 5781.72 5993.23 6197.25 6390.74 6546.75
6210.54 6476.51 6742.48 6954.83 7100.69 7246.55 7304.87 7279.8 7254.74 7122.68 6912.47 6702.25 6526.02 6368.62 6211.21 6135.42 6093.09 6050.76 6962.12 8000.44 8436.23 8365.35 8292.49 8222.49 8368.7 8639.53 9098.25 8852.17 8816.09 9208.44 8854.52 8699.82 8840.65 9528.2 9850.09 10275.2 10536.7 10734.4 10923.1 11073.5 11207.7 11369.3 11269.7 11427.3 11635.1 11766.9 11698.9 11382.1 11066.8 10751.5 10156.8 9279.97 8403.2 7873.22 7519.21 7102.72 6785.55 6526.97 6268.38 6128.78 6041.47 5954.15 6006.93 6103.85 6200.77 6319.18 6442.11
6243.6 6500.51 6757.43 6969.15 7124.86 7280.58 7381.4 7429.96 7478.51 7410.89 7258.42 7105.94 6943.85 6776.44 6609.03 6581.9 6612.26 6642.62 7957.43 8641.72 8594.85 8550.35 8511.88 8487.72 8652.24 8988.39 9438.3 10060.8 9770.82 9564.2 10095.2 9823.74 9731.88 9986.6 10237 10510.7 10649.9 10830.7 11018.1 11136.6 11285.7 11418.1 11646.9 12244.4 12524.5 12488.7 12198.6 11909.5 11621.6 11333.7 10750.6 9869.52 8988.46 8359.47 8011.36 7642.35 7245.99 6871.57 6497.14 6243.08 6041.9 5840.73 5881.26 5997.96 6114.67 6226.57 6337.47
6106.61 6758.28 7409.95 7899.87 8189.25 8331.2 8562.82 8744.43 8926.04 8940.69 8833.36 8726.02 8595.84 8453.01 8310.18 8298.29 8340.09 8381.89 8812.05 8779.98 8751.38 8728.71 8717.15 8723.81 8909.98 9223.41 9605.79 10055 10505.9 10314.3 10209.7 10650 10488.7 10466.7 10558.4 10665 10801.3 10902.1 10986.9 11085.4 11198.7 11447.6 12071.9 12535.1 12797.6 12510.6 12223.5 11936.7 11650.2 11363.7 10781.2 9899.93 9018.65 8389.07 8035.4 7670.18 7269.73 6889.34 6508.94 6248.97 6041.92 5834.88 5874.78 5992.5 6110.23 6221.8 6332.07
5960.38 7028.76 8097.15 8730.42 9160.21 9196.27 9184.4 9170.94 9155.32 9138.27 9119.15 9098.85 9076.72 9053.77 9029.48 9005.02 8980.16 8956.35 8933.96 8915.09 8901.31 8896.19 8903.71 8930.29 9114.65 9389.51 9706.33 10047.5 10360.3 10538.5 10779.7 10620.6 10551.8 10721.8 10533.7 10542.1 10632.9 10765.9 10888.5 10956.8 11037.1 11254.3 12080.2 12815.2 12797.6 12510.6 12223.5 11936.7 11650.2 11363.7 10781.2 9899.93 9018.65 8389.07 8059.05 7670.18 7269.73 6889.34 6508.94 6248.97 6041.92 5834.88 5874.78 5992.5 6110.23 6221.8 6332.07
5816.2 7295.43 8624.65 9267.26 9260.58 9252.05 9242.17 9230.45 9217.59 9203 9187.54 9170.6 9153.18 9134.77 9116.51 9098.13 9080.99 9065.26 9052.73 9044.38 9042.84 9050.46 9071.33 9109.74 9273.82 9513.43 9782.61 10068.3 10349.4 10612.4 10928.5 11136.4 10952.7 10929.3 10741.3 11044.3 10763.9 10757.1 10795.1 10858.6 10908.7 11009.2 11890.7 12910.2 12802.1 12515.8 12229.6 11944.1 11659.1 11372.6 10790.4 9909.8 9029.19 8400.05 8083.61 7681.66 7280.96 6900.02 6519.07 6258.64 6051.17 5843.7 5883.07 6000.22 6117.37 6229.91 6341.48
5816.2 7295.43 8624.65 9322.32 9316.5 9309.55 9301.05 9291.62 9280.74 9269.2 9256.46 9243.45 9229.66 9216.2 9202.73 9190.51 9179.54 9171.37 9166.56 9167.16 9174.59 9191.66 9220.96 9266.12 9397.34 9607.94 9842.13 10093.8 10356.4 10633.2 10948.1 11151.8 11485.8 11279.7 11150.4 10836.6 10763.8 10757.1 10795.1 10858.6 10908.7 11009.2 11890.7 12832.7 13121 12903.6 12684 12455.2 12217 11977.5 11442.9 10609.6 9777.26 9179.16 8762.67 8355.52 8077.52 7657.57 7237.62 6944.44 6706.97 6469.5 6470.93 6547.64 6624.35 6805.51 7008.66
5816.2 7295.43 8624.65 9378.48 9373.87 9367.97 9361.31 9353.44 9345.08 9335.72 9326.23 9316.12 9306.4 9296.71 9288.2 9280.75 9275.71 9273.34 9275.31 9282.45 9296.87 9320.14 9354.79 9402.97 9492.92 9678.46 9884.43 10108 10349.4 10615.7 10929.1 11209.7 11842.7 11623.1 11304.3 11049.5 10868.7 11089.6 10870.6 10860.2 10909.5 11093.7 11813.9 12713.9 13304.3 13301.9 13152 12985.7 12790.4 12590 12098.8 11309.4 10526.2 9958.27 9559.49 9160.7 8724.07 8415.12 7956.17 7630.24 7362.77 7095.3 7058.79 7095.05 7131.32 7381.11 7675.85
5796.64 7267.92 8598.89 9435.82 9431.99 9427.53 9422.08 9416.25 9409.61 9402.92 9395.73 9388.95 9382.21 9376.55 9371.75 9369.02 9368.41 9371.31 9378.19 9390.69 9409.77 9437.31 9474.7 9523.79 9585.91 9728.84 9908.72 10104.7 10317.2 10551.1 10815.9 11123.4 11364.1 11531.2 11388 11004.2 10837.6 10941.1 10977.9 10908.4 10979.3 11238.5 11794.5 12534.4 13118.3 13554.9 13619.5 13507.3 13357.2 13209 12749.3 12016.5 11283.7 10749.2 10368.5 9987.8 9536.07 9163.47 8698.79 8343.8 8049.75 7755.7 7685.71 7686.32 7686.93 8002.47 8384.31
5551.39 6923.12 8294.85 9200.51 9491.02 9487.47 9483.64 9479.15 9474.67 9469.79 9465.33 9460.9 9457.45 9454.69 9453.69 9454.38 9457.95 9464.61 9475.69 9491.78 9514.32 9544.22 9582.89 9631.34 9690.49 9762.03 9917.27 10084.5 10263.8 10455.4 10660 10873 11074.4 11210.9 11282.6 10898.2 10792.6 10859.1 10888.2 10875.6 10977.4 11231.4 11821.3 12284.8 12802.2 13192.4 13470.5 13697.8 13766.4 13731.3 13455.5 12806.7 12160.2 11676.2 11318.2 10960.1 10526.2 10047.6 9712.22 9377.58 9096.4 8815.21 8763.18 8783.36 8803.54 9151.66 9568.83
5306.15 6578.32 7850.5 8740.57 9492.87 9548.04 9545.22 9542.46 9539.4 9536.74 9534.11 9532.36 9531.18 9531.5 9533.18 9537.23 9543.71 9553.73 9567.62 9586.54 9611.07 9642.33 9681.05 9728.02 9783.77 9848.38 9921.62 10052.6 10197.8 10347 10495.4 10634.3 10745.6 10805.4 10813.3 10691.2 10757.3 10811.6 10720.1 10762.8 10850 11063.4 11621.6 12027.2 12469.1 12822.2 13142.5 13421.7 13648.1 13841.5 13938.5 13599.2 13040.1 12603.3 12267.9 11932.4 11516.4 11052.9 10589.3 10331.7 10143 9874.71 9840.64 9880.39 9920.14 10300.9 10753.4
5120.92 6275.28 7429.63 8432.18 9096.52 9608.57 9607.11 9605.43 9604.14 9602.92 9602.46 9602.49 9603.82 9606.24 9610.63 9616.97 9626.18 9638.42 9654.65 9675.24 9701.08 9732.71 9770.79 9815.8 9867.94 9927.31 9993.33 10065.4 10142 10238.9 10340.8 10422.9 10468.6 10537.1 10608 10673.7 10694 10564.4 10527.9 10596.8 10812.8 11048 11335.8 11615.1 12036.2 12401.7 12759.9 13125.9 13429.6 13663.5 14217.5 14357.9 13906.2 13550.8 13238.6 12933.7 12546.1 12109.6 11673.1 11368.1 11120.9 11023.8 11005.9 11060.3 11113 11504.1 11967.3
5288.3 6217.51 7146.73 7982.91 8703.73 9274.56 9668.64 9668.37 9668.19 9668.71 9669.65 9671.72 9674.68 9679.32 9685.52 9694.08 9705.06 9719.25 9736.88 9758.68 9785.02 9816.48 9853.46 9896.18 9944.88 9999.25 10059.1 10123.5 10191.6 10262 10333.5 10404.4 10473.9 10540.5 10553.6 10633.2 10375.2 10366.3 10396.8 10469.8 10599.9 10733.4 10933 11213.1 11579.2 11982.3 12401.1 12753.5 13135.9 13460.2 13950 14270.8 14568.1 14563 14356.3 14105.2 13807.6 13468.8 13129.9 12903.4 12726.2 12549.2 12542.2 12589.3 12665.9 13026.6 13353.2
5455.67 6159.75 6863.82 7533.63 8160.94 8788.25 9217.54 9730.67 9731.88 9733.48 9736.06 9739.41 9744.19 9750.25 9758.28 9768.25 9780.86 9796.21 9814.93 9837.28 9863.72 9894.59 9930.11 9970.56 10015.8 10065.8 10119.9 10177.9 10238.5 10301.1 10364.2 10427.2 10488.5 10547.6 10585.8 10560.5 10396.3 10270.6 10303.2 10424.6 10527 10618 10715 10835.8 10938.2 11349.9 11848.4 12362.4 12789.7 13192 13524 13974.4 14343 14620.8 15001.7 15184.1 15069.1 14828 14586.8 14438.6 14332.1 14227.1 14224.7 14258.6 14289.4 14538.1 14348.4
5605.66 6116.16 6626.65 7143.79 7669.14 8194.5 8676.37 8966.81 9407.26 9774.57 9801.14 9805.96 9811.86 9819.42 9828.58 9839.92 9853.5 9869.82 9889.07 9911.65 9937.82 9967.79 10001.8 10039.8 10082 10127.8 10177.1 10229.2 10283.6 10339.2 10395.5 10451 10505.4 10557.5 10599.3 10501.5 10378.7 10273.4 10329.4 10401.3 10465.8 10517 10546.9 10570.9 10573.5 10586.1 11265.1 11848.8 12402.8 12899 13235.3 13624.1 14028.3 14461.9 14825.6 15090.2 15302.9 15472 15612 15707.6 15751.3 15737.1 15729.3 15708.5 15628.3 15516.4 15233.7
5690.71 6125.54 6560.38 6976.02 7367.88 7759.74 8126.14 8468.29 8810.45 8992.4 9207.38 9462.47 9582.2 9626.96 9671.73 9728.68 9790.63 9852.58 9959.77 9982.27 10007.9 10036.9 10069.2 10105 10144 10186.3 10231.1 10278.4 10327.1 10377 10426.9 10476.4 10524.3 10570.4 10546.9 10447.3 10343.8 10318.8 10343 10381.7 10421.6 10446.8 10443.9 10420.3 10388.4 10383.6 10434.2 11380.9 12003.8 12557.7 12900.9 13303 13727.1 14260.8 14666.8 15005.3 15272.9 15446.2 15642.9 15811.7 15934.1 15980.6 16111.1 16149.6 16156.8 16118.2 16000
5775.77 6134.93 6494.1 6808.26 7066.62 7324.98 7575.92 7819.78 8063.64 8280.01 8476.3 8672.59 8807.54 8908.51 9009.48 9038.58 9034.5 9114.86 9152.39 9176.58 9200.77 9479.95 9807.48 10135 10203.1 10241.8 10282.9 10325.6 10369.8 10414.3 10459 10502.8 10545.4 10567.6 10489.6 10397.3 10296.6 10318.7 10338 10364.5 10388.4 10404.8 10402.1 10376.9 10348 10381 10575.5 11100.5 11656.1 12175.1 12595.9 12894.3 13588.9 14045.2 14502.4 14848.5 15177.2 15430.5 15656.3 15874.4 16063.5 16146.3 16390.8 16499.3 16591.3 16626.6 16617.2
5827.55 6109.92 6392.28 6615.77 6766.26 6916.75 7068.43 7221.26 7374.08 7519.21 7658.71 7798.21 7932.95 8065.06 8197.17 8309.12 8412.8 8516.49 8478.22 8398.72 8319.23 8690.59 9118.19 9454.26 9936.15 10295.2 10332.7 10371.7 10411.4 10451.7 10491.5 10530.7 10568.2 10522.3 10446.7 10355.6 10320.1 10317.4 10329.2 10345.9 10365.9 10379.8 10384.7 10372.8 10355.8 10413.4 10609.5 10986.5 11450.4 11924.6 12366.2 12737 13105.3 13685.5 14231.6 14633 15036.4 15373.6 15661.1 15874.4 16063.5 16146 16421.1 16532.8 16614.6 16670.7 16703.6
5792.43 5995.03 6197.63 6358.69 6468.25 6577.8 6672.6 6753.35 6834.1 6919.01 7006.96 7094.91 7189.17 7286.93 7384.69 7498.75 7619.5 7740.24 7781.98 7800.76 7819.54 8126.8 8488.74 8850.69 9226.39 9769.02 10311.7 10416.6 10452.9 10489 10525 10559.8 10551.8 10493.1 10419.2 10327.5 10307.8 10304.9 10311.7 10327.4 10345.4 10366 10383.1 10397.6 10412.5 10469.4 10631.4 10874.6 11301.6 11719 12134.8 12499 12832.4 13170.4 13817.2 14360.3 14812.2 15232.8 15619.5 15893 16122.5 16234.7 16635.4 16812.7 16960.7 17069.8 17134.5
5757.31 5880.15 6002.99 6101.62 6170.24 6238.86 6276.77 6285.45 6294.12 6318.81 6355.21 6391.61 6445.39 6508.8 6572.21 6688.38 6826.19 6964 7085.73 7202.79 7319.85 7563 7830.06 8097.12 8666.63 9267.41 9718.18 10277.7 10493.8 10526.9 10559.2 10583.5 10537.9 10479 10405.9 10315.9 10280.8 10279.5 10288.4 10302.6 10325.5 10352.5 10385 10421 10467.7 10535.8 10667 10859.4 11103.4 11526.4 11876.2 12184.4 12434.6 12554.9 13282.5 13898.6 14426.5 14929.5 15434.1 15791 16092 16233.1 16746.6 16992.3 17212.5 17378.2 17469.4
