data/map/lmio7.asc
ncols         217
nrows         146
xllcorner     6.39591e+006
yllcorner     1.68973e+006
cellsize      1135.85
NODATA_value  -99999
[rows 0 to 29 of 146, columns 134 to 200 of 217]
9650.54 9848.71 10030.8 10189.7 10316.5 10404.7 10466 10573.4 10903.8 10867.7 10805.2 10716 10503.7 10364.5 10253.6 10158 10073.3 9997.63 9930.05 9869.86 9816.62 9769.77 9728.98 9693.71 9663.66 9638.28 9617.27 9600.1 9586.48 9575.89 9568.1 9562.63 9559.26 9557.57 9557.39 9558.36 9560.33 9563 9566.27 9569.9 9573.81 9577.81 9581.84 9585.78 9589.58 9593.15 9596.46 9599.46 9602.14 9604.46 9606.43 9608.03 9609.27 9610.16 9610.71 9610.93 9610.84 9610.48 9609.84 9608.98 9607.89 9606.63 9605.19 9603.64 9601.96 9600.22 9598.41
9660.72 9864.51 10053.9 10221.7 10355 10335.3 10219.7 10200.3 10264.8 10329.3 10381.7 10371.6 10320.4 10336.2 10238.3 10147.2 10064.3 9989.64 9922.65 9863.06 9810.19 9763.87 9723.41 9688.67 9583.93 9440.73 9302.87 9165 8942.81 8720.09 8627.52 8466.6 8323.58 8234.07 7970.12 7757.6 7459.43 7225.16 6990.88 6740.58 6443.8 6147.02 5842.77 5522.84 5202.9 4801.56 4271.76 3741.96 3287.25 2923.02 2558.78 2260.1 2022.13 1784.15 1640.58 1564.02 1487.45 1425.61 1371.66 1317.72 1243.42 1161.06 1078.7 1107.62 1167.56 1227.51 1252.7
9680.25 9894.5 10098.3 10288.1 10450.3 10546.1 10582.1 10617.9 10686.6 10649.3 10663.3 10512.6 10410 10311.2 10216.4 10128 10047.2 9973.87 9908.13 9849.35 9797.53 9751.89 9712.47 9678.38 9649.71 9625.47 9593.38 9381.29 9155.78 8930.19 8705.63 8557.77 8438.96 8267.86 8016.01 7818.78 7493.1 7258.79 7024.49 6772.27 6468.11 6163.96 5855.68 5538.71 5221.74 4847.62 4383.29 3918.96 3508.01 3161.36 2814.71 2544.39 2344.75 2145.1 2017.54 1941.14 1864.74 1785.45 1704.61 1623.77 1467.14 1280.49 1093.83 1086.34 1128.82 1171.3 1174.15
9707.93 9934.74 10156.6 10381.9 10612.1 10720.7 10806.1 10864 10809.9 10717.7 10661.4 10504.3 10385.5 10282.3 10188 10101.5 10022.4 9950.86 9886.36 9829.12 9778.33 9734.21 9695.77 9663.26 9635.54 9612.91 9594.14 9579.61 9368.75 9140.29 8911.53 8677.98 8488.66 8342.41 8111.18 7879.96 7526.77 7292.43 7058.09 6803.95 6492.43 6180.91 5868.59 5554.59 5240.59 4893.67 4494.81 4095.95 3728.76 3399.7 3070.65 2828.69 2667.37 2506.05 2394.5 2318.26 2242.02 2145.29 2037.55 1929.82 1690.85 1399.91 1108.96 1065.07 1090.07 1115.08 1095.6
9744.12 9979.73 10211.5 10470.7 10532.2 10647.2 10731.4 10786.5 10764.5 10636.8 10583.3 10457.7 10345.5 10244.3 10152.1 10067.4 9990.42 9920.44 9857.86 9801.95 9753.1 9710.27 9673.89 9642.68 9617.1 9595.73 9579.1 9565.74 9482.96 9249.26 9014.15 8756.73 8499.32 8376.73 8148.13 7919.52 7573.85 7367.84 7161.84 6928.55 6616.18 6303.82 5998.65 5708.62 5418.6 5096.92 4725.28 4353.65 4009.27 3697.73 3386.19 3173.08 3051.11 2929.14 2831.77 2751.86 2671.94 2511.25 2307.17 2103.09 1785.92 1423.96 1062 995.507 1011.42 1027.33 998.039
9796.12 10028.4 10238.9 10392.3 10491.4 10724.1 10653.8 10702.8 10706.4 10568.4 10497.5 10397.9 10294.4 10197.7 10108.2 10026.2 9950.99 9883.18 9822.14 9768.45 9721.14 9680.78 9646.02 9617.46 9593.52 9574.87 9559.81 9549.08 9540.99 9324.76 9082.59 8801.75 8520.91 8379.68 8165.8 7903.93 7625.37 7457.08 7288.79 7083.88 6772.83 6461.78 6167.47 5908.37 5649.27 5352.17 4995.1 4638.04 4309.56 4015.51 3721.46 3537.36 3455.08 3372.79 3289 3204.14 3119.28 2879.23 2555.83 2232.43 1838.43 1416.46 994.492 909.97 919.555 929.139 894.196
10038.4 10249 10418.9 10546.9 10591.7 10661.4 10575.1 10614.2 10633.5 10522.8 10405 10321.3 10236.9 10143.4 10057.3 9977.61 9904.76 9838.56 9779.83 9727.8 9683.2 9644.73 9613.06 9586.54 9565.88 9549.25 9537.46 9528.59 9523.59 9400.27 9151.03 8846.77 8542.51 8382.63 8183.48 7885.43 7676.89 7546.32 7415.75 7239.22 6929.48 6619.75 6336.29 6108.11 5879.94 5607.42 5264.92 4922.43 4609.84 4333.28 4056.72 3901.64 3859.04 3816.44 3746.23 3656.42 3566.62 3247.21 2804.49 2361.77 1890.93 1408.96 926.986 824.433 827.692 830.952 790.352
10115.5 10300.1 10435 10531.9 10572.2 10619 10506.6 10528.4 10538.4 10480.1 10356.6 10238.2 10165.9 10082.1 9999.79 9922.65 9851.34 9787.23 9730.04 9680.71 9638.14 9603.06 9573.8 9551.08 9532.93 9520.2 9510.79 9505.7 9502.81 9448.28 9194.79 8875.63 8556.47 8384.65 8194.29 7864.65 7705.48 7584.81 7464.13 7308.28 7050.45 6792.63 6551.46 6345.31 6139.17 5879.51 5535.38 5191.26 4908.46 4699.57 4490.67 4384.13 4372.36 4360.59 4229.53 4013.8 3798.08 3369.12 2825.65 2282.17 1823.46 1398.32 973.189 848.139 806.776 765.413 727.027
10173.5 10328.9 10427.8 10496.3 10530.3 10561 10437.1 10449.4 10450.4 10413.1 10314.9 10194.7 10088.8 10017.2 9937.51 9861.38 9791.39 9728.23 9673.32 9625.89 9586.79 9554.38 9529.37 9509.67 9496.09 9486.34 9481.43 9479.04 9480.34 9483.07 9233.03 8900.87 8568.71 8386.46 8192.78 7870.65 7728.95 7611.94 7494.93 7358.02 7163.44 6968.85 6777 6590.9 6404.8 6155.36 5805.98 5456.6 5206.71 5076.71 4946.7 4893.07 4910.16 4927.24 4718.66 4349.93 3981.2 3435.94 2795.87 2155.8 1729.13 1386.99 1044.85 896.302 801.742 707.183 672.774
10198 10320.5 10391.2 10439.1 10464.1 10483.2 10368.6 10363.9 10361.1 10327.9 10297.8 10255.1 10186.6 10097.9 10021.3 9891.29 9723.95 9661.86 9608.17 9563.89 9527.53 9499.7 9478.21 9463.73 9453.81 9449.35 9447.85 9450.45 9454.7 9461.93 9271.27 8926.11 8580.95 8388.26 8187.58 7887.38 7752.41 7639.07 7525.72 7407.76 7276.42 7145.07 7002.55 6836.49 6670.43 6431.22 6076.58 5721.94 5504.96 5453.85 5402.74 5402.02 5447.95 5493.89 5207.79 4686.06 4164.33 3502.77 2766.1 2029.43 1634.79 1375.65 1116.51 944.465 796.709 648.954 618.521
10241.6 10363.4 10404.3 10434.3 10452.6 10465.5 10474.8 10425.3 10422.1 10386.6 10349.6 10254.4 10142.6 10031.5 9951.9 9870.95 9798.75 9620.02 9534.67 9492.83 9461.11 9437.25 9421.63 9411.6 9407.84 9407.63 9412.03 9418.37 9427.96 9438.29 9156.57 8835.95 8515.32 8346.2 8182.08 7878.97 7756.35 7636.31 7516.28 7399.8 7293.63 7187.46 7070.11 6929.24 6788.38 6576.44 6252.33 5928.23 5732.56 5691.64 5650.72 5631.97 5633.74 5635.52 5321.28 4782.77 4244.27 3599.14 2896.75 2194.36 1772.24 1461.14 1150.05 961.343 806.768 652.193 628.401
10223.2 10342.5 10381 10407.6 10423.7 10435.1 10443.4 10357.3 10354.5 10327.7 10295.6 10210.7 10097.8 9984.95 9876.04 9789.15 9713.19 9521.53 9450.43 9412.88 9385.48 9368.12 9357.86 9354.98 9356.5 9363.24 9372.33 9385 9398.52 9328.26 9021.57 8730.46 8440.32 8298.32 8157.78 7867.24 7757.69 7629.59 7501.49 7384.17 7298.12 7212.06 7116.69 7001.7 6886.72 6704.31 6415.49 6126.67 5950.76 5910.91 5871.06 5824.86 5772.77 5720.69 5384.87 4847.68 4310.5 3699.44 3048.71 2397.98 1940.47 1559.5 1178.53 974.066 818.831 663.597 646.801
10212.8 10330.3 10353 10364.8 10378 10387.8 10398.1 10320.5 10286.3 10265.7 10242.8 10159.4 10052.9 9935 9822.34 9717.26 9522.23 9401.6 9354.68 9321.55 9301.26 9290.36 9288.43 9292.14 9301.87 9314.52 9331.1 9348.72 9368.79 9217.45 8886.56 8624.97 8433.44 8250.43 8127.97 7855.5 7759.04 7622.87 7486.7 7368.55 7302.61 7236.67 7163.26 7074.16 6985.05 6832.17 6578.64 6325.11 6168.97 6130.19 6091.4 6017.75 5911.8 5805.86 5448.45 4912.59 4376.73 3799.75 3200.68 2601.61 2108.7 1657.85 1207 986.789 830.895 675.001 665.2
10177.7 10300 10320.6 10327.6 10335.9 10347.3 10353.4 10312.7 10231.9 10206.8 10168.2 10090.7 9992.37 9879.79 9761.62 9654.7 9408.87 9322.76 9244.86 9218.65 9206.24 9205.23 9211.65 9225.17 9242.37 9263.92 9286.74 9312.1 9337.17 9211.73 8879.6 8619.53 8426.85 8247.97 8126.43 7854.89 7745.47 7622.52 7485.94 7367.74 7302.84 7237.93 7165.66 7077.89 6990.13 6838.77 6587.05 6335.34 6180.23 6141.5 6102.77 6027.69 5918.97 5810.25 5451.73 4915.94 4380.15 3804.92 3208.51 2612.11 2117.38 1662.92 1208.47 987.445 831.517 675.589 666.149
10022.1 10212.9 10312 10327.6 10335.9 10347.3 10351.2 10331.8 10204.8 10155.6 10109.6 10043 9897.49 9791.15 9689.62 9530.77 9337.66 9256.23 9184.09 9119.04 9101.24 9111.08 9129.52 9152.63 9180.52 9209.96 9241.96 9273.6 9306.36 9211.73 8879.6 8619.53 8421.3 8247.96 8126.43 7854.89 7731.28 7622.53 7485.94 7367.74 7302.84 7237.93 7165.66 7077.89 6990.13 6838.77 6587.05 6335.34 6180.23 6141.5 6102.77 6027.69 5918.97 5810.25 5451.73 4915.94 4380.15 3804.92 3208.51 2612.11 2117.38 1662.92 1208.47 987.445 831.517 675.589 666.149
9789.61 9926.11 10040.9 10155.7 10319.3 10318.4 10294.7 10258 10207.3 10042.2 9980.32 9905.86 9763.91 9651.22 9569.76 9370.05 9194.36 9142.19 9116.35 9059.41 9007.31 9009.94 9040.98 9077.18 9115.13 9155.52 9195.39 9236.09 9274.92 9209.35 8878.06 8618.09 8416.59 8246.71 8125.23 7853.75 7720.31 7620.84 7483.77 7365.19 7300.23 7235.26 7163.03 7075.54 6988.04 6837.15 6586.21 6335.27 6180.47 6141.52 6102.56 6027.24 5918.25 5809.26 5451.08 4916.08 4381.07 3805.74 3208.74 2611.75 2116.67 1661.96 1207.25 986.929 831.977 677.025 667.75
9547.16 9659.47 9761.38 9863.29 10010.3 10194.1 10157.7 10109.2 10048.4 9872.84 9807.15 9734.98 9600.68 9480.87 9368.75 9204.64 8987.75 8951.8 8951.46 8973.4 8952.36 8911.91 8948.97 8998.13 9049.26 9099.52 9150.08 9198.29 9245.75 9040.57 8768.93 8515.9 8412.87 8204.94 8040.24 7772.48 7673.06 7501.44 7329.81 7184.37 7114.84 7045.3 6976.28 6908.35 6840.41 6722.71 6526.45 6330.2 6198.05 6143.15 6088.25 5995.25 5866.96 5738.68 5405.12 4925.88 4446.64 3863.68 3225.02 2586.36 2066.4 1593.46 1120.52 950.346 864.602 778.858 781.307
9304.7 9392.84 9481.88 9570.91 9678.86 9808.27 9889.33 9841.28 9786.89 9726.41 9566.87 9507.54 9423.28 9271.14 9156.08 9007.42 8835.58 8800.82 8768.72 8814.03 8874.99 8864.58 8853.71 8918.89 8982.33 9045.2 9105.01 9163.29 9081.61 8871.79 8659.81 8465.52 8317.63 8202.64 7955.25 7691.21 7588.21 7382.03 7175.85 7003.54 6929.45 6855.35 6789.54 6741.16 6692.78 6608.26 6466.69 6325.12 6215.63 6144.78 6073.93 5963.25 5815.68 5668.11 5359.16 4935.68 4512.21 3921.63 3241.3 2560.97 2016.14 1524.97 1033.8 913.763 897.227 880.69 894.865
9072.33 9137.78 9209.61 9281.44 9350.62 9416.79 9464.05 9437.67 9415.63 9390.85 9269.32 9232.18 9079.06 8990.52 8954.15 8818.49 8583.89 8598.66 8698.22 8690.41 8738.92 8817.62 8795.79 8839.61 8917.82 8991.93 9063.43 8998.55 8848.81 8698.77 8543.56 8456.66 8253.09 8129.67 7867.41 7671.92 7497.8 7261.36 7024.92 6828.62 6748.65 6668.68 6603.82 6570.73 6537.65 6481.5 6388.96 6296.42 6206.3 6119.1 6031.91 5904.74 5740.56 5576.38 5293.69 4926.9 4560.11 3967.67 3254.04 2540.4 1979.9 1480.07 980.239 903.11 943.863 984.616 1008.41
8956.3 9016.29 9020.87 9019.8 8957.45 8897.18 8883.94 8892.8 8920.83 8940.58 8892.4 8860.3 8825.5 8795.89 8773.24 8629.47 8431.39 8236.42 8486.85 8637.41 8631.02 8715.62 8760.53 8764.04 8855.58 8881.76 8806.5 8731.24 8604.26 8561.1 8495.23 8303.61 8241.62 8029.65 7746.66 7613.66 7343.24 7126.11 6908.98 6721.68 6620.8 6519.93 6429.96 6362.94 6295.93 6212.71 6103.93 5995.15 5886.64 5778.45 5670.26 5540.41 5390.49 5240.58 5003.21 4703.76 4404.32 3876.45 3225.89 2575.33 2105.54 1707.35 1309.16 1191.51 1152.1 1112.69 1121.78
8719.51 8621.75 8496.29 8368.02 8279.66 8141.14 8620.09 8751.65 8726.19 8488.04 8418.63 8369.82 8372.66 8416.03 8488.19 8458.21 8335.79 8261.43 8375.81 8507.9 8595.23 8611.6 8729.41 8721.39 8708.02 8689.19 8664.47 8613.93 8509.71 8405.16 8353.65 8280.2 8113.49 7929.63 7638.91 7472.18 7188.67 6990.86 6793.04 6614.74 6492.95 6371.17 6256.1 6155.16 6054.21 5943.92 5818.9 5693.88 5566.97 5437.79 5308.62 5176.08 5040.43 4904.78 4712.72 4480.63 4248.53 3785.23 3197.75 2610.26 2231.17 1934.63 1638.08 1479.91 1360.34 1240.76 1235.15
8264.55 8575.06 8642.53 8560.6 8533.23 8524.3 8650.51 8695.38 8719.09 8619.26 8493.17 8070.12 8155.7 8234.01 8402.46 8300.31 8257.05 8140.68 8246.54 8381.41 8523.19 8564.33 8560.55 8552.29 8538.99 8521.2 8498.52 8471.21 8439.2 8359.07 8272.89 8135.56 7998.22 7837.87 7660.38 7345.3 7050.11 6865.55 6680.99 6507.02 6363.71 6220.41 6081.05 5950.01 5818.97 5688.77 5559.9 5431.03 5293.9 5146.8 4999.7 4868.14 4750.98 4633.82 4483.55 4309.8 4136.04 3740.35 3225.45 2710.56 2413.38 2202.44 1991.5 1789.19 1589.28 1389.37 1370.44
8545.36 8601.3 8615.07 8628.83 8623.45 8596.33 8569.21 8574.97 8609.41 8643.86 8588.21 8414.13 8383.5 8404.81 8393.94 8321.81 8241.82 8097.32 8238.81 8247.21 8410.65 8449 8437.54 8434.28 8431.02 8436.7 8443.08 8449.46 8381.97 8314.03 8241.7 8100.13 7958.56 7794.63 7624.41 7304.19 7005.59 6798.68 6591.77 6394.72 6226.27 6057.82 5898.99 5760.41 5621.82 5513.75 5453.82 5393.89 5294.49 5147.53 5000.56 4891.54 4817.66 4743.77 4614.63 4446.27 4277.92 3967.69 3581.28 3194.86 2927.95 2708.39 2488.82 2221.06 1939.87 1658.67 1634.5
8374.47 8435.71 8566.39 8697.06 8713.66 8600.78 8487.91 8454.56 8490.6 8526.63 8567.82 8570.49 8512.46 8460.72 8409.04 8350.68 8291.14 8185.7 8063.55 8258.7 8300.36 8276.9 8266.69 8265.49 8264.28 8299.1 8336.71 8374.33 8321.94 8268.99 8210.51 8064.7 7918.9 7751.39 7582.24 7263.08 6961.08 6731.81 6502.54 6282.42 6088.83 5895.23 5716.93 5570.8 5424.67 5338.72 5347.74 5356.76 5295.09 5148.26 5001.43 4914.94 4884.34 4853.73 4745.71 4582.75 4419.79 4195.04 3937.1 3679.16 3442.53 3214.34 2986.15 2652.94 2290.45 1927.97 1898.56
8354.19 8304.18 8511.38 8718.57 8755.7 8599.81 8443.91 8385.65 8412.57 8439.48 8463.25 8484.91 8506.58 8479.06 8429.7 8380.91 8335.12 8269.26 8164.1 8122.92 8197.96 8136.47 8130.28 8133.68 8137.08 8192.48 8251.91 8311.33 8271.14 8230.32 8183.3 8038.17 7893.04 7727.16 7566.24 7255.33 6957.69 6716.31 6474.94 6241.45 6030.8 5820.16 5630.32 5484.28 5338.23 5269.25 5321.88 5374.51 5339.53 5199 5058.48 4992.28 4994.92 4997.56 4910.4 4759.5 4608.6 4454.81 4299.45 4144.1 3930.46 3693.74 3457.02 3063.62 2626.53 2189.43 2155.18
8896.65 8299.93 8432.72 8565.51 8617.73 8578.51 8539.3 8509.16 8486.94 8464.71 8468.99 8490.96 8512.93 8494.82 8450.06 8406.95 8368.27 8336.48 8200.85 8000.01 8217.83 8114.42 8122.53 8140.06 8157.59 8201.59 8247.63 8293.67 8254.84 8215.48 8170.96 8044.86 7918.76 7773.92 7648.08 7372.25 7107.98 6892.8 6677.61 6466.97 6269.51 6072.04 5900.36 5782.9 5665.45 5594.17 5595.76 5597.36 5547.8 5436.63 5325.45 5271.17 5269.58 5267.98 5200.68 5086.74 4972.8 4835.71 4686.19 4536.68 4318.85 4073.96 3829.08 3395.09 2908.37 2421.64 2383.96
9207.39 8295.67 8354.06 8412.45 8479.77 8557.22 8634.68 8632.66 8561.3 8489.95 8474.74 8497.01 8519.28 8497.6 8453.82 8410.05 8384.2 8362.53 8298.44 8186.48 8191.45 8092.37 8114.79 8146.45 8178.11 8210.7 8243.35 8276.01 8238.54 8200.64 8158.62 8051.55 7944.49 7844.85 7729.92 7489.16 7258.27 7069.28 6880.28 6692.49 6508.21 6323.93 6170.4 6081.53 5992.66 5919.09 5869.65 5820.21 5756.08 5674.25 5592.42 5550.06 5544.23 5538.4 5490.96 5413.97 5336.99 5216.62 5072.94 4929.26 4707.24 4454.18 4201.13 3726.56 3190.2 2653.85 2612.74
9319.56 8968.21 8704.82 8441.44 8368.36 8511.26 8654.16 8681.41 8607.76 8534.12 8511.29 8522.38 8533.47 8503.44 8452.74 8402.03 8367.25 8338.31 8309.37 8255.73 8151.27 8088.43 8120.69 8161.8 8202.91 8225.5 8246.66 8267.82 8230.92 8193.67 8153.27 8063.05 7972.83 7930.09 7811.74 7605.4 7406.83 7241.2 7075.58 6910.65 6747.77 6584.89 6450.9 6377.71 6304.52 6223.72 6130.92 6038.12 5959.71 5898.63 5837.56 5803.52 5794.51 5785.5 5754.54 5708.01 5661.47 5561.29 5432.3 5303.31 5089.35 4841.73 4594.11 4090.78 3516.15 2941.52 2883.07
9405.62 9300.38 9187.05 8946.05 8326.32 8399.44 8475.36 8534.87 8581.3 8627.73 8628.29 8598.02 8559.64 8524.75 8481.52 8435.55 8401.26 8371.27 8341.28 8304.94 8145.19 8131.81 8162.24 8200.56 8238.89 8255.18 8269.76 8284.35 8245.97 8207.27 8166.16 8087.09 8008.03 8028.01 7893.5 7719.88 7550.84 7401.23 7251.62 7109.59 6989.55 6869.51 6758.75 6667.5 6576.25 6475.36 6359.25 6243.14 6151.22 6088.43 6025.64 5990.55 5981.11 5971.67 5948.4 5915.3 5882.2 5811.31 5720.13 5628.95 5455.06 5248.39 5041.73 4540.6 3957.35 3374.1 3261.92
9465.97 9320.89 9379.64 9018.7 8284.29 8290.42 8296.55 8388.33 8554.84 8670.78 8630.22 8592.25 8558.72 8527.53 8499.53 8469.06 8435.27 8404.23 8373.19 8355 8177.49 8263.11 8203.79 8239.33 8274.87 8284.86 8292.87 8300.88 8261.02 8220.87 8179.06 8111.14 8069.18 8116.17 7975.26 7834.36 7694.85 7561.26 7427.66 7308.53 7231.33 7154.14 7066.59 6957.29 6847.98 6727 6587.58 6448.17 6342.73 6278.22 6213.72 6177.58 6167.71 6157.84 6142.25 6122.59 6102.93 6061.34 6007.97 5954.6 5820.76 5655.06 5489.35 4990.42 4398.55 3806.68 3640.78
