data/map/lmio7.asc
ncols         217
nrows         146
xllcorner     6.39591e+006
yllcorner     1.68973e+006
cellsize      1135.85
NODATA_value  -99999
[rows 90 to 119 of 146, columns 134 to 200 of 217]
18165.8 18112 18047.7 17967.1 17870.8 17758.2 17585.5 17375.7 17105.4 16829.7 16562.6 16403.9 16382.5 15919 15245.6 14607.6 13914 13088.1 12107.3 11900.2 11835.7 11713.4 11000.5 10379.6 9973.97 9626.77 9353.03 9129.81 8892.58 8644.58 8405.78 8396.25 8362.73 8302.7 8306.5 8255.07 8198.25 8319.44 8381.96 8424.27 8505.29 8575.9 8625.02 8603.65 8603.38 8614.78 8628.96 8657.07 8673.5 8674.65 8693.38 8708.83 8715.63 8728.72 8750.99 8777 8803.98 8845 8894.65 8884.66 8874.71 8863.64 8852.96 8841.1 8830.03 8817.79 8806.73
18043.2 18002 17948.1 17876.2 17786.7 17680.3 17518.1 17323.1 17099 16847.8 16569.4 16347 16224.5 16128 16080.6 16094.6 15041.4 13524 11884.6 11771.3 11969.5 12101.5 11589.5 11010.3 10593.1 10241.5 9996.95 9836.43 9384.68 8963.91 8573.87 8479.6 8365.97 8232.96 8188.2 8091.14 8003.04 8152.52 8240.74 8297.95 8366.79 8424.29 8456.93 8446.13 8447.39 8464.79 8497.22 8534.96 8564.28 8585.97 8619.83 8655.06 8691.81 8740.37 8772.49 8794.59 8827.24 8858.78 8873.67 8848.12 8811.33 8762.38 8714.6 8746.23 8886.66 8873.41 8858.81
17912.8 17881.8 17836.4 17771.6 17687.6 17585.9 17432 17248.8 17041.2 16811 16560 16330.2 16169.4 16125.3 16180 16303 15444.4 14196.2 12871.8 12517.9 12332.4 12064.2 11689.4 11356.1 10948.2 10521.1 10230.5 10063.2 9565.94 9105.38 8724.08 8602.07 8459.34 8301.94 8214.09 8078.67 7958.42 8093.3 8166.84 8212.46 8280.73 8349.26 8374.24 8379.56 8389.76 8414.11 8454.88 8493.09 8524.84 8553.86 8589.28 8623.79 8663.15 8718.41 8748.61 8765.71 8801.44 8847.97 8839.2 8831.89 8808.07 8760.47 8712.45 8762.17 8944.31 8927.55 8671.64
17750.1 17728.3 17691.1 17633.6 17555.5 17458.9 17313.3 17142.2 16951.5 16745.2 16543.9 16335.8 16174.7 16076.9 16041.9 16071.3 15607.9 14970.4 14305.8 13564.1 12734.8 11814.8 11561.1 11397 11235.2 10748.6 10401.2 10200.1 9728.85 9300.32 8953.56 8799.8 8624.99 8453.1 8321.53 8143.35 7983.2 8079.01 8114.03 8129.02 8189.16 8252.46 8289.4 8313.41 8335.72 8368.8 8415.77 8453.98 8487.91 8524.11 8562.11 8595.46 8633.53 8689.16 8715.11 8725.08 8754.06 8794.14 8800.91 8819.21 8819.18 8764.56 8722.45 8763.69 8897.07 8927.26 8615.96
17558.5 17545.1 17515.5 17466.3 17395.4 17305.8 17170.4 17013.8 16842.8 16662.5 16488.4 16368.5 16229.8 16096 15986.5 15930.2 15847.1 15784.3 15738.4 14572 13074.7 11494.6 11375.5 11429.4 11434.4 11056.8 10731.8 10473.8 10005 9595.85 9262 9061.11 8851.62 8649.56 8470.41 8236.96 8029.28 8074.63 8059.61 8030.09 8066.53 8111.7 8151.92 8194.32 8230.75 8275.64 8332.64 8375.9 8418.43 8469.14 8518.62 8560.72 8606.3 8668.48 8693.18 8694.92 8711.52 8740.5 8754.09 8741.56 8738.67 8702 8667.72 8714.07 8845.8 8887.07 8567.63
17399.1 17391.9 17368.2 17325.8 17261 17177.6 17050.9 16906.2 16751.5 16592.4 16440 16312.6 16194.6 16054.6 15919.7 15823.3 15781.8 15798.1 15857.1 14955.4 13793.1 12569.4 12199.7 11886.7 11495 11187.4 10928 10761.4 10273.8 9862.97 9535.04 9308.68 9087.68 8878.9 8654.07 8381.32 8135.18 8172.55 8126.36 8052.42 8058.79 8068.9 8088.41 8135.65 8174.57 8221.71 8284.77 8330.23 8375.73 8432.56 8485.97 8528.54 8571.11 8627.69 8653.66 8659.75 8674.67 8681.89 8676.58 8652.84 8646.16 8629.68 8614.12 8668.82 8794.24 8847.8 8633.58
17223.8 17220.7 17202.6 17168.6 17110.7 17036.5 16923.6 16796.7 16662.8 16525.5 16393.1 16281.6 16162.7 16024.4 15885.2 15771.9 15690 15653.5 15669 15193.6 14602.8 13977.1 13228.5 12375 11424 11174 10993.7 10896.6 10412.4 10033 9745.53 9519.22 9309.01 9105.96 8849.08 8547.3 8275.47 8287.91 8223.14 8128.66 8094.64 8062.4 8049.34 8092.94 8126.29 8167.83 8229.72 8277.94 8326.03 8388.87 8446.8 8489.87 8528.36 8577.28 8606.23 8622.41 8648.21 8615 8592.93 8548.27 8533.85 8548.12 8540.69 8615.82 8743.33 8813.86 8739.77
16993.2 17001 16992.8 16968.5 16920.7 16860.2 16767.1 16663.4 16553.2 16438.9 16326.3 16227.5 16120.2 16009 15879.9 15761.1 15654.1 15578.6 15550.8 15483.1 15429 15360.6 14193.1 12767.9 11236.8 11029.2 10911.2 10823.7 10417.9 10099.8 9894.85 9694.74 9502.54 9303.41 9018.38 8693 8403.01 8401.95 8326.71 8214.14 8140.25 8065.67 8021.79 8058.48 8078.44 8106.87 8160.98 8205.5 8255.33 8328.46 8395.62 8443.31 8480.89 8524.33 8557.39 8582.04 8605.6 8559.94 8507.34 8412.65 8393.73 8409 8459.72 8588.8 8700.81 8789.21 8860.29
16715.6 16741.9 16750 16741 16708.6 16665.3 16595.1 16515.7 16428.5 16333.8 16236.1 16145.5 16046.2 15941.5 15837 15721.7 15599.8 15490.5 15419.3 15339.2 15281.3 15214.5 14307 13185.6 11961.9 11755.7 11604.6 11470.6 10836.6 10348.7 10002.8 9855.58 9690.77 9496.01 9210.21 8893.09 8615.19 8594.61 8503.71 8376.19 8281.2 8175.18 8103.59 8124.48 8124.55 8131.84 8166.79 8196.99 8238.99 8310.82 8378.04 8431.58 8474.29 8518.94 8554.09 8579.75 8598.56 8550.9 8439.6 8201.78 8219 8234.92 8249.95 8529.81 8681.23 8782.94 8859.11
16389.2 16438.5 16468 16479.1 16467.2 16444.2 16398.1 16342.9 16275.6 16195.8 16109.5 16024.7 15932.9 15839.6 15749.6 15658.6 15546.6 15417.3 15311.7 15156.8 15001.3 14832.5 14284.2 13596.4 12811.6 12592.9 12396.7 12224.4 11365.8 10617 10075.5 9979.71 9852.93 9678.21 9402.23 9097.36 8825.84 8780.11 8677.3 8553.94 8433.75 8345.32 8210.37 8210.9 8187.55 8171.71 8187.44 8201.04 8230.38 8295.75 8358.1 8412.67 8460.32 8510.43 8552.44 8584.53 8605.61 8568.27 8498.79 8410.19 8395.81 8414.69 8467.94 8599 8712.05 8801.74 8838.75
15969.2 16042.2 16095 16130.2 16143.8 16146.5 16130.3 16104.4 16061.1 15999.8 15928 15851.3 15770.3 15692.9 15624.9 15558.6 15495.7 15348.8 15213.3 14996.2 14752.5 14486.3 14290.4 14025.8 13669.2 13431.7 13189.7 12981 11873.6 10846.6 10099.6 10058.3 9985.57 9846.85 9586.48 9291.4 9016.79 8939.38 8817.32 8670.3 8573.35 8473.37 8393.71 8342.03 8301.76 8266.65 8223.52 8213.05 8188.34 8274.42 8340.1 8400.04 8460.11 8510.57 8560.71 8603.45 8623.97 8610.61 8576.87 8543.64 8538.39 8559.29 8607.19 8685.65 8766.02 8835.78 8895.17
15534.4 15624.6 15695.4 15750 15788.4 15816.1 15827.6 15827.4 15804.3 15759.4 15700.9 15632.9 15565.1 15506.5 15461.6 15421.8 15382.5 15303.7 15194.7 14985 14720.9 14425.7 14222.1 13950.5 13591.2 13299.2 13002.9 12745.3 11862.9 11087.4 10472.1 10277.5 10059.3 9809.07 9617.78 9377.23 9131.59 9037.38 8911.23 8772.2 8659.7 8597.25 8503.51 8457.65 8413.68 8376.16 8345.49 8327.47 8311.62 8337.57 8331.68 8388.69 8455.32 8516.99 8580.21 8648.78 8659.83 8662.14 8654.67 8647.8 8653.54 8675.51 8714.64 8768.97 8827.89 8882.85 8812.47
15151.1 15247.5 15327.2 15396.9 15455 15503.1 15536.7 15557.2 15550.9 15520.6 15474.7 15416.1 15361.3 15320.2 15296.1 15278.9 15260.4 15197.2 15138.1 14967.2 14683.8 14367.2 14131.9 13827.3 13441.4 13105.6 12765.8 12461.1 11829.5 11292.4 10869.5 10487 10088.5 9709.15 9607.75 9437.74 9235.94 9131.53 9001.14 8864.36 8758.7 8626.56 8575.89 8522.27 8470.88 8434.97 8422.39 8411.96 8426.46 8422.59 8419.91 8394.38 8455.44 8518.01 8590.65 8673.42 8703.27 8722.68 8730.49 8737.98 8750.83 8772.87 8805.2 8846.14 8890.95 8792.19 8683.45
14819.2 14910.5 14988.8 15061.1 15126.4 15185.2 15234.9 15270.7 15278.7 15260.7 15226 15175.3 15130.6 15103.2 15097.4 15100.1 15097.2 15045.9 14955.9 14830.6 14580.7 14255.7 14000.8 13684.9 13294.4 12933.4 12566 12223.3 11836.8 11494.3 11055.2 10657.6 10096.2 9586.07 9574.29 9483 9334.69 9225.04 9088.86 8947.17 8841.81 8708.95 8598.54 8584.78 8525.7 8479.98 8453.92 8430.24 8444.35 8503.5 8526.09 8525.97 8544 8526.22 8590.98 8701.24 8757.29 8789.29 8806.75 8821.12 8837.08 8858.11 8885.18 8917.58 8821.02 8677.23 8551.88
14541.5 14622.3 14691.7 14760.3 14826.2 14886.7 14943.9 14988.2 15005.1 14991.5 14963.2 14915.1 14872.8 14850 14857.2 14876 14884.7 14901.1 14864.7 14660.8 14492.1 14206.1 13940.6 13632.9 13268 12941.6 12612.2 12301.6 11974.5 11663.5 11252.9 10826.7 10283.6 9834.42 9723.44 9541.76 9319.55 9228.12 9103.37 8970.16 8888.53 8778.09 8681.35 8655.48 8608.28 8560.76 8528.84 8499.4 8501.47 8540.82 8582.33 8637.89 8661.8 8688.87 8730.48 8752.74 8835.37 8868.15 8886.18 8900.81 8916.41 8935.15 8957.94 8850.13 8705.8 8561.41 8413.33
14310.1 14377 14431.5 14490.5 14543.2 14600.2 14659.3 14706.7 14727.9 14713.9 14683.3 14627.9 14576.3 14545.4 14554.5 14579.4 14595.5 14646.7 14595 14398.2 14236.3 14158.8 13845.4 13555 13231.6 12940.9 12661.8 12409.1 12173.7 11846.8 11477.8 11076.8 10454 10050.9 9826.41 9544.43 9261.17 9209.23 9105.93 8979.55 8920.76 8833.66 8753.04 8729.04 8685.52 8638.6 8601.92 8566.9 8556.95 8576.66 8598.87 8644.05 8700.88 8770.19 8835.38 8889.47 8900.95 8904.68 8903.9 8902.34 8889.31 8870.96 8851.32 8734.38 8589.93 8445.35 8274.54
14093.9 14144.8 14190.1 14242.7 14284 14320.6 14366 14410.3 14428.9 14408.3 14368.2 14296.3 14223.5 14171.8 14166.6 14181.4 14216.2 14324.5 14244.2 14160.9 14024.1 13853 13660.9 13438.9 13196.5 12898.9 12674 12519.4 12303.6 12032.8 11721.8 11368.6 10662.3 10396.3 9925.93 9528.61 9177.68 9162.39 9098.45 8978.57 8940.83 8876.62 8813.76 8793 8755.15 8710.61 8670.6 8629.83 8608.22 8609.09 8613.21 8649.5 8711.67 8779.22 8834.46 8865.01 8863.83 8856.84 8846.27 8834.51 8809.5 8778.48 8746.25 8625.16 8479.07 8332.83 8139.06
13887.2 13921.2 13948.8 13979.5 14000.2 14038 14093 14136.6 14157.4 14128.7 14077.6 13988.3 13893.5 13819.8 13883.5 13957.1 13964.7 13968.1 13992.4 13922.8 13807.9 13662 13493.9 13294.1 13073.4 12914.2 12709.7 12588.5 12434.2 12231.7 11994.2 11707.3 11299.4 10875.7 10225 9581.12 9060.93 9091.55 9082.44 8984.54 8964.44 8921.43 8872.29 8842.01 8796.33 8746.82 8704.32 8657.11 8628.41 8621.75 8619.45 8657.11 8731.05 8806.97 8884.83 8886.51 8888.03 8879.16 8863.98 8847.45 8827.29 8804.96 8781.67 8639.5 8464.1 8288.53 8066.45
13671.1 13675.8 13670.1 13667.7 13666.2 13690.8 13736 13783.3 13821.8 13781.2 13697 13626.5 13581.2 13557.3 13590.4 13662 13689.5 13717.1 13760.4 13707.2 13616.8 13507 13371.9 13212.9 13034.5 12893.4 12747.4 12598.6 12548.3 12413 12247.4 12030.1 11637.9 11494.9 10527.3 9640.46 8931.81 8992.14 9029.34 8960.47 8963.74 8946.57 8915.29 8879.36 8828.6 8776.72 8733.47 8680.56 8644.4 8630.04 8621.71 8661.75 8745.5 8829.18 8902.4 8908.01 8912.5 8901.5 8881.6 8860.22 8844.8 8831.3 8817.09 8653.97 8449.31 8244.45 7994.09
13552.7 13538.5 13524.6 13520.6 13521.4 13546.1 13588.3 13631.5 13663.7 13612.7 13511.9 13349.7 13274 13272.9 13302.6 13366.2 13418.7 13479.3 13552.9 13522.8 13459.6 13384.5 13281.3 13159.3 13023.7 12913.1 12805.4 12668.7 12653.7 12567.7 12472.2 12326.9 11962.9 11556.3 10815.2 9700.8 8812.14 8878.67 8938.74 8915.22 8946.8 8956.8 8944.83 8906.97 8853.57 8801.21 8758.59 8700.46 8656.93 8636.66 8624.79 8669.06 8765.47 8862.87 8922.98 8930.34 8935.99 8922.06 8897.06 8870.61 8857.22 8848.7 8839.73 8649.59 8408.83 8167.84 7896.54
13359.9 13327.4 13280.6 13254.7 13261.5 13299 13346.9 13365.7 13354 13337.6 13311 13288.3 13284.3 13288 13311.5 13361.4 13401.5 13447.6 13504.9 13477.1 13424.4 13365.1 13280.6 13183.6 13076.2 12967.7 12854.5 12738.9 12745.3 12694.8 12651.5 12564.9 12231.2 11723.7 11051.5 9833.96 8909.73 8911.52 8934.52 8909 8951.27 8971.65 8967.93 8932.67 8880.36 8828.93 8786.11 8721.89 8677.18 8667.75 8669.94 8721.39 8825.81 8960.79 8961.19 8957.62 8951.7 8929.65 8898.83 8866.91 8833.7 8799.83 8765.71 8501.01 8171.83 7842.38 7605.51
13190.3 13135.7 13132.5 13139.8 13173.2 13233.4 13302.7 13328.3 13313.9 13302.1 13284.3 13269.5 13270.1 13275.2 13294 13333 13366.1 13404.8 13453.1 13433.6 13396 13355.1 13290.4 13216.4 13136.3 13031.2 12923.4 12809 12804.1 12793.1 12780.7 12733.6 12431.2 11919.5 11288.4 9973.93 9017.27 8957.07 8914.65 8881.73 8943.44 8978.74 8983.62 8952.33 8901.52 8850.72 8807.58 8737.79 8689.69 8687.22 8700.77 8753.07 8854.34 9009.01 9000.59 8984.51 8966.34 8936.16 8899.75 8862.59 8809.8 8750.82 8691.82 8352.63 7935.1 7517.27 7314.9
13009.8 12961.8 12998.3 13043.2 13103 13178.1 13261.5 13292.7 13278.2 13269.2 13255.5 13243.8 13245 13249.3 13263.7 13294.1 13322.3 13356.2 13398.6 13389 13366.6 13343.4 13297.6 13245.1 13188.7 13089.2 12984 12876.8 12872.3 12866.2 12865.6 12836.1 12566.8 12100.7 11366.1 10251.7 9171.63 9033.59 8891.16 8843.24 8926.45 8978.87 8991.83 8965.66 8918.31 8869.62 8828.48 8756.08 8703.44 8698.05 8710.03 8749.26 8820.99 8930.94 9035.54 9012.97 8983.08 8942.57 8896.7 8850.48 8775.87 8690.16 8604.44 8192.5 7689.37 7185.86 7009.75
12799.5 12865 12966 13074.7 13154.8 13201.1 13255.2 13275.8 13267.5 13266 13255.3 13242.6 13241 13242.3 13251.9 13274.2 13293.5 13317.1 13348.2 13338.8 13320.3 13302.3 13268.5 13230.4 13190.2 13107.5 13020.3 12932.2 12931.7 12934.8 12941.5 12923.8 12685.8 12227.4 11579.9 10638.9 9666.98 9282.38 8896.16 8807.72 8914.56 8979.96 8997.28 8981.72 8943.84 8904.63 8875.36 8810.74 8752.58 8728.39 8717.17 8726.77 8729.25 8841.35 8947.41 9035.5 9013.95 8952.31 8878.86 8805.47 8697.96 8577 8456.06 7978.88 7402.1 6824.89 6638.05
12655.1 12761.3 12925.8 13097.9 13198.3 13216.4 13241.9 13252.2 13250 13255 13245.6 13230.2 13224.5 13222.3 13227.2 13242.7 13254.9 13270.7 13293 13286.1 13273.4 13262.2 13241 13217.8 13193.6 13127.4 13057.2 12986.8 12990 12994.4 13010.7 12998.6 12784.7 12369.1 11770.2 11081.5 10159.3 9674.49 9183.12 8784.12 8939.25 9006.75 9025.43 9016.45 8982.41 8947.51 8925.88 8865.73 8800.7 8759.67 8730.63 8725.41 8732.96 8756.44 8862.49 8949.75 9020 8961.05 8860.38 8760.19 8619.89 8463.84 8307.82 7765.55 7115.26 6464.54 6263.01
12572.3 12706.5 12919.9 13140.5 13257.3 13255.2 13260.3 13263.8 13266.8 13276.9 13268.6 13250.9 13241.8 13236.5 13237.7 13247.6 13254.2 13263.6 13278.9 13273.2 13264.3 13257.3 13244.8 13231.6 13218.4 13163.3 13105.1 13046.9 13052.2 13058.1 13075 13062.9 12865.9 12484 11931.1 11323.7 10538.7 9971.83 9397.9 9044.46 9029.93 9045.37 9050.48 9044.79 9010.24 8975.16 8956 8896.24 8824.46 8770.87 8728.36 8710.37 8703.8 8675.65 8779.52 8866.22 8935.28 8967.02 8846.32 8726.22 8561.67 8379.55 8197.74 7606.84 6901.56 6191.41 5982.92
12676.4 12815.4 13033.3 13258.2 13379.1 13380.8 13389.4 13396.3 13402.4 13415.4 13409.3 13393.3 13384.7 13378.7 13377.8 13384.4 13386.3 13390.3 13399.4 13387.4 13372 13359 13340.9 13322.8 13305.3 13246.6 13185 13124.2 13126.7 13130.5 13135.7 13126.4 12940.6 12581.9 12060.9 11378.5 10588.7 10016.6 9441.79 8924.67 9020.49 9011.55 9011.75 9008.2 8973.72 8936.7 8914.2 8849.88 8774.21 8717.97 8670.14 8650.53 8651.25 8659.06 8700.06 8786.43 8855.19 8912.68 8846.52 8727.28 8563.76 8383.21 8203.24 7613.39 6903.65 6194.98 5990.19
12773.7 12917.2 13139.6 13368.8 13493.9 13499.5 13511.7 13522 13531.2 13546.8 13542.8 13528 13519.9 13513.2 13510.6 13514.2 13512.5 13511.8 13515.8 13498.3 13477.5 13459.1 13436.1 13413.4 13391.8 13329.3 13264.6 13200.5 13200.4 13201.5 13204.3 13212.3 13222 13125.3 12277.7 11431 10635.9 10057.1 9483.03 8992.92 8975.52 8982.79 8976.07 8969.97 8936.47 8897.03 8870.66 8802.22 8723.42 8668.34 8619.2 8597.57 8599.91 8615.76 8652.24 8707.79 8776 8834.23 8845.96 8727.55 8565.11 8386.24 8210.01 7613.99 6904.68 6196.2 5990.19
12820.9 12966.6 13189.2 13418.8 13547.6 13560.9 13580.6 13597.1 13611.3 13631.3 13630.7 13618.4 13611.7 13605.8 13603 13605.7 13601.2 13596.8 13596.5 13574.9 13549.8 13527.4 13500.5 13474.4 13449.5 13389.8 13328.4 13268.1 13266.3 13266.2 13267.4 13272.5 13278.9 13183.3 12366.1 11549.8 10782.8 10217.7 9652.33 9175.51 8953.94 8968.3 8999.4 8961.95 8928.07 8892.54 8860.79 8787.31 8705.69 8649.96 8601.31 8574.1 8570.4 8580.73 8605.36 8633.22 8701.24 8759.25 8806.89 8701.61 8533.16 8349.17 8167.06 7572.51 6866.41 6160.99 5955.59
12766.7 12909.1 13123.2 13344.2 13475.9 13505.2 13540.6 13569.4 13592.9 13621.5 13627.6 13620.1 13617.6 13615.4 13615.8 13620.8 13615.1 13607.9 13604.5 13580.1 13552.6 13527.5 13498.9 13471.1 13445.1 13402 13359 13317.1 13316.9 13318.2 13320.8 13321.8 13324.4 13238.3 12525.7 11814.3 11140.6 10621.5 10105.4 9638.37 9292.53 8951.14 9031.92 9067.66 8990.14 8961.13 8923.77 8846.16 8763.27 8705.93 8656.29 8619.61 8597.98 8591.85 8597.11 8607.47 8630.3 8688.87 8736.24 8619.49 8430.18 8229.75 8030.32 7439.69 6743.25 6047.45 5845.19
