data/map/lmio7.asc
ncols         217
nrows         146
xllcorner     6.39591e+006
yllcorner     1.68973e+006
cellsize      1135.85
NODATA_value  -99999
[rows 60 to 89 of 146, columns 134 to 200 of 217]
12578.4 12322.1 11944.7 11503.6 11259.6 10853.6 10528.3 10371.8 10317.8 10359.7 10367.4 10439.1 10553.8 10800.6 11151.4 11572.6 11906.6 11932.3 11834.6 11617 11285.7 11004 10886.6 10776.9 10682.8 10603.1 10534.1 10464.8 10395.8 10327.6 10307.1 10295.9 10334.5 10415.7 10512.7 10648.3 10749.7 10823.3 10846.2 11004.4 11095.1 11197 11360.6 11542.6 11447.1 11618.6 11798.1 11859.1 11915.6 11979.2 12080.5 12198.5 12313.2 12400.8 12465.9 12377.6 12338.5 12209.5 12052.4 11333.3 10796.1 10265.6 9809.26 9499.65 9423.9 9534.35 9645.99
12567.1 12316.2 11943.1 11503.4 11255.7 10848.6 10540.2 10368.4 10314.4 10354.9 10360.1 10432.4 10615.8 10847.6 11141.4 11482 11738.2 11754.1 11671.5 11490.8 11212 10963.2 10864.4 10764.9 10672.3 10593.3 10526.5 10465.6 10399.9 10345.1 10321.8 10345.7 10412.2 10504.8 10637 10792.8 10881.1 10940.9 11007 11073.1 11126.2 11216.5 11366.5 11535.1 11689.6 11741.3 11847 11938.4 12009.5 12065.5 12168.7 12276.7 12373.3 12364.7 12462.2 12374.5 12332.7 11885 11681 11067.6 10674.1 10301.5 9971.7 9723.21 9646.97 9686.77 9858.12
12629.9 12371.3 12034.3 11642 11422.9 11053.6 10760 10597.3 10458.2 10438 10448.3 10513.3 10658.2 10851.8 11085.8 11334.8 11502.8 11510.5 11452.1 11323 11134.8 10968.5 10892.7 10811.8 10735 10669.1 10614.1 10567.6 10496.9 10447.8 10444 10490.1 10590.3 10719 10906.5 11068.8 11143 11166.8 11180.8 11220 11270.3 11357.9 11469.7 11593.7 11741.5 11829 11987.4 12116.3 12197.2 12301.2 12346.7 12361 12349 12317.2 12269.7 12151.2 12053.8 11883 11679.6 11066.8 10673.7 10301.6 9973.21 9728.59 9654.06 9686.77 9855.08
12694.3 12460.7 12158.4 11801.3 11613.8 11302.4 11037 10837.5 10611.1 10549.9 10524.8 10565.8 10717.3 10867.3 11037.3 11204 11312.5 11332.7 11306.7 11236.5 11134.8 11048.2 11009.4 10968.9 10926.2 10885.1 10848.7 10818.4 10766.7 10738.1 10761.7 10826.9 10953.4 11098.4 11255.5 11374.9 11430.3 11418.8 11359.6 11322.7 11335.2 11394.4 11484.6 11599.4 11764.7 11930.9 12104.7 12229.7 12331 12393 12368.2 12295.9 12185.5 12049.8 11902.1 11728.5 11612.7 11416.3 11205.1 10690.4 10409.8 10158.2 9940.12 9759.66 9689.82 9661.63 9716.31
12877.7 12549.1 12254 11923.3 11771.6 11477.4 11205 10978.2 10695.5 10611.2 10560.4 10593.9 10731.2 10878 10971.1 11065.9 11125.2 11159.1 11174.9 11176.4 11169.8 11175.9 11205 11224.9 11232.8 11228.4 11217.3 11204.2 11170.9 11158.6 11195.4 11279.4 11394.4 11513.1 11630.4 11698.2 11700.3 11630.9 11516.8 11407.2 11386.3 11412 11482.4 11588.8 11763.6 11953.8 12136.5 12262.4 12366.5 12398.8 12340.5 12231.9 12079.1 11892.9 11697.8 11493.9 11371.3 11168.4 10958.6 10487 10252.1 10046.8 9877.15 9731.92 9670.07 9622.68 9622.13
13180.7 12816.2 12460.6 12174.6 12035.5 11768.6 11483.4 11208.3 10844.8 10724.8 10640.7 10654.2 10751.5 10819.6 10890 10954.6 10974.3 11025.4 11087.9 11162.5 11245.9 11341.1 11453.7 11551.4 11623.1 11658.6 11668.4 11661 11642.7 11642.8 11689.8 11781.7 11884.9 11978.2 12061.9 12080.4 12024.5 11882 11693.1 11494.3 11412.8 11402.2 11458.2 11563.4 11746.6 11952.8 12138.3 12261.9 12356.6 12317.6 12193 12010.8 11778.1 11505 11236.8 10991.5 10861.5 10655.3 10455.9 10086 9943.63 9809.46 9734.69 9646.88 9617.55 9585.66 9513.07
13277 12946.4 12636.5 12400.5 12266.4 11998.8 11771.5 11445.4 10982.6 10829.4 10724.9 10712.7 10759.9 10764.2 10780 10808.8 10888.7 10966.6 11079.2 11229.5 11401.6 11583.9 11773.1 11928.9 12040 12117.5 12149.2 12144.7 12131.8 12137.3 12189 12289.8 12387.4 12463.1 12521.3 12500.1 12388.3 12171.1 11901.2 11621 11480.2 11432 11468.3 11557.7 11715.2 11902.2 12069.7 12184.9 12258 12149.8 11971.3 11726.2 11433.5 11093 10776.6 10525.6 10400.9 10217.8 10049.2 9783.7 9743.93 9673.92 9631.08 9586.3 9541.13 9486.67 9399.89
13406 13171.1 12930.3 12755.8 12463.9 12182.8 11952.1 11686.8 11125.1 10924.5 10808.9 10757.9 10762 10722.3 10707.2 10731.8 10829.1 10951.2 11104.8 11312.8 11552.5 11804.4 12054.5 12247 12374.9 12473.6 12518 12460.4 12439.9 12450 12512.7 12643.4 12794.3 12870 12922.6 12883.9 12737.9 12457.1 12120.2 11777.2 11579.5 11487.7 11491.8 11558 11676.1 11814.3 11952.3 12055.2 12100 11926 11705.4 11414.2 11083.9 10694 10371 10157.5 10054.2 9948.08 9855.46 9687.46 9633.45 9589.42 9543.79 9486.11 9442.45 9364.13 9253.06
13613.2 13447.1 13294.2 13138.7 12660.4 12359.5 12079.6 11843.8 11287 11013.6 10876.8 10766.9 10742.7 10674.6 10642.2 10658.6 10798.1 10940.8 11112.1 11349.7 11628.7 11926.4 12207.5 12415.1 12541.9 12625.7 12655.6 12634.8 12631.3 12652.2 12724.4 12861.8 13003.1 13123.4 13190.9 13156.8 13003 12690.2 12315.5 11941.5 11697.5 11563.7 11533.5 11560.9 11633.3 11711.3 11817.5 11900.1 11911.1 11668.1 11413.6 11089.5 10728.3 10340.5 10083.4 9982.57 9907.09 9853.62 9772.08 9611.65 9551.74 9504.23 9454.81 9388.18 9336.97 9237.64 9100.47
13949.8 13528.4 13492.5 13406.7 13069 12584.8 12230.3 11966.3 11461.8 11144 10940.9 10785.5 10740.4 10646.1 10593.3 10551.3 10645.1 10798.7 10988.7 11245.8 11551.4 11883.8 12186 12404.6 12530.7 12632.5 12664 12645.9 12655.1 12688.2 12771.9 12906.3 13042.3 13159.5 13283 13277.9 13143.4 12827.6 12442.7 12066.5 11797.9 11625.4 11552.6 11527.5 11550.3 11604.7 11678.9 11744.2 11711.9 11389.1 11107.9 10774.6 10422.2 10103.3 9962.2 9910.57 9871.33 9827.24 9751.52 9557.81 9478.86 9414.55 9353.86 9279.78 9226.24 9113.79 8959.62
14043.4 13412.2 13573.2 13632.7 13395.4 12923.9 12480.1 12112.5 11667.6 11314.6 11066.7 10862.2 10782.5 10649.4 10569.7 10457.7 10539.4 10704 10902.6 11162.4 11475.2 11822.6 12120.9 12330.5 12451.6 12562.9 12592.5 12583.2 12617.7 12675.8 12764.3 12889 13018.8 13140.9 13290.5 13340.9 13247.7 12954.3 12586.3 12232 11964.4 11776.5 11668.2 11589 11547.6 11516.6 11541.8 11579.1 11490.6 11099 10823.8 10524.9 10240.4 10022.2 9926.97 9899.15 9880.21 9853.94 9761.12 9490.2 9382.59 9311.4 9239.96 9159.93 9106.35 8989.56 8829.22
14293.2 13587.3 13772.3 13813.3 13613.6 13218.8 12776.3 12395.4 11835.9 11481.6 11221.1 10978.6 10869.8 10684.4 10566.3 10411.5 10482.2 10638.6 10818 11062.4 11364.3 11706 11969.9 12156.2 12263.8 12383.3 12422.3 12441.1 12501 12579.1 12676.4 12794.4 12923.1 13053.8 13228.2 13314.4 13270.4 13016.6 12689.3 12371.6 12114.4 11923.5 11790.6 11670 11585.2 11524.2 11475.6 11389.8 11218.9 10917.6 10538.9 10310.9 10118.1 9986.04 9899.03 9879.83 9893.45 9897.25 9759.64 9371.93 9250.78 9158.25 9079.35 8997.2 8947.94 8835.11 8681.7
15599 15077 14619.2 14021.3 13597.9 13387.8 13002.8 12546.1 12069.8 11731.1 11419.8 11125.4 10990.3 10747.8 10574.3 10427.9 10450.8 10534.5 10628.4 10837.2 11113.9 11417.2 11609.5 11738.8 11803 11951.9 12039.3 12121.5 12210 12309.2 12421.9 12566.9 12717.8 12878.4 13053.3 13147.9 13128.6 12918.4 12634.7 12354.7 12097.6 11893.2 11736.4 11598.9 11490.6 11379.2 11227.1 11035.9 10813.6 10560.9 10290.2 10069.9 9983.09 9936.61 9902.88 9894.82 9916.16 9871.22 9674.79 9422.98 9060.07 8940.14 8855.78 8776.6 8736.75 8633.63 8499.94
16852.5 16384.4 15177.5 13898.8 13271.2 13317 13113 12716 12254.6 11794.8 11423.2 11131.9 10990.3 10747.8 10574.2 10412 10395.3 10422.5 10451.6 10639.5 10892.9 11155.1 11277 11339.4 11351.2 11527.4 11661.2 11795 11908 12027.6 12157 12333.7 12514.6 12706.7 12882.9 12985.7 12984.2 12806.3 12559.4 12310.9 12050.8 11833.7 11658.6 11512.5 11388.2 11233.2 10996.7 10737.1 10497.3 10288 10080.4 9954.16 9985.15 9937.09 9903.82 9895.75 9917.91 9874.5 9685.13 9440.5 9069.73 8972.64 8895.33 8817.71 8633.42 8222.94 8326.44
17555.1 17101.1 15567.8 14081.2 13395.8 13456.2 13231.2 12864.1 12472.7 12059.4 11599.8 11280.3 11081.8 10803 10595.9 10428.1 10375.9 10349.5 10319.9 10470 10672.7 10860.8 10918.9 10923.1 10893.3 11075 11232.2 11392.1 11525.4 11662.7 11807.9 12007 12208.5 12416.6 12595.2 12704.7 12715.2 12555.6 12336.9 12111.3 11844.2 11614.6 11420.8 11254.1 11107.6 10920.3 10640.4 10359.8 10145.1 9989.83 9836.88 9776.62 9824.87 9815.42 9822.16 9831.41 9877.51 9837.95 9595.65 9335.58 8963.13 8865.59 8790.96 8711.03 8668.64 7912.24 8001.45
17288.7 16951.3 16089.1 15395.6 14889.2 14359.7 13554.8 13026.3 12776.7 12415.1 11822.1 11465.7 11262.9 10927.9 10651.4 10528.2 10436.2 10338.5 10229.3 10290.2 10381 10431.5 10448.4 10435.7 10400.8 10553.8 10695.4 10838 10986.8 11138.2 11295.2 11496.1 11696.1 11887.6 12067.9 12181.7 12196 12034.1 11834.4 11622.8 11345.5 11105.9 10908.6 10716 10552.6 10374.6 10143.8 9910.79 9735.96 9602.47 9467.17 9436.48 9502.71 9546.24 9485.34 9554.06 9614.16 9498.13 9237.49 8987.19 8651.93 8545.33 8456.73 8371.61 8326.05 8210.45 8094.8
17229.2 17011.6 16785.9 16837.4 16465.3 15333.6 13978 13315.8 13215.3 12910.3 12307 11720.7 11489.2 11099.8 10779.6 10587.7 10445.4 10264.2 10080.3 10063.7 10054.3 9976.71 9961.96 9938.91 9902.61 10029.1 10157.8 10282.3 10445.8 10610.7 10780.3 10985.9 11193.1 11379.2 11567 11689.1 11710.1 11543.1 11356 11157 10871.2 10629.1 10427.8 10210 10029.8 9858.55 9666.83 9475.66 9327.6 9202.58 9081.12 9093.88 9255.2 9311.98 9305.64 9292.52 9227.68 9037.99 8660.92 8482.51 8259.4 8145.31 8035.08 7969.52 7922.94 7773.66 7978.1
17332.2 17133.7 17216.1 17668.5 17357.3 15873.3 14224.8 13556.5 13602.8 13331 12694.1 12027.6 11767.6 11319.4 10948.2 10683.6 10577.6 10253.7 9990.06 9905.04 9805.04 9619.2 9573.1 9535.33 9490.73 9577.88 9667.26 9752.15 9920.03 10089.6 10264.1 10478.6 10701.9 10889 11089.8 11224.8 11254.4 11077.7 10898.4 10708.9 10431.4 10207.3 10021.9 9799.62 9621.69 9473.57 9331.68 9188.17 9076.53 8981.89 8907.72 9024.27 9114.46 9149.08 9138.08 9088.2 8979.91 8775.3 8430.61 7864.69 7812.81 7887.27 7885.44 7833.24 7925.31 7932.61 8006.17
17509 17214.5 17180.2 17577.8 17258.1 15789.9 14191.8 13651.8 13825.5 13578.9 12985.9 12415.7 12079.8 11579.3 11158.3 10840 10653.2 10352.9 10035 9890.24 9711.2 9428.13 9343.25 9280.44 9212.6 9229.56 9247.41 9261.17 9419.05 9578.86 9745.33 9969.1 10201.5 10391.1 10600.6 10746.5 10786.7 10605.6 10431.3 10256.9 10020.2 9843.61 9704.27 9503.51 9353.65 9251.33 9175.7 9090.15 9035.58 8998.29 8958.25 8998.18 9029.03 9030.95 9001.68 8937.34 8822.26 8654.19 8413.42 8125.91 7971.71 7983.56 7982.43 7977.52 8009.36 8034.71 8076.46
17713.1 17401.2 17321.9 17709.9 17385.6 15897.6 14291.8 13823.4 14097.1 13879.4 13330.7 12815.3 12461.6 11861.1 11405.3 11038.2 10781.6 10467.6 10078.2 9864.78 9604.61 9228.27 9111.92 9030.74 8941.77 8887.72 8831.49 8771.69 8916.86 9065.08 9221.08 9451.27 9687.77 9877.88 10096.1 10255.6 10311.9 10138.6 9981.17 9834.29 9650.23 9530.01 9437.36 9254.36 9123.8 9056.56 9038.53 9001.87 8979.64 8975.51 8956.54 8956.92 8975.48 8894.52 8845.87 8777.03 8656.59 8531.32 8384.95 8237.65 8081.44 8080.14 8080.28 8083.75 8099.54 8120.68 8148.41
17875.4 17624.9 17535.3 17936.4 17637.6 16157.6 14563 14140.3 14470.3 14257.5 13711.4 13194.6 12840.9 12254.2 11683.7 11272.6 10957.1 10582.9 10139.6 9878.84 9569.06 9141.24 9010.38 8909.12 8804.59 8709.44 8610.32 8506.84 8641.37 8780.4 8928.85 9159.65 9394.64 9590.5 9818.02 9992.69 10071.2 9921.26 9786.09 9680.04 9551.03 9485.11 9415.14 9230.23 9084.84 9006.92 8988.83 8971.96 8974.97 8953.3 8939.27 8917.86 8934.97 8907.49 8863.03 8655.92 8530.87 8444.06 8363.79 8312.24 8175.05 8171.74 8171.82 8175.25 8184.71 8199.37 8218.88
18000.9 17782.3 17666.5 18041.2 17756.5 16301.4 14729.3 14328.8 14679.1 14481.6 13938.5 13411.9 13040.5 12452.5 11883.7 11516.4 11172.9 10656.7 10157.6 9881.44 9566.39 9145.86 9028.35 8932.62 8821.09 8722.71 8618.11 8506.47 8631.29 8765.42 8911.13 9138.12 9363.06 9557.98 9786.16 9966.94 10059.3 9935.1 9820.05 9735.89 9637.17 9595.44 9535.84 9356.36 9212.43 9122.78 9095.09 9095.42 9040.44 8995.29 8982.33 8948.27 8903.99 8869.99 8825.65 8766.13 8578.91 8516.87 8474.84 8376.05 8260.75 8257.95 8257.14 8258.87 8263.87 8273.74 8286.62
18105 17912.2 17717.6 17981.1 17649.7 16132.8 14494.6 14048 14414.2 14303.6 13888 13476.5 13196.3 12668.5 12127.1 11820.4 11445.1 10701.6 10107.4 9789.3 9468.8 9070.82 8989.82 8931.67 8837.65 8743.1 8633.14 8508.6 8613.67 8743.67 8890.91 9118.46 9334.98 9533.04 9771.93 9967.25 10082.3 9993.21 9902.54 9836.68 9752.59 9714.89 9647.31 9456.94 9299.44 9190.71 9132.07 9063.79 9014.76 8973.51 9052.67 9009.98 8878.09 8844.36 8802.83 8752.19 8689.05 8643 8639.6 8438.61 8340.01 8337.17 8335.88 8335.43 8337.94 8343.39 8352.06
18180.1 18007.8 17835.4 17650.8 17530.9 16294.3 14910.6 14509.6 14830.8 14820.9 14387.6 13807.9 13324.4 12850.3 12410.5 12021 11610.9 10969.7 10383.8 10005.1 9634.68 9219.24 9075.91 8955.13 8791.46 8714.65 8621.33 8505.05 8561.94 8648.77 8757.23 8951.71 9135.45 9308.45 9546.38 9736.42 9852.54 9792.61 9723.62 9675.12 9624.55 9611.22 9561.21 9398.11 9266.55 9164.44 9072.64 9023.94 8982.58 8945.97 8914.61 8996.98 8856.88 8825.72 8790.92 8748.74 8700.2 8642.75 8701.72 8501.93 8414.2 8411.44 8408.89 8407.28 8407.09 8409.98 8414.36
18244.3 18090 17939.9 17773.2 17592.2 16922.2 16112.3 15873.7 16091.3 16133.8 15453.4 14362.9 13345.7 12907.9 12724.2 12512.5 11971.9 11552.8 10975.8 10495.2 10021.7 9543.43 9242.55 8966.1 8658.77 8616.84 8565.87 8482.76 8472.17 8481.99 8518.92 8652.22 8779.19 8905.71 9131.6 9306.9 9416.37 9391.32 9344.63 9319.88 9318.06 9343.36 9335.88 9239 9176.67 9125.96 9059.5 9011.64 8971.21 8933.98 8886.76 8881.2 8837.41 8737.53 8722.17 8707.38 8596.62 8593.36 8626.14 8587.27 8484.98 8481.24 8478.12 8474.62 8473.19 8472.96 8475.01
18286.8 18150.1 18015 17867 17703.1 17556.8 17307.9 17224.4 17318.1 17371.4 16387.2 14744.5 13175.2 12788 12901.9 12910.5 12432.8 11941.2 11493.3 10893.8 10287.4 9724.27 9251.72 8823.07 8379.14 8394.97 8411.57 8388.33 8335.92 8293.9 8272.76 8359.32 8445.77 8536.92 8765.18 8939.54 9053.34 9068.72 9052.4 9045.51 9084.51 9140.92 9171.07 9132.56 9131.15 9113.25 9023.94 8964.84 8908.54 8840.93 8786.29 8757.07 8729.53 8674.95 8663.26 8641.31 8541.84 8541.7 8573.62 8557.07 8552.4 8548.16 8543.5 8539.36 8535.75 8534.11 8532.87
18313.1 18194.3 18074.7 17943.5 17798.1 17639.7 17549 17444.1 17425.6 17451.2 16582.6 15149.6 13811.8 13349.8 13206.1 12930.5 12577 12254.1 11794.8 11219.2 10573.4 10042.1 9485.02 8991.45 8525.73 8488.29 8458.29 8386.14 8326.92 8268.74 8225.84 8296.78 8363.53 8431.81 8630.38 8771.83 8861.63 8900.87 8898.09 8899.37 8955.82 9020.86 9061.09 9037.79 9049.93 9041.97 8960.78 8917.34 8874.54 8811.83 8763.42 8742.18 8725.95 8687.26 8682.95 8672.05 8601.37 8612.23 8641.77 8623.04 8617.61 8611.77 8606.56 8600.93 8596.65 8592.37 8589.76
18315.1 18212.2 18106.5 17988.6 17857 17715.1 17363.5 17118.1 17001.3 16954.7 16455.1 15709.4 15087.9 14407 13582.6 12640.8 12348.4 12251.8 12087.5 11484.4 10916.1 10525.7 9923.95 9396.98 8960.89 8786.07 8623.4 8421.25 8363.15 8299.77 8249.98 8326.47 8394.95 8454.81 8601.49 8688.25 8731.21 8776.1 8771.58 8770.18 8839.9 8912.37 8956.62 8924.99 8926.74 8923.68 8875.63 8866.7 8853.61 8815.99 8795.3 8782.87 8759.95 8720.66 8722.16 8729.78 8693.84 8713.72 8734.36 8689 8682 8675.5 8668.44 8662.24 8655.62 8650.35 8644.67
18300.2 18215.9 18126.2 18023.6 17907.4 17773.4 17431.4 17139.1 16941.2 16776.9 16561.1 16407 16404.6 15429.2 13892.1 12288.1 12085.2 12292 12363.4 12001.5 11527.3 11163.7 10478.1 9894.52 9471.29 9141.61 8826.75 8492.15 8353.93 8274.01 8217.01 8299.8 8370.16 8417.1 8506.54 8538.88 8538.25 8593.51 8597.45 8606.39 8699.27 8789.59 8852.16 8814.29 8818.94 8828.38 8815.87 8835.93 8842.42 8818.79 8814.8 8801.03 8763 8716.25 8717.06 8736.03 8727.04 8749.79 8768.75 8754.24 8746.58 8738.25 8730.52 8722.06 8714.61 8706.49 8699.71
18251.1 18183.1 18107 18016.5 17911.6 17790.9 17604.7 17281.7 17036.9 16788.9 16589 16536.8 16642.2 15807.1 14474.1 13131.9 12764 12627.2 12329.8 12072 11836.1 11468 10728.5 10086.7 9666.45 9287.78 8954.17 8635.72 8523.88 8399.42 8276.66 8329.35 8363.76 8367.67 8413.52 8402.63 8371.46 8454.6 8484.58 8508.6 8601.47 8687.44 8748.12 8719.9 8722.89 8734.77 8738.18 8764.79 8776.16 8762.66 8769.25 8765.63 8741.63 8716.97 8726.34 8751.12 8763.57 8796.52 8828.25 8819.72 8810.38 8801.38 8791.44 8782.21 8772.04 8762.95 8752.94
