data/map/mmio7.asc
ncols         217
nrows         146
xllcorner     6.39591e+006
yllcorner     1.68973e+006
cellsize      1135.85
NODATA_value  -99999
[rows 0 to 29 of 146, columns 0 to 66 of 217]
7809.03 -779.736 -272.155 215.464 604.803 856.9 960.009 918.3 738.36 414.621 -84.0999 -817.914 -294.572 76.6299 292.802 342.387 177.405 -322.561 -52.368 356.483 678.807 942.09 1166.32 1340.98 1467.5 1555.49 1615.73 1656.5 1682.23 1694.99 1696.6 1690.22 1679.23 1665.81 1649.88 1629.96 1605.24 1581.97 1595.66 6018.09 6250.04 6454.83 6621.05 6740.77 6809.84 6827.71 6796.82 6607.27 6459.43 6462.83 6302.05 6123.86 6189.96 6261.55 6330.77 6397.27 6316.35 6216.14 6143.84 6098.93 6079.59 6083.25 6107.15 6148.52 6204.69 6273.04 6350.88
-1448.36 -953.01 -252.211 313.712 742 1005.83 1104.76 1056.47 882.103 589.561 150.968 -547.721 -142.432 231.658 459.387 556.951 512.386 341.522 262.857 442.985 737.779 981.01 1215.68 1388.8 1505.61 1582.77 1634.63 1670.93 1694.56 1705.49 1703.97 1694.21 1681.12 1667.86 1653.47 1634.47 1603.59 1544.9 1363.38 1738.47 2113.56 2550.3 3130.54 3710.79 4095.86 4143.13 4190.4 4263.04 4369.04 4475.04 5160.23 6118.22 6192.05 6263.9 6333.5 6400.45 6289.35 6187.79 6115.99 6072.9 6056.07 6062.49 6089.13 6133.16 6191.95 6262.99 6343.68
-280.117 -126.473 -97.4001 549.572 1043.62 1319.62 1396.7 1320.66 1143.97 910.517 646.116 404.604 473.595 533.049 756.14 913.651 973.67 913.413 838.433 838.701 848.274 1028.4 1326.41 1492.69 1583.03 1634.92 1668.62 1697.48 1719.04 1727.88 1719.01 1701.02 1682.72 1670.6 1661.35 1650.62 1629.61 1630.58 1934.13 2337.62 2741.11 3403.21 4667.27 5459.95 5698.32 5640.69 5726.29 5809.27 5890.05 5968.95 6046.22 6121.95 6196.11 6268.53 6338.88 6370.44 6233.32 6129.28 6058.99 6020.12 6008.8 6020.99 6053.19 6102.48 6166.42 6242.72 6329.07
734.468 824.625 897.946 938.338 1563.26 1832.28 1841.69 1685.46 1462.57 1262.38 1118.35 1046.41 1099.15 1162.49 1118.47 1367.84 1555.22 1500.02 1338.76 1225.11 1148.56 1163.5 1568.79 1672.32 1698.66 1704.94 1707.09 1730.95 1755.81 1767.57 1742.75 1707.76 1677.78 1670.19 1670.45 1676.89 1633.57 2069.72 2504.88 2936.77 3368.66 4256.11 5373.59 6201.89 7131.89 7086.5 6848.75 6607.5 6396.63 6268.57 6218.57 6127.26 6201.93 6275.21 6346.74 6291.92 6143.87 6036.6 5970.16 5939.36 5937.54 5959 5999.64 6056.65 6127.98 6211.89 6306.51
1658.9 1792.56 1926.22 2003.88 2438.79 2604.53 2452.32 2116.87 1758.45 1558.06 1518.48 1563.51 1714.09 1899.29 2008.08 1884.01 2379.37 2192.68 1791.46 1574.41 1357.36 1483.65 1675.02 1929.04 1834.22 1778.94 1723.66 1763.2 1805.46 1843.6 1776.44 1709.28 1650.25 1661.76 1673.27 1752.83 2166.75 2580.67 3117.35 4054.13 4990.9 5285.54 5885.46 7302.39 7367.62 7198.8 6967.43 6811.57 6615.97 6439.56 6368.7 6197.01 6209.13 6283.64 6356.84 6177.49 6013.3 5902.75 5845.3 5829.21 5842.56 5877.37 5929.25 5996 6076.47 6169.85 6238.58
2834.56 3124.68 3414.8 3577.89 3583.5 3589.12 3246.18 2571.23 1896.29 1692.9 1833.99 1975.08 2294.43 2712.5 3130.58 3287.66 3337.75 3099.88 3086.29 2682.61 2278.93 2478.16 2791.67 3105.19 3036.8 2928.95 2821.09 2793.57 2768.35 2738.05 2577.74 2417.43 2278.11 2320.78 2363.46 2454.77 2785.07 3115.36 3743.63 5071.49 5792.25 6362.29 7198.63 7632.95 7547.11 7337.57 7206.49 7016.1 6676.68 6482.93 6399.2 6223.47 6217.21 6293.36 6193.96 6017.37 5828.79 5715.5 5678.74 5689.24 5725.72 5778.26 5843.56 5921.17 6011.61 6073.5 6086.96
4010.22 4456.79 4903.37 5151.9 5154.9 5157.89 4618.1 3561.31 2504.51 2201.83 2450.04 2698.26 3190.72 3818.45 4446.19 4679.43 4750.94 4822.46 4381.11 3790.81 3200.51 3472.66 3908.32 4343.98 4239.38 4078.95 3918.52 3823.94 3731.25 3632.49 3379.04 3125.58 2784.65 2979.8 3053.64 3156.71 3403.39 3650.06 4369.91 5631.76 6943.6 7586.73 7905.14 8075.91 7961.26 7707.56 7513.48 7120.53 6737.38 6489.62 6430.14 6434.76 6225.46 6296.83 5985.01 5797.12 5568.78 5451.47 5456.26 5458.35 5538.06 5617.77 5661.49 5693.88 5726.26 5823.93 5935.34
4760.75 5182.43 5604.12 5854.18 5891.44 5928.71 5507.2 4648.69 3790.19 3488.13 3592.56 3697 4018.7 4460.72 4902.75 5034.49 5039.02 5043.56 4696.81 4248.04 3799.27 4148.33 4648.64 5148.95 5552.01 5525.8 5382.1 5218.86 5029.28 4802.63 4523.14 4177.09 3957.95 3996.96 4174.82 4430.32 5179.05 5369.38 5762.96 7457.69 8035.18 8531.16 8847.68 9102.88 8897.74 8644.5 8306.99 7721.15 7170.64 6704.55 6502.45 6232.06 6232.94 6163.49 5801.5 5494.2 5197.57 5056.76 5205.13 5253.03 5349.37 5445.72 5503.41 5548.91 5594.42 5712.91 5846.77
5416.09 5772.29 6128.49 6361.28 6441.08 6520.88 6288.2 5757.87 5227.55 4948.48 4852.96 4757.44 4831.38 4999.18 5166.99 5157.45 5075.2 4992.96 4793.29 4559.52 4325.75 4752.61 5304.7 5838.31 5210.89 5407.33 5470.84 5319.97 5149.67 4956.37 4739.43 4510.76 4580.73 4993.6 5674 6255.05 7133.37 7992.73 8584.39 8941.74 9229.26 9492.08 9657.83 9854.59 9906.02 9815.08 9366.93 8950.35 8575.3 8200.25 7694.02 7055.35 6510.21 6282.78 5684.01 5250.97 4943.86 4736.4 4953.69 5116.32 5227.18 5338.03 5404.28 5456.48 5508.67 5632.91 5818.65
6071.44 6362.15 6652.86 6868.39 6859.15 6843.93 6825.56 6803.99 6664.9 6408.82 6113.35 5817.87 5644.06 5537.64 5431.22 5280.4 5111.39 4942.36 4889.78 4871.01 4852.24 5356.89 5960.76 5915.49 6081.42 6027.68 5906.54 5826.79 5712.21 5608.1 5549.33 5601.82 5752.71 6383.92 6928.62 7566.93 8080.93 8522.91 8976.32 9357.93 9644.76 9890.02 10062.1 10208.4 10350.3 10215.7 9760.49 9343.04 8975.29 8607.54 8002.53 7157.97 6463.41 6330.11 6424.1 6118.84 5802.91 5463.87 5258.68 5204.36 5307.83 5325.15 5305.15 5429.31 5692.11 5879.52 6163.21
6177.47 6452.5 6727.54 6906.46 6894.81 6880.19 6862.56 6841.86 6818.03 6791 6566.52 6298.57 6108.19 5960.79 5813.38 5688.94 5573.92 5458.9 5867.42 6319.66 6248.56 6534.94 6928.61 6939.24 7262.45 7102.8 6878.05 7447.68 7246.09 7048.89 6846.11 6921.01 7198.85 7589.51 8084.81 8621.77 9003.02 9311.7 9594.29 9813.96 9969.36 10126 10253 10344.8 10550.9 10638.1 10232.9 9854.66 9511.95 9169.24 8562.91 7690.42 6817.93 6361.93 6435.51 6541.55 6325.12 6182.37 6039.62 5867.47 5775.01 5769.43 5781.72 5993.23 6197.25 6390.74 6546.75
6210.54 6476.51 6742.48 6944.67 6933.54 6919.56 6902.71 6882.94 6860.19 6834.41 6805.53 6702.25 6526.02 6368.62 6211.21 6135.42 6093.09 6050.76 6450.51 7000.44 7436.23 7365.35 7292.49 7222.49 7368.7 7639.53 8098.25 7852.17 7816.09 8207.28 7844.76 7679.09 7816.48 8521.05 8881.01 9130.2 9540.79 9740.73 9923.13 10073.5 10207.7 10369.3 10269.7 10427.3 10635.1 10766.9 10698.9 10382.1 10066.8 9751.45 9156.75 8279.97 7403.2 6873.22 6519.21 6562.73 6682.67 6526.97 6268.38 6128.78 6041.47 5954.15 6006.93 6103.85 6200.77 6319.18 6442.11
6243.6 6500.51 6757.43 6969.15 6975.19 6961.89 6945.87 6927.08 6905.48 6881.01 6853.63 6823.26 6789.82 6753.24 6609.03 6581.9 6612.26 6573.54 6957.43 7641.72 7594.85 7550.35 7511.88 7487.72 7652.24 7988.39 8438.3 9060.8 8770.82 8564.2 9095.13 8816.22 8720.27 9197.47 9286.39 9448.79 9653.99 9837.38 10018.1 10136.6 10285.7 10418.1 10646.9 11244.4 11524.5 11488.7 11198.6 10909.5 10621.6 10333.7 9750.59 8869.52 7988.46 7359.47 7011.36 6642.35 6720.4 6854.2 6497.14 6243.08 6041.9 5840.73 5881.26 5997.96 6114.67 6226.57 6337.47
6106.61 6758.28 7037.17 7029.66 7189.25 7331.2 7562.82 7744.43 7926.04 7940.69 7833.36 7726.02 7595.84 7453.01 7310.18 7298.29 7340.09 7381.89 7812.05 7779.98 7751.38 7728.71 7717.15 7723.81 7909.98 8223.41 8605.79 9054.98 9505.86 9314.34 9209.69 9643.12 9476.07 9463.93 9557.15 9660.34 9805.43 9908.26 9986.85 10085.4 10198.7 10447.6 11071.9 11535.1 11797.6 11510.6 11223.5 10936.7 10650.2 10363.7 9781.21 8899.93 8018.65 7389.07 7035.4 6670.18 6761.66 6889.34 6508.94 6248.97 6041.92 5834.88 5874.78 5992.5 6110.23 6221.8 6332.07
5960.38 7028.76 7097.15 7730.42 8160.21 8196.27 8184.4 8170.94 8155.32 8138.27 8119.15 8098.85 8076.72 8053.77 8029.48 8005.02 7980.16 7956.35 7933.96 7915.09 7901.31 7896.19 7903.71 7930.29 8114.65 8389.51 8706.33 9047.51 9360.31 9538.54 9779.66 9615.33 9541.92 9713.06 9524.91 9533.37 9632.92 9767.32 9888.5 9956.82 10037.1 10254.3 11080.2 11815.2 11797.6 11510.6 11223.5 10936.7 10650.2 10363.7 9781.21 8899.93 8018.65 7389.07 7059.05 6670.18 6807.62 6889.34 6508.94 6248.97 6041.92 5834.88 5874.78 5992.5 6110.23 6221.8 6332.07
5816.2 7136.14 7624.65 8267.26 8260.58 8252.05 8242.17 8230.45 8217.59 8203 8187.54 8170.6 8153.18 8134.77 8116.51 8098.13 8080.99 8065.26 8052.73 8044.38 8042.84 8050.46 8071.33 8109.74 8273.82 8513.43 8782.61 9068.28 9349.38 9612.38 9928.51 10136.4 9952.58 9929.11 9741.11 10044.1 9763.79 9757.08 9795.07 9858.61 9908.74 10009.2 10890.7 11910.2 11802.1 11516 11229.9 10943.9 10658.1 10372.2 9790.4 8909.8 8029.19 7400.05 7083.61 6681.66 6860.29 6900.02 6519.07 6258.64 6051.17 5843.7 5883.07 6000.22 6117.37 6229.91 6341.48
5816.2 7186.65 7624.65 8322.32 8316.5 8309.55 8301.05 8291.62 8280.74 8269.2 8256.46 8243.45 8229.66 8216.2 8202.73 8190.51 8179.54 8171.37 8166.56 8167.16 8174.59 8191.66 8220.96 8266.12 8397.34 8607.94 8842.13 9093.78 9356.39 9633.18 9948.13 10151.8 10485.8 10279.7 10150.4 9836.61 9763.79 9757.08 9795.07 9858.61 9908.74 10009.2 10890.7 11832.7 12120.3 11902.5 11684.7 11457.3 11217.1 10976.8 10442 9609.62 8777.26 8179.16 7762.67 7355.52 7077.52 7169.91 7237.62 6944.44 6706.97 6469.5 6470.93 6547.64 6624.35 6805.51 7008.66
5816.2 7239.31 7624.65 8378.48 8373.87 8367.97 8361.31 8353.44 8345.08 8335.72 8326.23 8316.12 8306.4 8296.71 8288.2 8280.75 8275.71 8273.34 8275.31 8282.45 8296.87 8320.14 8354.79 8402.97 8492.92 8678.46 8884.43 9108 9349.38 9615.65 9929.14 10209.7 10842.7 10623.1 10304.3 10049.5 9868.72 10089.6 9870.56 9860.15 9909.54 10093.7 10813.9 11710.8 12294.4 12289 12139.5 11970.6 11776 11581.5 11093.6 10309.4 9525.33 8958.27 8559.49 8160.7 7724.07 7415.12 7551.47 7630.24 7362.77 7095.3 7058.79 7095.05 7131.32 7381.11 7675.85
5796.64 7267.92 7598.89 8435.82 8431.99 8427.53 8422.08 8416.25 8409.61 8402.92 8395.73 8388.95 8382.21 8376.55 8371.75 8369.02 8368.41 8371.31 8378.19 8390.69 8409.77 8437.31 8474.7 8523.79 8585.91 8728.84 8908.72 9104.7 9317.17 9551.1 9815.86 10123.4 10364.1 10531.2 10388 10004.2 9837.63 9941.06 9977.94 9908.43 9979.27 10238.5 10794.5 11552.2 12094.5 12522.6 12590.3 12481 12334.3 12187.6 11749.3 11016.5 10283.7 9749.19 9368.5 8987.8 8536.07 8163.47 7732.27 8001.49 8049.75 7755.7 7685.71 7686.32 7686.93 8002.47 8384.31
5551.39 6923.12 7347.25 8200.51 8491.02 8487.47 8483.64 8479.15 8474.67 8469.79 8465.33 8460.9 8457.45 8454.69 8453.69 8454.38 8457.95 8464.61 8475.69 8491.78 8514.32 8544.22 8582.89 8631.34 8690.49 8762.03 8917.27 9084.48 9263.81 9455.39 9659.99 9872.97 10074.4 10210.9 10282.6 9898.25 9792.55 9859.08 9888.21 9875.65 9977.41 10231.4 10826.8 11303.8 11797.4 12200.4 12533 12818.7 12884.4 12811.4 12453.1 11806.7 11160.2 10676.2 10318.2 9960.12 9526.24 9047.64 8712.22 8377.58 8520.14 8774.18 8763.18 8783.36 8803.54 9151.66 9568.83
5306.15 6578.32 7405.74 7740.57 8492.87 8548.04 8545.22 8542.46 8539.4 8536.74 8534.11 8532.36 8531.18 8531.5 8533.18 8537.23 8543.71 8553.73 8567.62 8586.54 8611.07 8642.33 8681.05 8728.02 8783.77 8848.38 8921.62 9052.56 9197.76 9346.99 9495.45 9634.29 9745.62 9805.4 9813.28 9691.17 9757.33 9794.24 9720.85 9762.16 9849.97 10063.4 10620.9 11039.4 11488.6 11867.3 12229.5 12559.7 12865.7 13144.6 13156.9 12596.9 12036.8 11603.3 11267.9 10932.4 10516.4 10052.9 9589.3 9331.73 9143.04 9117.64 9397.86 9681.17 9920.14 10300.9 10753.4
5120.92 6275.28 7429.63 7461.87 8096.52 8608.57 8607.11 8605.43 8604.14 8602.92 8602.46 8602.49 8603.82 8606.24 8610.63 8616.97 8626.18 8638.42 8654.65 8675.24 8701.08 8732.71 8770.79 8815.8 8867.94 8927.31 8993.33 9065.4 9142.01 9238.94 9340.82 9422.87 9468.57 9537.15 9607.95 9673.66 9690.87 9556.54 9523.62 9593.41 9810.22 10046.4 10335.8 10613.2 11015 11423.5 11834 12225.2 12582.5 12917.1 13223.7 13362.7 12912 12543.4 12238.6 11933.7 11546.1 11109.6 10673.1 10368.1 10120.9 10023.8 10005.9 10132.1 10532.1 11057.8 11861.3
5288.3 6217.51 7146.73 7523.72 7703.73 8274.56 8668.64 8668.37 8668.19 8668.71 8669.65 8671.72 8674.68 8679.32 8685.52 8694.08 8705.06 8719.25 8736.88 8758.68 8785.02 8816.48 8853.46 8896.18 8944.88 8999.25 9059.1 9123.45 9191.59 9261.95 9333.48 9404.45 9473.93 9540.5 9553.63 9631.12 9370.64 9359.59 9390.26 9463.81 9594.69 9729.39 9930.76 10212.8 10573.9 10959.5 11401.1 11837.4 12245.6 12624.2 12984.5 13300.2 13585.3 13560.4 13332.8 13105.2 12807.6 12468.8 12129.9 11903.4 11726.2 11549 11536.9 11577 11657.1 12041.9 12366.2
5455.67 6159.75 6863.82 7533.63 7582.8 7788.25 8217.54 8730.67 8731.88 8733.48 8736.06 8739.41 8744.19 8750.25 8758.28 8768.25 8780.86 8796.21 8814.93 8837.28 8863.72 8894.59 8930.11 8970.56 9015.78 9065.79 9119.93 9177.89 9238.5 9301.1 9364.24 9427.16 9488.46 9547.56 9584.27 9556.78 9390.14 9262.47 9294.23 9415.56 9518.67 9611.14 9710.06 9832.99 9935.98 10349.6 10848.4 11362.4 11843.3 12277.6 12658.4 13048.7 13388.8 13704.8 13975.4 14168.6 14069.1 13828 13586.8 13438.6 13331.4 13224.2 13218 13243.7 13269.4 13577.5 13314.2
5605.66 6116.16 6626.65 7143.79 7647.51 7643.27 7676.37 7966.81 8407.26 8774.57 8801.14 8805.96 8811.86 8819.42 8828.58 8839.92 8853.5 8869.82 8889.07 8911.65 8937.82 8967.79 9001.82 9039.82 9081.96 9127.75 9177.13 9229.21 9283.65 9339.24 9395.48 9451.04 9505.45 9557.51 9596.85 9496.23 9370.6 9262.78 9317.1 9388.6 9453.72 9506.64 9539.13 9566.09 9571.33 9586.19 10266.1 10848.8 11402.8 11899 12243.3 12672.3 13128.1 13504.7 13838.5 14088.9 14300.5 14472 14612 14707.6 14751.3 14737.1 14728.6 14701.5 14616.9 14496.6 14205.3
5690.71 6125.54 6560.38 6976.02 7367.88 7709.59 7705.38 7700.55 7810.45 7992.4 8207.38 8462.47 8582.2 8626.96 8671.73 8728.68 8790.63 8852.58 8959.77 8982.27 9007.89 9036.88 9069.19 9105.03 9144.04 9186.31 9231.13 9278.41 9327.13 9377.02 9426.89 9476.39 9524.32 9570.39 9543.72 9440.69 9333.35 9304.8 9326.41 9364.04 9404.71 9432.21 9432.91 9413.58 9386.13 9385.14 9438.43 10385.3 11003.8 11557.7 11900.9 12296.5 12883.2 13312.3 13702.4 14005.5 14267.8 14438.4 14642.9 14811.7 14934.1 14980.6 15107.6 15137.4 15138.6 15089.1 14959.9
5775.77 6134.93 6494.1 6808.26 7066.62 7324.98 7575.92 7769.37 7765.03 7760.27 7755.15 7749.71 7807.54 7908.51 8009.48 8038.58 8034.5 8114.86 8152.39 8176.58 8200.77 8479.95 8807.48 9135 9203.06 9241.81 9282.95 9325.63 9369.75 9414.28 9459 9502.79 9545.39 9567.64 9486.16 9389.54 9283.62 9300.31 9315.38 9340.23 9364.96 9384.76 9387.23 9368.29 9345.99 9385.32 9585.08 10113.8 10671.1 11191.5 11611.9 11906.2 12555.6 13020.5 13440.2 13834 14182.7 14420 14649.2 14874.4 15063.5 15144.6 15382.1 15480.7 15560.7 15582.6 15563.8
5827.55 6109.92 6392.28 6615.77 6766.26 6916.75 7068.43 7221.26 7374.08 7519.21 7658.71 7798.21 7820.03 7815.93 7811.88 7807.99 7804.35 7801.08 7798.3 7796.17 7794.82 7794.42 8118.19 8454.26 8936.15 9295.18 9332.66 9371.71 9411.42 9451.7 9491.52 9530.72 9568.24 9522.26 9443.84 9347.66 9304.75 9293.42 9298.36 9312.19 9333.63 9352.53 9365 9361.87 9354.41 9421.3 9626.31 10010.8 10480.7 10959.1 11401.8 11768.7 12125.7 12673.5 13212.8 13655.4 14047.9 14397.3 14649.2 14874.4 15063.5 15144.6 15410.7 15510.6 15731.2 15774.6 15798.9
5792.43 5995.03 6197.63 6358.69 6468.25 6577.8 6672.6 6753.35 6834.1 6919.01 7006.96 7094.91 7189.17 7286.93 7384.69 7498.75 7619.5 7740.24 7781.98 7800.76 7819.54 7890.14 7893.65 7898.55 8226.39 8769.02 9311.65 9416.58 9452.85 9489.02 9525.01 9559.83 9551.77 9493.08 9419.24 9321.72 9291.24 9273.48 9268.38 9280.24 9300.71 9329.07 9356.94 9384.02 9411.77 9481.76 9656.44 9911.68 10349 10774.7 11194.8 11558 11882.3 12200.9 12804.7 13334.8 13810.8 14236.1 14603.5 14878.9 15122.5 15233.1 15623.4 15841.4 16024.6 16129.7 16247.8
5757.31 5880.15 6002.99 6101.62 6170.24 6238.86 6276.77 6285.45 6294.12 6318.81 6355.21 6391.61 6445.39 6508.8 6572.21 6688.38 6826.19 6964 7085.73 7202.79 7319.85 7563 7830.06 7998.4 8007.65 8267.41 8718.18 9277.66 9493.83 9526.87 9559.15 9583.45 9537.91 9479.05 9405.91 9317.44 9267.18 9237.72 9224.61 9235.72 9263.13 9302.52 9351.11 9403.98 9467.73 9552.8 9701.2 9910.57 10170.4 10606.8 10966.4 11278.7 11524.4 11627.1 12307 12881.2 13445.1 13962.2 14420.9 14789 15091.6 15230.3 16183.9 16568.9 16808 17006 17133.5
