data/map/mmio7.asc
ncols         217
nrows         146
xllcorner     6.39591e+006
yllcorner     1.68973e+006
cellsize      1135.85
NODATA_value  -99999
[rows 0 to 29 of 146, columns 67 to 133 of 217]
6435.33 6523.32 6611.52 6739.73 6709.44 6677.18 6644.23 6609.66 6571.55 6528.68 6481.25 6431.25 6383.09 6342.95 6316.66 6307.45 6317.06 6331.49 6182.96 6029.13 5879.52 5938.05 6008.86 6086.29 6164.69 6238.53 6167.89 6111.07 6066.62 6033.65 6011.63 6000.04 5997.98 6004.33 6018.26 6039.53 6068.55 6105.85 6151.63 6205.33 6265.66 6330.8 6398.94 6468.7 6539.35 6610.88 6683.78 6758.8 6836.67 6917.96 7002.9 7091.51 7183.71 7279.52 7379.25 7483.41 7592.62 7707.28 7827.25 7921.26 7977.42 8067.3 8195.99 8361.84 8556.53 8767.32 8980.14
6431.24 6522.56 6614.25 6743.9 6711.41 6677.87 6512.91 6282.87 6052.82 5821.32 5574.83 5328.35 5021.34 4383.34 3745.34 3257.92 3303.53 3349.14 3431.16 3604.08 3777 3942.23 4093.29 4244.35 4347.91 4385.16 4422.41 4437.32 4428.31 4419.31 4426.53 4447.09 4467.66 4513.56 4575.37 4637.17 4693.25 4746.63 4800.01 4773.4 4719.52 4665.65 4605.63 4544.17 4482.72 4770.74 5107.66 5444.58 5641.08 5829.09 6016.53 6140.02 6263.51 6402.4 6733.26 7064.11 7411.16 7700.55 7821.62 7894.61 7943.69 8028.5 8158.83 8332.99 8540.43 8765.3 8988.57
6422.81 6520.89 6619.72 6752.51 6714.44 6677.01 6648.13 6620.99 6587.27 6544.13 6329.9 5904.44 5448.53 4826.1 4203.67 3703.57 3636.49 3569.4 3570.59 3742.23 3913.88 4061.14 4163.47 4265.8 4334.1 4354.92 4375.73 4363.7 4316.51 4269.33 4258.73 4278.23 4297.72 4371.13 4478.38 4585.62 4668.96 4741.07 4813.17 4779.73 4710.31 4640.9 4561.83 4480.52 4399.22 4563.96 4763.14 4962.31 5220.4 5482.05 5742.34 5846.87 5951.41 6071.56 6386.29 6701.03 7046.85 7583.69 7809.39 7841.63 7874.4 7948.52 8081.86 8264.55 8500.81 8764.87 9009.21
6298.4 6406.7 6636.39 6766.88 6716.83 6667.62 6648.64 6635.36 6607.64 6564.62 6510.09 6430.56 5875.72 5268.86 4662.01 4149.23 3969.45 3789.67 3710.02 3880.38 4050.75 4180.05 4233.65 4287.25 4320.3 4324.68 4329.05 4290.08 4204.71 4119.35 4090.94 4109.36 4127.78 4228.7 4381.39 4534.07 4644.68 4735.51 4826.34 4786.06 4701.1 4616.14 4518.04 4416.88 4315.72 4357.19 4418.61 4480.04 4799.71 5135 5468.14 5553.73 5639.31 5740.72 6039.33 6337.94 6682.55 7309.72 7777.06 7764.69 7792.6 7866.69 8001.3 8181.24 8395.75 8768.49 9050.93
6154.09 6391.02 6679.58 6791.88 6718.4 6628 6658.33 6664.16 6643.31 6596.62 6553.79 6451.39 6300.09 6136.07 5651.24 5140.92 4970.92 4800.91 4651.43 4553.19 4454.95 4398.08 4417.45 4436.82 4471.52 4527.61 4583.71 4563.4 4461.31 4359.23 4315.11 4318.65 4322.19 4399.22 4522.36 4645.51 4726.96 4788.8 4850.64 4810.23 4734.98 4659.74 4550.81 4434.06 4317.31 4301.31 4299.39 4297.48 4547.64 4813.05 5077.3 5208.33 5339.37 5477.14 5698.88 5920.62 6211.31 6925.54 7628.08 7685.93 7724.35 7801.02 7900.22 8087.62 8333.77 8798.12 9145.31
6100.42 6451.3 6697.99 6841.93 6736.86 6772.44 7057.08 6987.73 6798.61 6624.75 6657.07 6521.13 6279.66 5876.28 6016.13 5513.28 5393.57 5487.71 5537.15 5252.9 4877.07 4648.89 4638.84 4628.79 4677.34 4807.7 4938.06 4951.5 4839.8 4728.11 4668.97 4653.05 4637.14 4673.28 4742.08 4810.88 4844.49 4861.56 4878.62 4840.31 4783.13 4725.94 4608.91 4477.99 4347.06 4295.35 4254.72 4214.09 4351.36 4499.4 4647.87 4845.66 5043.46 5235.82 5360.59 5485.35 5704.68 6504.9 7275.05 7580.25 7651.01 7767.06 7918.11 8031.07 8434.51 8872.06 9247.91
6064.69 6513.03 6789.4 6945.32 6904.59 7100.78 7211.83 7285.32 7298.31 7114.21 6928.6 6729.29 6443.19 6198.39 6070.5 6014.81 5985.72 5942.81 5689.28 5494.96 5405.01 4899.7 4710.23 4820.75 4883.16 5087.79 5292.42 5339.6 5218.29 5096.98 5022.83 4987.46 4952.09 4947.33 4961.79 4976.25 4962.02 4934.31 4906.6 4870.39 4831.27 4792.15 4667.02 4521.91 4376.81 4289.39 4210.05 4130.7 4155.09 4185.75 4218.43 4482.99 4747.54 4994.5 5022.29 5050.09 5198.05 6082.96 6930.56 7439.76 7531.38 7731.91 7956.9 8193.29 8580.6 8979.94 9363.22
6027.56 6586.75 6930.64 7062.59 7065.14 7232.03 7366.03 7445.78 7480.45 7481.63 7345.27 7211.1 6976.72 6739.55 6663.57 6740.73 6956.16 7250.96 7252.59 6958.89 6295.4 5856.24 5830.64 5805.05 5831.58 5375.16 6000.42 5996.74 5861.78 5658.34 5486.79 5446.05 5837.62 5653.47 5395.93 5138.4 5021.18 4969.95 4918.72 4922.82 4945.77 4968.72 4844.85 4686.89 4528.93 4406.37 4288.77 4171.17 4146.85 4128.17 4117.82 5063.69 6009.57 6841.43 6253.01 5664.58 5272.25 6082.81 6861.44 7334.85 7445.22 7719.94 8094.15 8336.26 8725.15 9115.43 9513.89
6224.61 6796.21 7154.27 7176.15 7184.02 7411.47 7574.29 7651.14 7670.88 7656.49 7627.94 7563.37 7379.31 7188.38 7058.71 7125.45 7299.52 7496.85 7738.51 7633.07 7231.7 6970.78 6968.76 6966.75 6946.27 6900.01 6584.36 6119.4 5925.98 5519.32 5153.45 4756.97 6082.2 6365.41 5878.09 5299.82 5067.27 4997.28 4927.29 4980.26 5075.13 5169.99 5049.48 4878.96 4708.45 4550.88 4395.12 4239.37 4180.7 4127.91 4090.83 5855.61 7137.37 7191.87 7110.63 6514.11 5476.49 6178.99 6857.98 7213.47 7414.02 7762.33 8178.69 8430.56 8836.43 9241.23 9615.25
6565.07 7105.92 7250.87 7302.9 7397.54 7634.12 7854.87 7913.55 7895.35 7836.66 7799.92 7748.21 7655.63 7528.49 7422.52 7372.45 7366.78 7490.69 8016.99 8307.25 8168.01 8085.31 8106.88 8128.44 8060.96 7869.15 7677.35 7682.48 7668.77 8002.48 7780.84 7481.88 7297.75 7259.23 6360.24 5461.25 5113.35 5024.61 4935.86 5037.7 5204.48 5371.27 5254.12 5071.04 4887.96 4695.38 4501.48 4307.57 4214.56 4127.66 4063.83 6647.53 7248.99 7175.2 7184.85 7085.07 5680.72 6273.22 6856.9 7310.79 7528.51 7886.18 8306.95 8553.15 8959.1 9380.62 9702.42
6681.72 7111.87 7322.88 7387.01 7506.96 7543.11 7774.81 7864.04 7899.61 7893.6 7878.89 7859.55 7826.34 7775.84 7775.35 7789.54 7982.41 8554.01 8921.26 9210.99 9126.01 9070.41 9068.96 9067.52 9006.02 8860.67 8715.33 8729.63 8914.76 8985.8 9080.74 9088.26 9060.56 8710.54 8171.13 7631.73 7407.42 7331.27 7255.12 7276.36 7330.77 7385.19 7173.59 6845.16 6532.39 6464.02 6316.67 6169.31 6091.56 6018.02 5954.65 7476.08 7405.51 7434.45 7483.28 7539.69 5959.78 6465.48 6969.35 7431.89 7739.16 8054.12 8435.22 8699.05 9079.07 9503.14 9772.51
6565.05 7095.41 7367.14 7457.16 7546.17 7584.41 7660.75 7763.85 7825.97 7853.21 7869.95 7882.41 7897.36 7917.98 7983.59 8137.93 8593.05 9272.73 9877.21 10099.2 10007.5 9965.21 9962.28 9913.34 9824.61 9777.78 9690.29 9623.13 9618.92 9694.91 9900.5 10131.7 10281.3 10248 10158.5 10069.1 10000.1 9940.71 9881.33 9804.76 9722.33 9481.09 9126.57 8710.54 8414.68 8340.97 8358.85 8269.31 8213.4 8157.07 8103.45 8329.84 8138.82 8030.86 7996.44 7635.74 6255.38 6676.73 7086.62 7487.12 7835.83 8173.21 8500.91 8829.42 9184.45 9623.08 9840.81
6448.37 7078.95 7351.87 7477.84 7519.96 7569.5 7620.39 7700.51 7743.75 7793.8 7856.91 7909.96 8006.34 8142.72 8338.44 8611.39 9375.59 9837.25 10124.7 10219.2 10121.7 10084.4 10094 10044.1 10000.7 9997.36 9911.19 9866.08 9844.07 9855.38 9982.98 10299.7 10608.9 10933.2 11006.2 11065.3 11183.6 11347.5 11486.3 11469 11445.1 11466.4 11371.2 10993.5 10518.9 10432.8 10401 10369.3 10335.2 10297.1 10228.6 10108.7 9633.16 9233.91 9052.32 7742.81 6552.42 6888.23 7206.1 7526.89 7850.43 8173.96 8524.33 8922.13 9247.02 9663.6 9867.6
6442.35 7078.1 7402.77 7474.74 7499.82 7548.51 7597.32 7679.22 7728.03 7762.47 7794.91 7850.72 8019.07 8254.32 8560.73 8962.36 9632.88 9958.04 10140 10153.6 10124.9 10124.3 10169.9 10180.8 10176 10162.8 10081.9 10064.4 9982.56 9957.88 10061.2 10490.2 10948.3 11456.4 11680.8 11887.3 12133 12364.2 12582.1 12463.5 12237.2 12010.9 11578.8 11099 10619.2 10535.1 10506.4 10477.6 10444.7 10407.2 10363.8 10475.5 10588.1 10604.5 9178.21 7748.34 6567.46 6899.03 7213.21 7528.94 7850.68 8172.42 8515.45 8915.66 9315.87 9678.3 9916.75
6442.35 7078.1 7480.1 7431.39 7429.71 7472.24 7532.58 7604.61 7669.86 7711.17 7752.49 7846.46 8076.5 8328.32 8642.98 9006.18 9722.98 10027.2 10140.2 10107.6 10051.9 10084.1 10200.8 10301.5 10347.4 10356.2 10325.5 10297 10217.3 10228 10387.8 10764.7 11199 11751.4 12025.3 12249.4 12430.4 12577.2 12643 12463.5 12237.2 12010.9 11578.8 11099 10619.2 10535.1 10506.4 10477.6 10444.7 10408.1 10363.3 10476.2 10588.1 10604.5 9178.21 7748.34 6567.95 6899.03 7213.21 7528.94 7850.68 8172.42 8508.82 8884.58 9260.35 9583.41 9802.77
6453.05 7088.9 7514.79 7331.59 7265.06 7291.18 7382.18 7487.78 7588.42 7619.27 7661.71 7747.71 8060.4 8388.96 8781.79 9196.42 9773.02 9983.97 9983.7 9981.34 9993.94 10031.5 10200.1 10368.9 10464 10514.2 10527.6 10525.1 10525.3 10595.1 10782.7 11095.5 11456.9 11872.2 12197.6 12373.1 12466.1 12500.3 12645.4 12473 12246.9 12020.9 11587.3 11105.4 10623.6 10537.8 10507.5 10477.1 10443.3 10409.3 10376.7 10500.7 10630.4 10644.4 9214.98 7785.55 6606.44 6921.43 7236.42 7551.25 7865.46 8179.67 8503.67 8853.92 9204.18 9487.33 9638.47
7211.82 7855.02 7493.87 7168.45 7024.69 7016.67 7111.78 7304.5 7463.88 7489.35 7545.81 7620.14 7981.18 8385.09 8859.2 9338.14 9790.9 9973.51 9989.39 9986.66 9992.05 10029.3 10209.7 10411.3 10541.3 10629.3 10683.1 10721.7 10805.5 10923.3 11121.4 11392.3 11691.6 12100.8 12299.4 12427.3 12482 12487.3 12490.3 12532.4 12588.4 12653.1 12183.8 11559.4 10935 10731.4 10586.8 10442.2 10347.8 10256.5 10167.1 10288.9 10410.7 10461.7 9630.77 8794.99 8131.48 8505.48 8880.46 9133.07 8913.69 8694.32 8602.32 8852.4 9102.47 9308.49 9427.82
7970.59 8275.04 7409.48 6965.64 6768.57 6732.55 6813.49 7022.52 7202.46 7339.03 7440.68 7500.65 7876.45 8339.83 8883.13 9424.69 9863.89 10025.2 10016.1 10002.3 10017.1 10066.5 10245.6 10452.9 10600.9 10715.9 10802.5 10877.7 11022.2 11167.6 11366.4 11608.7 11864.4 12205 12363 12457.9 12491.4 12481 12448.6 12446.5 12442 12471.9 12493.9 12013.3 11246.3 10925.1 10666.1 10407.2 10252.3 10103.8 9957.5 10071.2 10184.9 10272.9 10040.4 9802.34 9660.26 10092.8 10286.5 9873.06 9645.53 9208.96 8700.98 8850.87 9000.77 9129.64 9217.17
8766.15 8394.76 7297.1 6801.72 6606.27 6560.96 6610.69 6793.88 6986.83 7177.24 7326.75 7430.52 7791.55 8285.01 8864.01 9433.03 9876.87 10074.2 10061.1 10051.3 10074.6 10141.7 10306.5 10503.3 10657.2 10789.8 10900.6 11002 11103.8 11255.7 11451.7 11682.2 11921.5 12237.3 12381.5 12466.3 12494.5 12481.6 12443 12426.5 12415.9 12428.7 12437 12454.2 11555.8 11124.8 10759.1 10393.5 10186.6 9989.34 9794.66 9895.71 9996.75 10113.6 10427.5 10735.6 11071.1 11349.7 10674.2 10202.6 9880.11 9673.84 8782.32 8837.56 8892.8 8950.03 9011.18
9986 8459.26 7273.9 6790.48 6620.69 6573.21 6593.64 6753.21 6942.67 7143.94 7302.95 7412.11 7773.54 8266.7 8847.57 9524.63 9869.68 10082.7 10079.5 10078.3 10108 10179.5 10339.1 10530.3 10684.8 10823.2 10942.9 11053.3 11241.4 11396.4 11580.8 11786.8 11996.4 12271.8 12397.3 12471.2 12496.6 12485.2 12443.9 12415 12395 12384.4 12378.3 12384.7 11843.6 11395 11009.8 10624.5 10463.9 10316.8 10171.3 10207.2 10243.1 10295.5 10553.2 10806 11088.4 11363.1 10777 10300.1 9966.13 9564.71 8663.88 8688.25 8712.61 8761.58 8858.94
10506.1 8762.4 7510.82 7085.21 6966.77 6886.5 6807.15 6876.74 7023.14 7214.08 7369.36 7464.84 7786.31 8263.54 8817.91 9444.89 9809.2 10064.8 10107.4 10134.9 10181.7 10260.3 10413.1 10595.7 10751 10898.3 11031.9 11155.7 11352.5 11501.8 11670.2 11852.2 12035.1 12278.4 12392.8 12463.8 12493 12488.5 12452.6 12422.1 12397.6 12377.1 12360.8 12350.5 12131.3 11665.2 11260.4 10855.6 10741.1 10644.2 10547.9 10518.7 10489.4 10477.4 10678.9 10877.5 11106 11227 10521.2 10196.8 9952.94 9455.58 8545.44 8538.93 8532.43 8573.14 8706.7
11539.6 9848.32 8607.24 8112.32 7917.25 7703.1 7466.29 7388.46 7405.69 7477.46 7596.96 7655.15 7952.03 8345.89 8828.5 9483.37 9767.2 10066.6 10141.1 10198 10262.7 10348.9 10502.5 10684.8 10841.9 10993.5 11132.8 11260.9 11453.7 11591.1 11741 11899.5 12058.3 12273.6 12379.8 12450.9 12486.3 12490.8 12464.9 12438.3 12414.6 12392.7 12372.9 12355.6 12343.8 11980.8 11568.8 11156.9 11080.2 11023.8 10967.3 10884 10800.7 10734.7 10884.6 11034.5 11212.1 10380.9 9943.87 9909.59 9872.91 9610.79 8725.4 8586.53 8447.65 8407.59 8390.71
12000.8 11034.2 10415.5 9845.04 9503.39 8912.11 8730.73 8389.54 8176.5 8087.54 8104.72 8130.71 8289.35 8551.74 8932.73 9479.76 9808.23 10085.6 10199.3 10287 10369.9 10467.4 10633.5 10825.7 10985.1 11133.8 11266.7 11386.4 11559.8 11678.6 11806.3 11940.8 12076.5 12266.5 12366 12437.8 12479.4 12492.2 12477.4 12458 12439.8 12422.7 12406.5 12390.1 12375.9 12372.7 12217.1 11870.7 11782.7 11708.4 11631.4 11559.7 11490.3 11435.7 11560.4 11686.6 11000.6 10137.5 9813.69 9733.56 9749.17 9645.02 9453.96 9182.84 8923.32 8376.59 8460.97
12773.9 12636.8 12422.1 11917.2 11491.6 10745.3 10298.5 9784.73 9357.47 9144.73 9055.96 8972.59 8874.73 8970.2 9223.11 9741.62 9958.2 10195 10336.2 10444 10540.3 10652.8 10845.1 11056.7 11214.2 11346.6 11455.5 11550.4 11684.5 11776.1 11875.9 11983.4 12095 12260.3 12353.9 12427.2 12474.4 12493.2 12487.7 12476.3 12466 12457.1 12449.5 12440.2 12429.4 12424.9 12422.5 12420.5 12407.3 12353.2 12257.3 12197.8 12139.6 12102.6 12204.4 11698 10910.2 10164.1 9862.47 9744.08 9696.55 9600.74 9387.4 9239.59 8912.17 8345.59 8360.03
13887.7 13624.2 14074.1 13662.3 13272.9 12773.5 12191.1 11568.1 11085.9 10796.2 10596.7 10344.7 9903.4 9807.46 9879.58 10119.3 10325.5 10530.2 10645.2 10738.6 10830.8 10953.3 11180.6 11414.5 11555.9 11581.8 11655.1 11717.8 11805.3 11867.9 11940.6 12023 12113 12256.7 12345.6 12420.9 12472.9 12494.4 12493.8 12488.3 12484 12481.4 12482 12480.3 12475.3 12472.7 12470.6 12480.3 12503 12521.5 12533.2 12538.9 12535.4 12480.5 12357.8 11891.9 11355.2 10719.4 10269.8 9953.2 9823.3 9699.84 9459.99 9294.24 8862.32 8768.49 8577.59
14809.6 14619.9 15287.7 14987.6 14663.5 13983.1 13422.7 12615.5 12147.8 11811.6 11560.1 11349 11164.5 10895.9 10759.5 10813.7 10816.7 10891.8 10933.2 10982.4 11059 11172.9 11392 11633.2 11758.1 11823.9 11852.5 11882.9 11921.5 11955.9 12003.3 12062.4 12132.3 12255.6 12339.8 12417.1 12474.5 12496.3 12497.6 12495.9 12494.8 12494.6 12498.2 12502.7 12504.1 12505 12506.8 12527.1 12555.5 12589.8 12603.7 12617.4 12620.9 12581.3 12481.6 12251.4 11899.5 11371.4 10863.5 10474.2 10150.3 9905.82 9465.03 9293.36 8859.13 8975.25 9025.3
15526.7 15578.6 15899 15751.2 15597.9 15415.3 15080.5 13937.8 13550 13250.3 12934.6 12698.9 12334.8 12045.9 11863.7 11947.9 11862.3 11669.8 11631 11627.5 11650 11726.7 11968.2 12199.5 12259 12243.4 12178.6 12167.7 12117.4 12107.4 12115 12135.7 12171.3 12257.5 12331.4 12410.4 12478.5 12501 12505.6 12506 12505.7 12505.1 12507.3 12516.2 12526.8 12535.6 12542.5 12544.8 12547.3 12561.1 12582.3 12610.1 12634.5 12640.8 12591.3 12392.3 12048.3 11519.4 10961.4 10480.5 10155.5 10040.8 9693.74 9498.19 8982.77 9155.41 9162.3
15795.3 16533.4 16488.2 16420.7 16345.5 16240.1 16055.3 15814.4 15519.4 15230.1 14995.2 14760.2 14451.2 14116.7 13720.1 13345.4 13082.7 12945.6 12845.2 12736.7 12650.8 12608.4 12708.4 12852.4 12813.5 12660.6 12517.1 12486.2 12323.7 12281.2 12250.7 12229.6 12227 12266.6 12322.3 12396.6 12472.5 12511.3 12512.9 12512 12510.3 12507.9 12509 12518 12535.9 12554.3 12574.8 12597.3 12624.3 12660.9 12707.3 12758.9 12807.6 12839.2 12834.2 12748.4 12554.3 12225.5 11793.5 11288.8 10813.5 10386.4 10063.9 9866.36 9270.38 9256.89 9261.45
16905.7 16905.2 16878.5 16835.7 16786.3 16728.5 16642.8 16511.2 16322.1 16093 15919.3 15741.2 15552.2 15355 15140.7 14944.9 14767.3 14569.8 14408.7 14299.4 14086.7 13894.5 13730.7 13627.7 13466.6 13223.9 12991.2 12800.5 12524.1 12485.9 12407.4 12346.2 12305.8 12290.6 12316.5 12372.5 12446.8 12499.2 12505.7 12508.9 12508.3 12504.7 12505 12516.1 12542.6 12572.1 12608.5 12654.5 12712.6 12781.5 12856.9 12937 13008.1 13064.5 13083.2 13055 12944.6 12714.4 12411.2 12010.5 11572 11115.5 10665 10430.7 9722.02 9324.75 9302.76
17183.7 17188.2 17170.6 17130 17081.3 17028.4 16954.9 16849.2 16766.6 16688.6 16619.9 16551 16436.3 16350 16263.6 16124.2 15933.9 15760.8 15606.5 15474.4 15305.6 15051.4 14743.9 14466.2 14205.5 13889.7 13581.6 13303.2 12920 12740.7 12590.3 12487.4 12416.1 12345 12329.7 12349.8 12399.9 12443.7 12478.8 12498.1 12503.4 12500.4 12502.7 12519.3 12557 12598.6 12650 12710.3 12786.2 12884.8 12984.1 13092 13191.4 13275.2 13317.4 13343.3 13287.2 13139.3 12915.3 12634.2 12218.7 11776.1 11357.8 11090.6 10303.4 9088.69 9196.26
