data/map/mmio7.asc
ncols         217
nrows         146
xllcorner     6.39591e+006
yllcorner     1.68973e+006
cellsize      1135.85
NODATA_value  -99999
[rows 30 to 59 of 146, columns 0 to 66 of 217]
5751.57 5814 5876.44 5927.62 5964.84 6002.06 6002.75 5968.63 5934.52 5922.5 5926.61 5930.72 5960.69 6004.97 6049.25 6163.84 6307.24 6450.65 6618.61 6793.7 6968.8 7158.25 7350.42 7542.6 8095.87 8122.21 8277.05 8723.32 9319.74 9564.95 9594.48 9583.31 9537.37 9479.25 9408.03 9322.31 9220.61 9187.75 9153.55 9177.82 9209.89 9269.2 9337.6 9413.9 9499.55 9607.59 9750.35 9937.73 10145.2 10458.3 10734 10992.8 11217.4 11396.8 11689.3 12216.4 12997.5 13621.6 14154.8 14569.3 14958.5 15791 16159.9 16570.7 16887.3 17159.7 17337.7
5802.24 5841.44 5880.64 5913.11 5937.24 5961.37 5962.55 5941.88 5921.22 5917.58 5926.4 5935.21 5973.35 6027.74 6082.13 6188 6314.99 6441.98 6591.35 6747.22 6903.09 7058.82 7214.52 7370.22 7791.95 8223.63 8242 8262.71 8617.49 9149.09 9471.47 9594.33 9548.95 9492.71 9424.46 9362.92 9266.46 9218.54 9184.44 9161.08 9131.98 9223.53 9318.12 9410.76 9509.16 9628.49 9772 9939.34 10126.2 10319.6 10562.7 10759.8 10945.4 11113.6 11367.9 11553.4 12247.8 12993.6 13666.3 14284 14740.5 15568.1 15992.3 16490.9 16896.5 17250.1 17474.5
5852.9 5868.87 5884.83 5898.6 5909.64 5920.67 5922.36 5915.14 5907.92 5912.67 5926.18 5939.69 5986.01 6050.51 6115 6212.17 6322.74 6433.31 6564.08 6700.73 6837.38 6959.38 7078.61 7197.84 7488.04 7795.91 8103.78 8366.73 8392.39 8546.14 8819 9241.85 9571.6 9517.96 9495.15 9438.12 9351.35 9236.35 9202.86 9151.86 9157.12 9176.95 9297.76 9403.66 9509.18 9626.38 9769.05 9931.55 10100.6 10266.7 10422.4 10571.5 10703.5 10857 11241.3 11619.4 12018.6 12520.3 13217.8 13988.7 14999.4 15428.1 15883.5 16427.2 16879.7 17274.7 17500.1
5898.75 5896.34 5893.94 5892.76 5893.1 5893.43 5893.5 5893.33 5893.16 5903.32 5921.02 5938.72 5988.62 6056.36 6124.09 6209.53 6302.23 6394.92 6505.53 6621.34 6737.15 6828.54 6915.29 7002.04 7197.89 7405 7612.12 8036.38 8466.9 8526.81 8560.47 8835.61 9111.45 9241.06 9330.51 9435.04 9464.01 9364.62 9239.72 9084.71 9169.19 9242.7 9293.99 9394.55 9504.06 9596.63 9747.5 9915.84 10079.9 10228.8 10349.4 10437 10501.1 10546.1 10593.4 11182.8 12095 12524.1 13036.8 13679.4 14547 15102.2 15600.3 16241.3 16800.3 17307 17603.4
5937.59 5923.88 5910.17 5899.5 5892.6 5885.69 5881.09 5878.7 5876.3 5887.52 5908.68 5929.84 5976.66 6037.68 6098.71 6168.02 6240.73 6313.45 6401.6 6494.25 6586.89 6652.15 6712.22 6772.29 6927.69 7123.67 7334.52 7823.62 8201 8229.62 8233.63 8516.46 8868.44 9038.25 9214.11 9380.99 9536.64 9509.25 9448.04 9312.57 9190.74 9331.89 9425.36 9527.83 9639.05 9509.72 9706.63 9905.52 10074.8 10218.7 10326 10392.6 10429.9 10491.4 10344.8 10794.6 11500.9 12394.3 12856.6 13266.3 14052.4 14712.5 15263.3 15990.7 16645.8 17264.8 17666.1
5976.43 5951.42 5926.41 5906.25 5892.1 5877.95 5868.68 5864.06 5859.44 5871.72 5896.34 5920.96 5964.69 6019.01 6073.32 6126.51 6179.24 6231.97 6297.68 6367.15 6436.62 6475.76 6509.15 6542.54 6675.9 6827.45 6990.9 7378.42 7757.61 8090.9 8247.55 8373.75 8423 8679.36 8950.98 9231.38 9529.64 9668.16 9729.94 9568.05 9430.02 9480.57 9557.83 9652.42 9764.44 9792.74 9664.76 9923.2 10096.7 10242.8 10342 10415.1 10417 10614.8 10825.4 11107.5 11337 12161.4 12654.1 12846.2 13574.3 14242.9 14906.5 15673.7 16392.3 17116.9 17609.3
6026.49 5988.4 5950.31 5918.89 5895.74 5872.58 5858.45 5852.91 5847.37 5860.17 5886.37 5912.56 5951.73 5998.1 6044.46 6084.73 6122.49 6160.26 6210.56 6264.51 6318.45 6349.85 6376.97 6414.19 6523.97 6647.11 6776.39 7094.01 7407.91 7704.78 8063.69 8388.57 8446.24 8671.73 8701.14 9021.11 9342.39 9644.14 9906.04 9801.84 9687.64 9603.1 9671.81 9768.62 9880.71 10001.4 10024.7 10026.7 10144.7 10314 10383.1 10508.9 10644.9 10809.2 11094.7 11363.6 11833.9 12317 12529 12675.5 13232 13831.9 14532.1 15308 16023.7 16797.6 17425.6
6089.01 6035.87 5982.73 5938.09 5903.97 5869.85 5850.64 5845.64 5840.63 5853.35 5879.02 5904.69 5937.67 5974.71 6011.75 6042.64 6071 6099.37 6142.11 6189.02 6235.93 6279.98 6323.48 6380.34 6487.21 6602.45 6720.37 6981.28 7240.97 7495.13 7835.21 8175.63 8512.72 8599.25 8660.91 8779.88 9152 9525.8 9922.57 10025.7 9943.28 9869.82 9758.18 9763.38 9948.91 10107.9 10236.1 10342.3 10396.4 10491.6 10585 10691.2 10821.1 11001.6 11300.8 11671.3 11995.8 12276.4 12469.6 12618.5 13014.3 13511.4 14158.1 14891.4 15591.3 16398.6 17126.6
6151.53 6083.34 6015.16 5957.29 5912.2 5867.12 5842.83 5838.36 5833.89 5846.53 5871.67 5896.81 5923.61 5951.33 5979.04 6000.55 6019.52 6038.48 6073.65 6113.53 6153.41 6210.11 6273.54 6344.06 6447.01 6555.11 6664.32 6873.9 7083.18 7292.02 7606.39 7919.18 8230.39 8538.4 8725.63 8795.3 8955.22 9383.45 9802.6 10166.3 10169.9 10141.4 10057.6 10032.3 10042.7 10205.8 10331.5 10465.7 10606.7 10671.3 10753.3 10816.6 10986.5 11224.3 11567.5 11853 12054.9 12255.7 12454.4 12661.9 12938.1 13371.5 13980.2 14709.4 15378.6 16172.5 16924.1
6188.68 6113.8 6038.93 5975.51 5926.29 5877.07 5850.95 5846.85 5842.75 5853.31 5874.59 5895.86 5916.26 5936.18 5956.1 5970.06 5981.57 5993.07 6023.33 6059.03 6094.72 6159.4 6229.56 6311.73 6409.9 6510.59 6611.61 6790.07 6968.75 7149.11 7440.22 7729.77 8020.07 8325.19 8629.15 8881.65 8990.97 9231.5 9641.39 9961.26 10284.6 10287.9 10217.5 10175.3 10304.8 10343.4 10418.6 10549.1 10687.2 10833.3 10968.3 11044.2 11088.9 11428.9 11674.6 11859.8 12047.5 12237 12430.4 12636.5 12875.5 13159.1 13698.9 14398.5 15040 15783.9 16544.1
6204.19 6129.75 6055.31 5992.89 5945.36 5897.84 5872.67 5868.81 5864.94 5871.71 5886.27 5900.82 5914.65 5928.07 5941.5 5949.46 5955.17 5960.88 5988.48 6022.43 6056.38 6125.03 6200.26 6285 6376.34 6469.07 6561.92 6725.64 6890 7056.74 7327.72 7597.53 7871.25 8184.51 8499.15 8834.78 9058.84 9206.33 9435.65 9718.93 10002.5 10243.5 10387 10387.9 10406.1 10549.1 10498.3 10624.8 10758.1 10898.3 11045.3 11198.7 11358.1 11522.7 11691.7 11863.9 12038.3 12214.6 12393.7 12578.2 12768.5 12941.7 13405.5 14065.3 14692.2 15392.8 16134
6219.69 6145.69 6071.69 6010.27 5964.44 5918.61 5894.4 5890.76 5887.12 5890.11 5897.94 5905.77 5913.03 5919.96 5926.9 5928.85 5928.77 5928.69 5953.63 5985.84 6018.04 6090.67 6170.96 6257.34 6341.95 6427.44 6512.93 6662.61 6813.04 6966.03 7216.4 7465.9 7722.34 8042.45 8364.18 8697.92 9078.93 9220.42 9347.14 9565.22 9723.6 9938.73 10080.2 10186.4 10280.1 10362.8 10465.3 10621.4 10822.2 10956.6 11096.8 11242.5 11393 11547.7 11705.6 11865.8 12027.3 12189.3 12351.5 12514.1 12678.4 12852.4 13096.1 13697.8 14342 15041.6 15724.6
6237.7 6164.81 6091.92 6031.98 5988.08 5944.19 5919.24 5912.33 5905.42 5903.54 5905.33 5907.12 5908.94 5910.78 5912.63 5911.65 5909.5 5907.36 5936.39 5974.46 6012.54 6088.3 6171.21 6254.13 6340.79 6428.79 6516.1 6657.07 6798.52 6942.48 7177.24 7411.27 7651.72 7951.17 8251.53 8558.54 8891.62 9226.65 9344.83 9450.28 9551.1 9656.81 9788.69 9918.75 9984.92 10079.4 10179.5 10353.8 10621.7 10891.8 11143.1 11281.4 11423.8 11569.3 11717.3 11866.5 12015.9 12163.9 12308.9 12448.4 12578.6 12693.3 12782.4 13284.3 13970.3 14662.7 15338.5
6257.33 6185.99 6114.65 6056.5 6014.7 5972.9 5946.12 5933.65 5921.18 5913.72 5909.91 5906.1 5903.25 5900.91 5898.58 5896.65 5894.89 5893.12 5930.63 5979.53 6028.44 6106.8 6190.73 6274.67 6360.33 6458.88 6553.85 6689.36 6824.97 6962.94 7185.31 7406.96 7632.24 7893.13 8154.06 8419.21 8704.07 8987.35 9250.4 9431.04 9502.44 9533.96 9497.32 9598.88 9688.13 9792.19 9896.16 10095.4 10423 10765.3 11062 11316.4 11451.3 11588.7 11727.7 11867.2 12005.7 12141.5 12271.7 12392.1 12494.2 12571.2 12764.8 12991.6 13615.7 14259.2 14927.5
6276.96 6207.17 6137.39 6081.03 6041.32 6001.61 5973 5954.98 5936.95 5923.9 5914.5 5905.09 5897.55 5891.04 5884.53 5881.66 5880.27 5878.88 5924.87 5984.61 6044.35 6125.29 6210.25 6295.21 6391.74 6492.56 6593.22 6722.8 6852.4 6984.27 7194.1 7403.18 7613.01 7835.07 8056.4 8280.04 8518.07 8752.83 8970.96 9144.42 9302.01 9417.12 9467.62 9548.97 9644.32 9755.6 9841.92 9870.11 10209.4 10597.4 10935.3 11234.6 11476.3 11606.4 11737.6 11868.7 11998.3 12124.5 12244.5 12354 12446.6 12530.5 12738.7 12940.7 13200 13881.8 14586
6278.96 6211.71 6144.46 6090.02 6051.47 6012.92 5984.69 5966.27 5947.86 5933.69 5922.6 5911.51 5902.43 5894.45 5886.47 5884.71 5885.5 5886.29 5940.06 6009.23 6078.4 6160.95 6246.03 6331.11 6440.04 6552.32 6664.84 6780.52 6895.7 7012.63 7191.75 7370.02 7548.29 7733.23 7916.94 8103.93 8312.91 8518.02 8707.11 8854.54 8991.02 9096.08 9148.76 9206.86 9278.37 9366.85 9437.8 9610.54 10025.2 10344.5 10718.8 11039.9 11347.9 11623.2 11747.6 11871.8 11994.4 12113.8 12227.7 12332.9 12425 12497.2 12664.6 12850.5 12985.8 13457.4 14157.9
6272.32 6208.08 6143.85 6091.4 6053.55 6015.7 5988.91 5972.65 5956.4 5943.27 5932.43 5921.58 5912.48 5904.36 5896.24 5896.6 5900.45 5904.3 5965.54 6043.45 6121.35 6205.02 6289.77 6374.53 6497.04 6624.55 6752.26 6850.35 6947.09 7044.85 7184.39 7323.04 7461.93 7610.83 7758.16 7911.38 8100.57 8285.99 8454.28 8576.93 8691.96 8779.6 8815.79 8850.86 8899.62 8970.7 9032.08 9235.1 9646.97 10124.1 10464.7 10839 11226 11639.1 11757.9 11876.4 11993.8 12108.6 12219.6 12325 12423.2 12513.3 12598.6 12749.4 12908.4 13173.2 13759.9
6265.67 6204.46 6143.24 6092.77 6055.62 6018.47 5993.13 5979.04 5964.94 5952.86 5942.25 5931.65 5922.54 5914.27 5906 5908.5 5915.41 5922.32 5991.02 6077.66 6164.3 6249.09 6333.52 6417.96 6552.68 6696.6 6839.93 6920.67 6999.14 7077.85 7177.95 7277.09 7376.83 7489.97 7601.44 7721.57 7892.04 8059.05 8208 8306.9 8400.38 8468.1 8483.96 8497.35 8526.63 8584.25 8637.48 8862.6 9319.14 9780.4 10224.6 10625.6 11051.5 11439 11768.3 11882.3 11995.5 12107.4 12217.1 12324.3 12429.3 12534.4 12645.9 12779.3 12960.9 13174.1 13404.2
6243.69 6191.15 6138.61 6093.96 6059.08 6024.21 5999.98 5985.88 5971.79 5957.89 5944.13 5930.36 5920.52 5912.85 5905.18 5911.55 5923.68 5935.81 6004.9 6090.52 6176.14 6260.69 6345.04 6429.39 6567.99 6714.38 6861.14 6936.84 7010.07 7083.38 7172.7 7261.08 7350.09 7453.43 7555.06 7666.21 7831.62 7994.05 8138.68 8232.88 8323.06 8388.75 8403.04 8415.14 8444.44 8505.11 8564.86 8806.92 9292.31 9787.77 10265 10607.6 11024.7 11407.9 11778.8 11888.8 11998.8 12108.2 12217.2 12325.8 12435.4 12548.8 12671.6 12812.5 12981.7 13179.4 13412.1
6216.22 6174.38 6132.54 6095.08 6063.04 6031 6007.76 5992.9 5978.04 5961.29 5943.16 5925.02 5914.18 5907.37 5900.57 5911.44 5929.57 5947.69 6014.63 6095.75 6176.86 6260.69 6345.04 6429.39 6567.99 6712.2 6858.63 6933.91 7006.66 7079.57 7168.52 7256.5 7345.15 7448.1 7549.45 7660.42 7825.95 7988.91 8134.75 8231 8324.26 8394 8413.17 8430.78 8466.55 8535.18 8605.07 8859.87 9360.8 9875.82 10381.1 10755.5 11052 11409.3 11703.3 11895.5 12002.4 12109.7 12217.5 12326.4 12437.7 12554 12679 12817.5 12974 13149.6 13344.9
6188.76 6157.62 6126.48 6096.2 6066.99 6037.79 6015.54 5999.91 5984.29 5964.69 5942.19 5919.68 5907.84 5901.9 5895.96 5911.33 5935.45 5959.57 6024.36 6100.97 6177.58 6260.69 6345.04 6429.39 6567.99 6712.2 6856.41 6931.47 7003.76 7076.52 7165.3 7253.11 7341.57 7444.42 7545.74 7656.89 7822.84 7986.64 8133.83 8232.14 8328.17 8401.46 8424.85 8447.36 8488.76 8564.02 8641.61 8905.12 9415.2 9938.88 10450.4 10812.5 11095.6 11447.4 11729.5 11901.7 12005.8 12110.7 12216.7 12324.5 12435.2 12550.5 12672.8 12804.5 12947.3 13100.1 13257.9
6183.33 6154.3 6125.28 6096.42 6067.78 6039.13 6017.08 6001.3 5985.53 5965.36 5941.99 5918.63 5906.58 5900.81 5895.04 5911.31 5936.61 5961.92 6039.47 6132.2 6224.92 6311.54 6397 6482.46 6609.24 6740.3 6871.36 6938.15 7003.1 7070.14 7158.82 7246.45 7333.42 7423.16 7511.51 7607.99 7750.45 7891.08 8019.05 8110 8199.28 8270.5 8302.06 8333.22 8383.27 8466.65 8552.69 8815.33 9311.19 9816.55 10296.5 10748.8 10930.4 11288.9 11610.3 11907.2 12008.3 12110.6 12214.2 12319.7 12427.9 12540 12657.2 12780.6 12910.5 13045.5 13182.3
6183.33 6154.3 6125.28 6096.42 6067.78 6039.13 6017.08 6001.3 5985.52 5965.36 5941.99 5918.63 5906.58 5900.81 5895.04 5911.31 5936.61 5961.92 6055.9 6169.83 6283.76 6374.91 6461.76 6548.6 6660.66 6775.32 6889.99 6948.62 7005.65 7063.85 7152.36 7239.84 7325.06 7398.62 7470.88 7549.15 7662.27 7773.87 7877.48 7958.67 8038.57 8106.06 8146.28 8186.51 8245.18 8336.15 8429.58 8687.56 9162 9642.23 10087.6 10495.5 10904.4 11091.5 11452.3 11771.3 12009.8 12109.1 12209.8 12312.2 12416.8 12524.4 12635.4 12750.2 12868.6 12989.3 13110.7
6183.33 6154.3 6125.28 6096.42 6067.78 6039.13 6017.08 6001.3 5985.53 5965.36 5941.99 5918.63 5906.58 5900.81 5895.04 5911.31 5936.61 5961.92 6072.33 6207.46 6342.59 6438.29 6526.51 6614.74 6712.07 6810.34 6908.62 6959.09 7008.19 7058.77 7146.94 7234.28 7317.83 7375.37 7431.65 7491.77 7575.63 7658.2 7737.39 7808.59 7878.86 7942.16 7990.56 8039.14 8105.64 8203.17 8302.85 8554.92 9007.05 9462.29 9875.39 10241 10590.2 10891.8 11279.5 11671.9 12010.2 12106.3 12203.6 12302.4 12402.9 12505.3 12609.8 12716.3 12824.2 12932.4 13039.6
5998.48 6009.02 6019.55 6022.28 6015.32 6008.36 5997.45 5982.77 5968.1 5948.46 5925.19 5901.92 5892.71 5891.29 5889.86 5911.26 5942.01 5972.76 6089.45 6231.09 6372.73 6465.4 6548.79 6632.18 6726.96 6822.92 6918.87 6971.79 7023.46 7076.15 7154.46 7232.78 7307.63 7365.07 7420.91 7478.15 7546.41 7613.58 7680.41 7749.06 7816.96 7879.35 7929.76 7980.54 8045.89 8136.4 8228.72 8453.97 8853.45 9254.9 9630.77 9978.1 10319.5 10684.4 11109.2 11589.5 11917.6 12102.2 12196.1 12291 12387 12484.2 12582.3 12681 12779.5 12876.6 12970.5
5785.54 5841.65 5897.76 5936.86 5954.89 5972.92 5974.84 5961.43 5948.02 5928.98 5905.83 5882.68 5876.73 5880.31 5883.89 5911.19 5948.23 5985.26 6106.67 6252.59 6398.51 6487.01 6564.62 6642.23 6736.3 6832.08 6927.85 6984.82 7040.67 7096.94 7163.93 7230.92 7297.27 7358.15 7415.37 7471.92 7526.81 7580.77 7636.92 7703.85 7770.27 7831.92 7883.12 7934.72 7997.18 8078.19 8160.82 8355.96 8698.6 9042.95 9382.82 9717.35 10052.2 10439.4 10882.3 11319.4 11645.7 11969.7 12187.4 12278.4 12370 12462.1 12554.3 12646 12736.3 12823.9 12906.9
5572.61 5674.28 5775.96 5851.45 5894.46 5937.47 5952.24 5940.09 5927.94 5909.5 5886.47 5863.44 5860.76 5869.34 5877.92 5911.13 5954.44 5997.76 6123.9 6274.1 6424.3 6508.62 6580.44 6652.27 6745.64 6841.24 6936.84 6997.85 7057.88 7117.73 7173.39 7229.05 7285.41 7347.81 7410.21 7466.11 7508.12 7549.4 7594.34 7659.18 7723.82 7784.44 7836.03 7888.11 7947.24 8018.4 8091.03 8256.01 8542.01 8829.89 9134.58 9456.3 9780.57 10176.2 10645.5 11060.4 11384 11698.7 12007.7 12265.2 12352.6 12439.9 12526.7 12612.3 12695.8 12775.8 12850.7
5350.16 5484.09 5618.01 5720.43 5783.8 5847.16 5873.73 5865.25 5856.77 5843.96 5827.98 5811.99 5816.99 5833.61 5850.23 5888.05 5934.56 5981.06 6106.29 6254.37 6402.46 6486.03 6557.37 6628.72 6719.72 6812.76 6905.81 6970.08 7033.52 7096.62 7150.91 7205.19 7260.74 7327.2 7393.65 7456.64 7502.55 7548.47 7590.1 7644 7698.48 7752.36 7805.41 7858.88 7917.82 7985.95 8055.55 8208.92 8472.15 8737.46 9022.14 9326.84 9635.65 10010.2 10410.9 10802.2 11117.4 11419.4 11708.2 12042.7 12334.4 12418.2 12500.3 12580.7 12658.7 12733 12802.2
5127.05 5292.27 5457.49 5586.18 5669.57 5752.95 5791.26 5786.62 5781.99 5775.15 5766.7 5758.25 5771.25 5796.13 5821.01 5863.34 5912.82 5962.3 6086.21 6231.72 6377.24 6460.31 6531.54 6602.77 6691.3 6781.62 6871.94 6939.41 7006.22 7072.53 7126.15 7179.77 7235.16 7305.85 7376.55 7443.4 7491.4 7539.4 7587.66 7630.32 7674.76 7721.16 7775.53 7830.16 7888.81 7954.11 8020.9 8163.82 8406.5 8651.33 8916.58 9202.8 9493.09 9817.61 10179.6 10541.6 10845 11128.2 11405.9 11732.5 12046.6 12333.8 12475.5 12551.6 12625.2 12695.3 12760.7
4903.93 5100.45 5296.97 5451.92 5555.34 5658.75 5708.79 5707.99 5707.2 5706.33 5705.42 5704.52 5725.52 5758.65 5791.79 5838.63 5891.09 5943.54 6066.13 6209.08 6352.02 6434.59 6505.71 6576.83 6662.88 6750.48 6838.07 6908.74 6978.92 7048.45 7101.4 7154.35 7209.58 7284.51 7359.44 7430.17 7480.25 7530.33 7577.43 7614.86 7652.29 7689.46 7745.39 7800.64 7858.72 7920.79 7984.49 8116.78 8338.71 8562.39 8807.84 9074.7 9330.95 9624.98 9948.3 10271.6 10561.8 10832.8 11103.6 11414 11719.7 12026.5 12311.4 12525.1 12595.3 12662.2 12725
