data/map/mmio7.asc
ncols         217
nrows         146
xllcorner     6.39591e+006
yllcorner     1.68973e+006
cellsize      1135.85
NODATA_value  -99999
[rows 30 to 59 of 146, columns 67 to 133 of 217]
17393.6 17397.5 17393.5 17347.4 17301.3 17253.1 17177.8 17091.2 17033.6 16982.2 16941.8 16906.6 16849.3 16811.4 16778.4 16745.6 16690 16538.1 16429.8 16295.1 16117.1 15887.7 15558 15238.3 14931.9 14587.9 14249.8 13944.9 13470.8 13190.7 12946.6 12744.4 12590.1 12454.4 12391.4 12365 12390.5 12410.5 12441 12481.4 12501.1 12504.2 12514.2 12540 12590.8 12644.4 12710.5 12789.6 12887.1 13029.6 13149.6 13274.9 13395 13497.1 13544.4 13599.6 13577.4 13501.9 13326.3 13069.6 12725.4 12398.7 11943.4 11602.7 10916 9935.1 9235.43
17544.3 17542.4 17509.3 17449 17419.7 17384.4 17294.4 17245.4 17209 17177.1 17152.5 17132.2 17099.8 17080.7 17067.5 17056.8 17026.6 16883.2 16797.6 16701.4 16549.4 16350.2 15979.9 15586.9 15274 14924.7 14589.3 14291.7 13777.7 13461.2 13183.2 12941.6 12739.7 12528.6 12449.7 12398.3 12415.6 12416.3 12433.4 12478.7 12502.7 12513.3 12529.8 12560.7 12617.6 12676.5 12749 12836.6 12944.6 13136.2 13278.3 13419.9 13557.6 13683.2 13770.8 13846.9 13848.8 13795.3 13698.6 13498.2 13220.2 12831.3 12474.4 12241.5 11596.2 10744.8 9999.23
17603.6 17611.2 17561.4 17546.4 17545 17510.2 17446.3 17436.6 17428 17420.3 17414.3 17409.4 17401.5 17397.4 17395.6 17395.9 17382.2 17211.1 17160.7 17114.9 16988.1 16824.8 16615.6 16334.4 16056.5 15746.7 15408.9 15117 14521.1 14144.1 13815.8 13508.7 13223.3 12859.2 12678.8 12581.3 12554.3 12485.1 12474.2 12507.4 12536.8 12571.6 12600.3 12639 12706.3 12774.7 12858.8 12961.7 13085.1 13303.5 13454.1 13601.8 13739.7 13865.3 13919.9 14004.6 14020.8 13986.3 13894.6 13711.8 13435.9 13050 12683.2 12531.3 12167.3 11133.2 10432.5
17741.5 17790.5 17769.3 17758.3 17747.7 17709.4 17684.8 17695.2 17707.7 17720.9 17734.8 17756.1 17777.2 17795.8 17810.2 17812.3 17770 17614.4 17609 17592.8 17459.7 17351.8 17266.2 17046.5 16867.1 16680.6 16397.6 16077.2 15429.6 14997.8 14641.9 14271.3 13915.4 13443.6 13184.7 13002.4 12876.1 12757.8 12688.7 12681 12700.2 12721.9 12742.4 12778.2 12849.6 12923.8 13014.7 13127.3 13264.2 13508.2 13678.8 13848.6 14002.6 14130.5 14186.6 14289.8 14323.6 14305.3 14234.6 14091.6 13865.4 13530.3 13148.3 12986.4 12630.3 11830.2 11278.6
17854.8 17968.6 17991.2 18003.4 18003.9 17987.5 17974.6 17985.7 18004.4 18028.1 18056.5 18104.1 18151.5 18193.5 18226.9 18240.7 18212.3 18140.1 18123.9 18078.3 17965.3 17897.2 17824.4 17653.6 17599.9 17535.5 17310.7 17090.9 16537.8 16103.6 15687.5 15238.3 14812.3 14244.2 13899.6 13633.2 13424.6 13255.3 13096 13025.5 12992.9 12974.2 12967.3 12988.9 13057.3 13131.9 13221.6 13336.2 13482.1 13729.7 13921.5 14120.9 14316.8 14468.3 14523.4 14600.8 14641.5 14639.5 14584.5 14471 14290 14007.4 13650 13481 13081.6 12426.9 11973.1
17872.6 18083.5 18161.3 18217.8 18254.8 18272.2 18287.2 18305 18330.8 18364.6 18406.8 18477.3 18544.5 18601.8 18649.7 18683.3 18695.6 18682.7 18665.8 18622.4 18548.9 18481.7 18367.8 18273.2 18223.2 18161.5 18029.5 17905.6 17549.6 17228 16865.1 16428.3 15976.9 15262.4 14810.4 14465.2 14169.7 13927.3 13656.1 13502 13400.9 13327.7 13281.2 13279.6 13338.8 13406.2 13475.7 13582.6 13735.5 13959.3 14171.7 14409.7 14648.4 14834.6 14880.5 14905.7 14936.3 14935.8 14872.3 14789.6 14659.3 14447.5 14165.9 14022.7 13650.7 12889.1 12544.5
17782.2 18105.7 18247.1 18361.8 18452.3 18518.2 18588.7 18630.8 18675.9 18727.9 18788.6 18882.1 18963.7 19026.7 19078 19124.8 19166.5 19184.9 19176.1 19150.2 19105.3 19043 18919.6 18836.3 18770.5 18703.1 18616.3 18511.4 18279.6 18065.3 17867.5 17493.7 17034.1 16468.5 16056.7 15283.1 15090.2 14702 14367.7 14113.2 13940.8 13805.7 13707.2 13671.3 13715.4 13760.2 13785.3 13874.7 14034.9 14221.2 14439.8 14700.1 14963 15121.8 15199.6 15208.4 15199.8 15141.9 15066.9 15011.6 14954 14800 14595 14507.6 14155.1 13447.9 13032.8
17611.8 18032.7 18242.5 18420.9 18572 18696.1 18845.1 18928.5 19007.6 19087.9 19172.9 19290.9 19385.6 19448.5 19488.8 19536.5 19600 19621.2 19616.7 19609.4 19350.8 19292.7 19165.4 19081.3 19009.6 18938.6 18857.8 18705 18797.6 18696.1 18554 18180.7 17731 17303.5 16898.3 16497.9 16071.1 15687.4 15342.5 14988.3 14679.8 14475 14288.5 14225.4 14243.8 14221.8 14159 14227 14394.7 14228 14458.8 14757.3 15025.8 15171.4 15230.5 15222.7 15214.1 15156.2 15080.3 15014.6 14946.3 14787.5 14575.6 14490.9 14222 13484.6 13100.5
17462.3 17966.9 18210.9 18419.1 18598.4 18750.8 18941.5 19048.5 19147.3 19243.6 19341 19469.1 19569.5 19633.3 19662.5 19704.6 19783 19799 19795.5 19793.9 19789 19734.7 19601 19517.1 19445.3 19368.9 19289.1 18956.1 18866.2 18717.5 18549.4 18356.5 18116.6 17816.1 17398.9 16571 16238.5 15812.2 15493.5 15203.4 14927.4 14683.6 14506.7 14376.2 14270 14212.2 14191.8 14223 14396.9 14558 14772.3 15052 15344.4 15524.6 15591.7 15555.5 15487.6 15385.4 15276.4 15183.6 15132.2 15043.1 14926.6 14866.6 14608.4 14053.2 13641.4
17169.5 17793.4 18096.4 18362.2 18596.3 18806.3 19087.6 19247.9 19391.3 19522 19643.9 19781.8 19882.6 19960.4 19966.9 19976 20075 20127.6 20132.3 20129 20109.4 20018.6 19920.3 19846.3 19798.3 19720.6 19643.9 19442.6 19343 19196.2 19046.1 18892.7 18723.4 18510.5 18240.8 17627.8 17469.8 17066.8 16633 16166.4 15757.7 15478.6 15276.2 15113.4 15000.9 14873.3 14794.6 14779.1 14915.5 15026.7 15239.8 15538.9 15803.7 15951.3 15992.5 15863.3 15754.6 15619 15486.3 15380.6 15301.9 15218.4 15124.5 15093.9 14877.5 14503.6 14155.6
16801.1 17544 17921 18234.3 18512.7 18775.6 19146.8 19360.8 19548 19709.6 19848.9 19965.8 20050.9 20142.5 20199.6 20239.5 20325.4 20415.5 20431.5 20418.5 20367.6 20269.9 20125.3 20073.3 20023.4 19964.2 19902.2 19771.5 19689 19548.8 19406.4 19267.7 19128 18958.3 18723.9 18392.2 18241.3 18026.5 17743.4 17411.8 17049.7 16742.4 16423.2 16237.3 16086.5 15777.9 15531.8 15476.9 15625.3 15796.9 15999 16227.3 16392.3 16429 16413.7 16106 15940.3 15777.1 15617.3 15491.9 15397.3 15301.7 15214.4 15192.8 15087.5 14811.9 14518.7
16374.7 17263.1 17686.6 18024.7 18339.6 18653.6 19115 19382 19611.5 19800.2 19942 20068 20189.1 20306.1 20406.8 20490.8 20583.3 20679.6 20702.4 20687 20630.9 20539.5 20384.5 20301.3 20217.5 20139.6 20091.9 20004.5 19940.1 19822.3 19696.2 19571.5 19451.4 19325.4 19193 18908.8 18830.5 18659.4 18463.2 18240.5 18003 17806.4 17551.4 17392.3 17162.6 16885.5 16654.7 16535.5 16586.6 16697.3 16831 16952.2 17009.8 16906.8 16815.8 16293.4 16061.2 15859.9 15676.6 15539.3 15439.5 15346.6 15276.3 15258.3 15208.8 15018.7 14763.4
15944.2 16819.2 17318.6 17717.3 18074 18463 18992.9 19313.2 19588.2 19812.3 19983.3 20153.8 20317.1 20462.5 20595.5 20710.7 20817.4 20920.9 20950.3 20940.8 20892.6 20812 20660.1 20560.4 20459.2 20354.9 20240.5 20134.6 20110.3 20019.4 19919.8 19817.3 19718.7 19618.3 19498.8 19274.6 19232 19104.4 18961.2 18802.3 18638.2 18473.4 18288.8 18112.1 17911.4 17722.7 17514.9 17436.2 17442.9 17460.8 17460.8 17476.4 17448.5 17213.2 17073.9 16383.8 16094.6 15861.2 15659.7 15517.4 15422.7 15340.3 15288.8 15266 15177.7 14943.9 14674.5
15537.7 16321.5 16884.3 17376.1 17746.6 18361 18789.5 19160.8 19490.2 19765.4 19979.8 20226.9 20430 20601.1 20759.3 20897.3 21019.5 21099.3 21135.9 21135.2 21098 21029 20886.7 20783.6 20675.4 20560.2 20370.7 20231.7 20166.3 20091.4 20006.6 19918.2 19831 19745.3 19652.5 19442.8 19390.3 19284.3 19160.9 19022.8 18877.6 18725.5 18557.1 18383.2 18203.3 17994.6 17826.3 17744.6 17719.2 17690.1 17615.4 17564.4 17473.2 17255.3 17112.3 16374 16061.4 15815.8 15613.3 15472.2 15383.7 15310.2 15269.2 15238.7 15124.7 14829 14562.2
15182.9 16083.9 16664 17208.7 17584.8 18097.9 18669.4 19062.2 19421.9 19731.2 19976.8 20255.5 20476 20658.1 20826.4 20973.6 21103.4 21227 21271 21279.4 21252.7 21194.7 21064 20963.4 20854.6 20736.9 20609.5 20441.8 20353.7 20216.2 20124.1 20068.4 20003.8 19950.2 19885.7 19735.1 19690.8 19603.1 19490.9 19381.1 19259.7 19126.7 18976.4 18811.6 18643.3 18402.4 18259.7 18146.9 18043.3 17898.6 17742.7 17612.2 17480.8 17239.2 17087.9 16275.1 15926.3 15665.7 15469.7 15346.1 15277.6 15228.4 15203.5 15172.6 15032.4 14705.1 14417.4
14816.3 15572 16141.2 16729.7 17256.6 17785.4 18366.8 18798 19231.1 19635.7 19969.5 20300.1 20552.5 20756.8 20944.3 21109 21255.4 21398.3 21456.1 21479.9 21470.8 21430.6 21322 21229.6 21125.1 21009.2 20882 20671.2 20583.4 20442.8 20295.1 20192.3 20128.5 20062.9 20054.4 19949.5 19928.5 19863.9 19768.4 19675.8 19563.5 19445.7 19306.5 19144.7 18967.9 18687.6 18519.9 18356.6 18178.3 17956 17706.6 17528.8 17407.7 17129.3 16946.2 16060.4 15686.1 15432.7 15272.3 15182.4 15149 15127.9 15125.6 15107 14915.6 14593.3 14313.3
14372.9 15111.8 15603.1 16213.8 16816.1 17407.9 17999.2 18501.2 18984 19510.9 19926.2 20296.6 20592.4 20821 21026.3 21207.3 21371.5 21538.2 21612.4 21653.4 21662.5 21641.1 21557.4 21476.9 21380.9 21271.3 21149.3 20943 20797.9 20671.8 20536 20409.9 20320.4 20232.1 20171.3 20074.9 20027.3 20022.9 19946.6 19881 19797.5 19698.4 19573.4 19414.6 19225 18896.3 18683.6 18467.5 18224.4 17946.8 17662.4 17481.6 17260.3 16935.3 16733.5 15786.7 15392.4 15174.5 15085 15023.4 15020.3 15014.7 15040.4 15026.1 14814.6 14520.5 14236
14139.8 14671 15144.2 15717.3 16341.2 17048.7 17613.4 18175.4 18705.8 19287.7 19775.3 20244.8 20591.7 20843.9 21066.6 21264.5 21448.6 21643.3 21736.8 21796.5 21824.2 21821.4 21764 21697.4 21612.4 21511.8 21397.7 21202.6 21063 20919.1 20776.6 20644.5 20556.6 20455.2 20370.9 20222.5 20185.2 20121.6 20056.2 19988.5 19940.5 19877.5 19775.7 19625.2 19422.5 19042 18777.6 18515.2 18227.3 17926.5 17622.1 17371.8 17100.1 16735 16518.4 15581.4 15189.9 15006.3 14952.1 14915.7 14875.2 14843.3 14840.6 14849.5 14716.5 14440.1 14105.6
13719.8 14213.5 14696.9 15235.8 15864.9 16573.7 17279.2 17834.8 18441 18974.6 19596.6 20128.4 20535.7 20815 21058.1 21276.7 21484.4 21711.3 21826.3 21906.1 21952.7 21968.1 21937.1 21885.7 21813.8 21724.5 21620.3 21439.5 21309.4 21173.8 21036.7 20905.6 20787.6 20690.4 20604.1 20445.7 20380.8 20292.5 20213.1 20127.3 20047.5 19973.7 19915.3 19775.3 19559.9 19128.6 18820.8 18514.4 18200.4 17903.8 17621.1 17326.7 16980.8 16569.2 16341.4 15424.9 15041.7 14886.2 14823.3 14771.2 14712.1 14644.3 14591.4 14585.7 14472.3 14197.4 13852.4
13560.2 13771.8 14260.9 14820.8 15429.6 16156.4 16907.9 17421.6 18018.7 18653.6 19249.4 19902.2 20408.5 20720.3 20991.9 21243.6 21475.7 21739.2 21877.7 21978.9 22044.7 22077.9 22072.8 22037.3 21980.2 21904.4 21812.5 21648.8 21530 21405.8 21278.7 21154.6 21028.8 20937.5 20849.2 20646.1 20598.8 20492.9 20383.1 20279.9 20171.5 19976 19906.6 19771.3 19554.4 19121.4 18820.4 18513.2 18195 17892.4 17605.7 17308.1 16962.7 16553.4 16326.9 15345.9 14974.5 14866.6 14806 14756.6 14701.9 14633.7 14569.3 14520.1 14313.7 14042.3 13698.5
13404.2 13483.8 13968.7 14538 15139.5 16147.8 16776.7 17265.6 17833.3 18503.6 19249.4 19710.2 20281.7 20611.7 20920 21243.6 21454.5 21736.7 21887.1 21999 22074.3 22115.9 22122.7 22094.9 22045.2 21976.4 21891.2 21736.7 21623.8 21505.5 21384.2 21264.6 21126.4 21042.4 20938.8 20828 20709.5 20583.8 20404.4 20286.9 20212.9 20059.7 19957.5 19855.2 19631.5 19147.7 18798.2 18445.6 18104 17824.1 17587.3 17281.2 16876.1 16428.5 16198.2 15289.3 14959.3 14804.6 14710.2 14624.4 14537.4 14426.8 14315.4 14261.4 14130.7 13859.1 13624
13314.9 13441.8 13612.8 14173.3 14801.5 15807.1 16394.1 16942.8 17501.4 18070.8 18776.6 19439.3 20047.6 20419.2 20772.7 21179.9 21414.4 21693.3 21871.4 22008 22104.7 22165 22197.5 22185.9 22152.4 22099.7 22030.1 21897.8 21798.5 21693.9 21585.7 21477.6 21349 21230 21125.4 21008.5 20881.3 20743.5 20621.4 20474.5 20335 20169.9 20020.6 19904.6 19669.8 19129.7 18729.2 18322.6 17940.7 17673.2 17520.7 17224.7 16772.7 16313.7 16092.1 15241.2 14954.6 14802 14655.4 14509.7 14369.7 14207.1 14039.7 13975.7 13827.7 13531.4 13412.2
13231.6 13355.7 13499.8 14051.1 14705.3 15525.2 16159.3 16637.3 17172.5 17706.7 18299.9 18962.5 19615.7 20124.1 20548 21045.6 21315.7 21587.5 21798.5 21964.2 22085.5 22166.7 22226.8 22232.3 22215.8 22180.4 22128.4 22021.6 21937.8 21848 21754.4 21659.4 21543.3 21424.5 21314.9 21186.7 21052.8 20905.5 20767.5 20607.4 20432.1 20268.2 20118.7 19937.9 19674.2 19112.4 18671.3 18216.7 17799.9 17471.5 17324.8 17025.1 16609.8 16182.6 15979.5 15236.3 15004 14843.5 14625 14417.6 14230.5 14023.2 13813.1 13727.8 13545.4 13184.3 13053
13144.9 13249.5 13359.5 13490.8 14570.8 15338.4 15911.4 16355 16806.6 17317.4 17961.8 18459.5 19124.5 19772.8 20252.3 20954.4 21244 21493.8 21693.8 21858.8 22009.1 22114.7 22206.7 22231.5 22234 22217.5 22184.5 22106.3 22039.9 21966.3 21888.1 21807.3 21706.1 21599.3 21511.1 21415.2 21272.6 21119.6 20955.1 20776.8 20565.8 20366.5 20157.9 19951.5 19676.1 19122.4 18658.4 18174.3 17730.2 17441.2 17202.6 16899.7 16508.1 16107.4 15917.1 15233.1 15021.1 14842.9 14603 14369.8 14165.3 13942 13718.4 13627.4 13425.6 13030.2 12876
13059 13138.1 13198.1 13206.5 14149 14792.7 15483.6 16009.3 16425.8 16905.6 17459.1 18039.5 18638.6 19280.8 19920.7 20682.8 21016.9 21323.9 21557.8 21740.7 21879.2 22002.5 22133 22180.9 22205.7 22211 22199.2 22152.1 22104.9 22048.9 21986.9 21921.2 21836.1 21743.6 21664.2 21574.3 21470.4 21348.7 21124.6 20953.2 20710.9 20484.5 20252.2 19951.8 19728.9 19155.7 18670.1 18152.1 17667 17308.8 17002.4 16682.4 16327.2 15965.8 15794.7 15197.7 15012.9 14826.5 14550.3 14278.1 14039.8 13787.6 13542.8 13444.9 13223.4 12800.6 12650.5
12982.3 13045.6 13088.2 13094.6 13354.5 14190.3 14744.6 15406.1 16033.1 16459.5 17015 17598.3 18227.2 18901.3 19583.9 20330.7 20731 21117.7 21377.3 21591.9 21758.4 21879.7 22003.3 22079.5 22131.1 22161.8 22174.1 22161.4 22135 22097.8 22052.9 22002.6 21934.4 21857.6 21788.7 21707.7 21605.7 21487.9 21264.9 21057.4 20831.9 20597.1 20354.2 20046.7 19741.4 19251.1 18760.2 18213.7 17684.6 17251.3 16901.7 16567.6 16231.6 15870.9 15693.8 15123.1 14931.6 14638.4 14399.3 14181.6 13915.6 13649.6 13396.9 13297.2 13071.6 12661.5 12537.6
12917.9 12974 13014.4 13034.7 13036.8 13241.7 14101.3 14692.6 15452.8 15936.6 16499.8 17066.8 17733.2 18437.1 19160.5 19955.7 20418.3 20830.6 21125.3 21373.4 21571.9 21724.2 21920.3 22012.1 22078.5 22123 22148.2 22153.5 22137.9 22110.4 22074 22031.3 21971.5 21902.5 21839.3 21763.4 21668.8 21554.7 21335.2 21170.7 20962.9 20729.6 20482.7 20178.6 19839.1 19445.3 18987.9 18390 17784.1 17311 16944.5 16593.2 16225.6 15849.8 15654.6 15053.7 14791.6 14483.6 14242.3 13978.4 13682.5 13519.8 13309.2 13217.2 13001.8 12638.6 12546.6
12864.6 12918 12960.8 12993.2 13020.9 13060.9 13183.8 14043.2 14726.1 15473.9 16101.1 16525.9 17212.8 17942.7 18941 19546.3 20043.5 20476.2 20809.1 21094.7 21328 21512.9 21715.5 21841.8 21940.3 22015 22068.3 22112.6 22119.9 22112.8 22094.3 22067.6 22024.8 21971.8 21920.3 21855.9 21774.3 21670.2 21463.1 21296.2 21102.5 20878.4 20636.5 20346 20031.2 19665.8 19232.5 18738.2 18246.5 17523.8 17135.5 16767.9 16368.1 15935.5 15715.3 15225.5 14858.2 14515.1 14277.8 14024.6 13733.3 13469.4 13232.1 13167.8 12975.2 12666.8 12548.3
12820.2 12872.7 12917.7 12956.2 12992.8 13036 13098 13191.7 13804 14687.3 15436.5 15901.7 16655.7 17415.4 18293.6 18950.3 19609.5 20059.3 20433.5 20761.1 21033.5 21253.5 21466.9 21653.9 21799.5 21909.6 21985.2 22038.5 22070.8 22085.9 22086.8 22076.7 22051.7 22015.3 21976.1 21924.4 21856 21765 21576.5 21421.8 21247.3 21037.7 20806.2 20533.9 20246.1 19914.9 19515.6 19045.7 18555.5 18050.9 17445.8 17068.9 16645.2 16152.5 15791.3 15353.7 14948.2 14573.2 14335.4 14092.6 13805.1 13561.2 13347.9 13160 12981.1 12726 12587.7
12782.8 12834.9 12880.9 12921.4 12957.9 12992.4 13143 13265.4 13367.1 13893.4 14728.4 15216.9 15965.7 16856.8 17730.6 18428.1 19122.7 19574.7 19984.9 20354.3 20668.9 20931.1 21188.2 21421.7 21609.9 21760.9 21872.2 21955.1 21990.2 22026.7 22048.4 22056 22049.5 22030.2 22004 21965.9 21912 21836.2 21671.2 21532.4 21368.9 21173 20952.2 20694.8 20431.1 20132 19852.7 19433.2 18837.3 18324.4 17818.9 17436.4 17000.1 16488.6 15951.3 15449.2 14996.9 14601.8 14365 14135.9 13850.4 13613 13402.1 13193.2 13018.1 12769.6 12605.3
