data/map/mohn8.asc
ncols         217
nrows         146
xllcorner     6.39591e+006
yllcorner     1.68973e+006
cellsize      1135.85
NODATA_value  -99999
[rows 30 to 59 of 146, columns 0 to 66 of 217]
5051.57 5114 5176.44 5227.62 5264.84 5302.06 5302.75 5268.63 5234.52 5222.5 5226.61 5230.72 5260.69 5304.97 5349.25 5463.84 5607.24 5750.65 5918.61 6093.7 6268.8 6458.25 6650.42 6692.45 6895.87 6922.21 6938.08 7223.32 7819.74 8064.95 8094.48 8083.31 8037.37 7979.25 7908.03 7822.31 7720.61 7695.6 7728.06 7827.02 7922.67 8032.59 8139.18 8240.92 8338.35 8443.89 8571.24 8741.63 8936.66 9245.75 9525.08 9790.94 10019.2 10187.9 10425.7 10716.4 11497.5 12121.6 12654.8 13069.3 13598.1 14391 14759.9 15264.4 15487.3 15759.7 15937.7
5102.24 5141.44 5180.64 5213.11 5237.24 5261.37 5262.55 5241.88 5221.22 5217.58 5226.4 5235.21 5273.35 5327.74 5382.13 5488 5614.99 5741.98 5891.35 6047.22 6203.09 6358.82 6514.52 6670.22 6804.29 7023.63 7042 7062.71 7117.49 7649.09 7971.47 8094.33 8048.95 7992.71 7924.46 7843.42 7748.06 7637.38 7745.72 7840.96 7894.77 8047.29 8188.79 8312.4 8425.34 8537.93 8647.67 8785.84 8955.01 9148.99 9409.59 9634.88 9852.75 10061.1 10408.5 10576.1 11164.7 11651.3 12249.2 13003.4 13782.5 14168.1 14745.4 15290.9 15511.3 15850.1 16074.5
5152.9 5168.87 5184.83 5198.6 5209.64 5220.67 5222.36 5215.14 5207.92 5212.67 5226.18 5239.69 5286.01 5350.51 5415 5512.17 5622.74 5733.31 5864.08 6000.73 6137.38 6259.38 6378.61 6497.84 6788.04 6921.04 6960.76 7166.73 7192.39 7220.8 7319 7741.85 8071.6 8017.96 7954 7878.53 7791.21 7690.95 7774.46 7898.37 7991.54 8075.38 8253.19 8396.6 8523.79 8636.18 8694.71 8809.34 8948.32 9121 9314.56 9519.35 9708.52 9907.97 10264.3 10419.4 11011 11795.3 12387.2 13029.4 13599.4 14115.4 14683.5 15227.2 15544.8 15874.7 16100.1
5198.75 5196.34 5193.94 5192.76 5193.1 5193.43 5193.5 5193.33 5193.16 5203.32 5221.02 5238.72 5288.62 5356.36 5424.09 5509.53 5602.23 5694.92 5805.53 5921.34 6037.15 6128.54 6215.29 6302.04 6497.89 6705 6912.12 7087.31 7266.9 7326.81 7360.47 7397.34 7611.45 7668.49 7725.53 7960.76 8041.65 7993.46 7969.61 7984.57 8099.46 8222.5 8353.96 8494.34 8643.84 8785.91 8687.06 8807.02 8909.82 9076.65 9268.95 9455.95 9615.28 9774.36 10093.4 10525.3 10895 11541.8 12336.8 12940.4 13482.7 14038.8 14588.3 15070.5 15500.9 15907 16203.4
5237.59 5223.88 5210.17 5199.5 5192.6 5185.69 5181.09 5178.7 5176.3 5187.52 5208.68 5229.84 5276.66 5337.68 5398.71 5468.02 5540.73 5613.45 5701.6 5794.25 5886.89 5952.15 6012.22 6072.29 6227.69 6392.93 6558.18 6935.65 7218.03 7271.79 7465.63 7504.6 7547.03 7593.12 7855.07 8070.91 8252.63 8262.67 8267.04 8224.35 8195.64 8317.95 8448.11 8586.32 8732.68 8887.14 8763.68 8823.09 8807.83 9006.55 9245.28 9486.81 9721.58 9991.38 9844.76 10294.6 10912 11269.3 11791.8 12566.3 13352.4 13932.2 14474.8 14974.3 15404.3 15864.8 16266.1
5276.43 5251.42 5226.41 5206.25 5192.1 5177.95 5168.68 5164.06 5159.44 5171.72 5196.34 5220.96 5264.69 5319.01 5373.32 5426.51 5479.24 5531.97 5597.68 5667.15 5736.62 5775.76 5809.15 5842.54 5957.49 6080.86 6204.23 6534.91 6871.55 7210.58 7411.7 7510.78 7652.79 7700.8 7875.06 8108.28 8372.72 8517.86 8611.06 8491.16 8382.3 8405.9 8534.48 8670.39 8813.7 8964.13 9121.44 9078.03 9277.31 9414.87 9580.36 9740.49 9916.98 10114.8 10325.4 10607.5 10837 11184.5 11508 12146.2 12874.3 13542.9 14206.5 14816.8 15253.2 15716.9 16209.3
5326.49 5288.4 5250.31 5218.89 5195.74 5172.58 5158.45 5152.91 5147.37 5160.17 5186.37 5212.56 5251.73 5298.1 5344.46 5384.73 5422.49 5460.26 5510.56 5564.51 5618.45 5649.85 5676.97 5704.08 5796.92 5896.54 5996.17 6280.66 6570.46 6863.23 7231.56 7554.61 7623.93 7804.58 7858.14 8071.66 8272.08 8565.43 8838.54 8749.29 8643.19 8551.52 8613.75 8747.41 8887.7 9034.64 9187.63 9346.32 9509.61 9676.7 9846.08 10008.9 10144.9 10309.2 10544.5 10744.2 10978.4 11262.9 11593.5 11975.5 12532 13131.9 13832.1 14598.6 15076.5 15572.2 16025.6
5389.01 5335.87 5282.73 5238.09 5203.97 5169.85 5150.64 5145.64 5140.63 5153.35 5179.02 5204.69 5237.67 5274.71 5311.75 5342.64 5371 5399.37 5442.11 5489.02 5535.93 5579.98 5623.48 5666.98 5758.07 5854.07 5950.07 6189.05 6432.14 6678.86 7018.03 7357.2 7694.81 7774.49 7853.82 8018.46 8055.87 8498.98 8902.79 9004.23 8917.47 8840.5 8742.68 8817.86 8955.51 9099.08 9248.57 9403.23 9562.87 9726.5 9893.96 10064.7 10239.6 10420.6 10612.1 10821.1 11056.5 11325.3 11627.8 11918.5 12314.3 12811.4 13458.1 14191.4 14866.6 15337.4 15786.6
5451.53 5383.34 5315.16 5257.29 5212.2 5167.12 5142.83 5138.36 5133.89 5146.53 5171.67 5196.81 5223.61 5251.33 5279.04 5300.55 5319.52 5338.48 5373.65 5413.53 5453.41 5510.11 5570 5629.88 5719.22 5811.6 5903.98 6097.44 6293.82 6494.48 6804.5 7114.52 7424.25 7731.54 7926.44 8010.96 8181.09 8470.8 8839.23 9178.56 9161.8 9117.1 9028.37 9010.35 9002.18 9158.12 9304.2 9455.72 9611.92 9772.98 9938.32 10108.6 10284.4 10468 10662.1 10871.7 11101.2 11354.2 11630.8 11928.1 12238.1 12590.5 13081.1 13990 14627.5 15117.7 15598.4
5488.68 5413.8 5338.93 5275.51 5226.29 5177.07 5150.95 5146.85 5142.75 5153.31 5174.59 5195.86 5216.26 5236.18 5256.1 5270.06 5281.57 5293.07 5323.33 5359.03 5394.72 5459.4 5529.56 5599.72 5685.57 5773.04 5860.5 6026.18 6194.11 6366.47 6652.03 6937.58 7224.93 7527.81 7830.7 8079.01 8168.36 8345.25 8708.08 9003.18 9290.1 9257.47 9162.28 9102.82 9205.54 9211.65 9355.01 9503.24 9656.74 9814.87 9978.28 10146.8 10321.9 10504.4 10697.1 10902.2 11122.5 11359.4 11613.1 11882 12164.2 12459.1 12798.9 13498.5 14140 14847.8 15344.1
5504.19 5429.75 5355.31 5292.89 5245.36 5197.84 5172.67 5168.81 5164.94 5171.71 5186.27 5200.82 5214.65 5228.07 5241.5 5249.46 5255.17 5260.88 5288.48 5322.43 5356.38 5425.03 5500.26 5575.49 5656.36 5737.81 5819.27 5972.28 6127.34 6286.56 6551.66 6816.76 7086.4 7395.47 7704.53 8029.61 8231.43 8337.17 8510.1 8802.15 9021.26 9195.57 9298.38 9274.5 9253.95 9260.33 9400.59 9546.22 9696.53 9852.19 10012.7 10179.1 10351.4 10531.3 10719.4 10917.8 11127.1 11348.1 11580.1 11822.8 12068.5 12241.7 12705.5 13165.3 13792.2 14445.7 14969.6
5519.69 5445.69 5371.69 5310.27 5264.44 5218.61 5194.4 5190.76 5187.12 5190.11 5197.94 5205.77 5213.03 5219.96 5226.9 5228.85 5228.77 5228.69 5253.63 5285.84 5318.04 5390.67 5470.96 5551.26 5627.15 5702.59 5778.03 5918.37 6060.58 6206.65 6451.29 6695.93 6947.87 7263.12 7578.36 7901.9 8266.22 8382.98 8480.81 8674.01 8757.72 8847.21 8942.25 9045.95 9172.92 9303.76 9441.61 9584.04 9731.78 9884.13 10042 10204.9 10374.1 10549.4 10732.1 10922.2 11120.3 11325.5 11536.7 11751.4 11967.3 12152.4 12396.1 12830 13423.1 14122.7 14663.6
5537.7 5464.81 5391.92 5331.98 5288.08 5244.19 5219.24 5212.33 5205.42 5203.54 5205.33 5207.12 5208.94 5210.78 5212.63 5211.65 5209.5 5207.36 5236.39 5274.46 5312.54 5388.3 5471.21 5554.13 5632.48 5710.36 5788.24 5920.82 6054.97 6192.72 6422.22 6651.73 6888.02 7183.13 7478.25 7778.16 8101.63 8425.11 8532.97 8634.41 8740.26 8911.76 9018.43 9115.92 9218.02 9342.75 9477.49 9617.46 9761.81 9911.45 10065.6 10225.4 10390.1 10560.8 10736.9 10919.1 11106.1 11297.3 11489.6 11679.1 11857.9 11993.3 12082.4 12584.3 13156.6 13768 14387.9
5557.33 5485.99 5414.65 5356.5 5314.7 5272.9 5246.12 5233.65 5221.18 5213.72 5209.91 5206.1 5203.25 5200.91 5198.58 5196.65 5194.89 5193.12 5230.63 5279.53 5328.44 5406.8 5490.73 5574.67 5660.33 5746.17 5832.01 5960.02 6089.24 6221.81 6439.65 6657.49 6879.46 7137.3 7395.14 7657.01 7938.73 8220.46 8486.69 8680.78 8785.42 8894.24 9008.1 9126.17 9249.33 9376.69 9509.16 9645.79 9787.55 9933.5 10084.7 10240.1 10400.9 10566.1 10736.4 10910.6 11088.4 11267.5 11445.5 11617.4 11776.5 11859.7 11837.9 12167.5 12718.7 13437.2 14111.6
5576.96 5507.17 5437.39 5381.03 5341.32 5301.61 5273 5254.98 5236.95 5223.9 5214.5 5205.09 5197.55 5191.04 5184.53 5181.66 5180.27 5178.88 5224.87 5284.61 5344.35 5425.29 5510.25 5595.21 5688.18 5781.97 5875.77 5999.21 6123.51 6250.89 6457.07 6663.25 6870.91 7091.47 7312.02 7535.86 7775.83 8015.8 8245.17 8439.95 8634.74 8809.54 8937.84 9066.13 9206.44 9367.55 9528.67 9670.11 9808.27 9951.44 10098.5 10250.6 10406.6 10567.2 10731.4 10899.2 11068.9 11239.3 11407.2 11569 11717.7 11813.2 11849.4 11908.9 12323.4 13017.6 13809.1
5578.96 5511.71 5444.46 5390.02 5351.47 5312.92 5284.69 5266.27 5247.86 5233.69 5222.6 5211.51 5202.43 5194.45 5186.47 5184.71 5185.5 5186.29 5240.06 5309.23 5378.4 5460.95 5546.03 5631.11 5736.37 5843.71 5951.05 6061.88 6172.8 6286.2 6462.57 6638.93 6816.18 7001.14 7186.1 7376.03 7590.46 7804.88 8009.09 8180.02 8350.95 8502.57 8609.24 8715.9 8836.53 8981.32 9126.12 9401.06 9825.2 9964.5 10108.6 10256.3 10408.6 10564.1 10723.5 10885.3 11049.3 11213.2 11375.7 11533.1 11682.1 11797.2 11837.4 11804.5 12123.3 12757.4 13372.8
5572.32 5508.08 5443.85 5391.4 5353.55 5315.7 5288.91 5272.65 5256.4 5243.27 5232.43 5221.58 5212.48 5204.36 5196.24 5196.6 5200.45 5204.3 5265.54 5343.45 5421.35 5505.02 5589.77 5674.53 5794.52 5918.15 6041.78 6136.05 6229.47 6324.56 6462.21 6599.86 6738.8 6888.99 7039.17 7197.24 7394.06 7590.88 7775.68 7921.35 8067.02 8192.73 8271.96 8351.19 8446.64 8570.14 8693.64 8969.87 9446.97 9924.08 10114 10258.6 10406.3 10558.1 10712.5 10870.1 11029 11189.2 11348.5 11506.3 11660.3 11810.9 11898.6 11997.7 12208.4 12451.9 13059.9
5565.67 5504.46 5443.24 5392.77 5355.62 5318.47 5293.13 5279.04 5264.94 5252.86 5242.25 5231.65 5222.54 5214.27 5206 5208.5 5215.41 5222.32 5291.02 5377.66 5464.3 5549.09 5633.52 5717.96 5852.68 5992.6 6132.52 6210.22 6286.13 6362.91 6461.85 6560.79 6661.43 6776.84 6892.24 7018.44 7197.66 7376.87 7542.28 7662.68 7783.09 7882.88 7934.68 7986.48 8056.75 8158.96 8261.16 8538.68 9046.77 9554.86 10024.6 10256.6 10401.2 10548.5 10699.5 10852.6 11008.4 11165.3 11323.8 11482.5 11642.6 11805.3 11945.9 12079.3 12260.9 12474.1 12704.2
5543.69 5491.15 5438.61 5393.96 5359.08 5324.21 5299.98 5285.88 5271.79 5257.89 5244.13 5230.36 5220.52 5212.85 5205.18 5211.55 5223.68 5235.81 5304.9 5390.52 5476.14 5560.69 5645.04 5729.39 5867.99 6012.2 6156.41 6229.75 6301.05 6373.01 6461.75 6550.5 6641.05 6747.3 6853.55 6971.36 7145.94 7320.52 7480.81 7594.57 7708.32 7801.29 7845.86 7890.44 7954.07 8050.67 8147.28 8425.13 8941.38 9457.63 9939.13 10251.8 10392.1 10536.5 10683.2 10833.5 10985.8 11141 11298 11458.1 11621.5 11791.6 11971.6 12112.5 12281.7 12479.4 12712.1
5516.22 5474.38 5432.54 5395.08 5363.04 5331 5307.76 5292.9 5278.04 5261.29 5243.16 5225.02 5214.18 5207.37 5200.57 5211.44 5229.57 5247.69 5314.63 5395.75 5476.86 5560.69 5645.04 5729.39 5867.99 6012.2 6156.41 6229.75 6301.05 6373.01 6461.75 6550.5 6641.05 6747.3 6853.55 6971.36 7145.94 7320.52 7480.81 7594.57 7708.32 7801.29 7845.86 7890.44 7954.07 8050.67 8147.28 8425.13 8941.38 9457.63 9939.13 10242.9 10380.6 10520.7 10664.8 10811.3 10961.4 11113.8 11270.1 11429.6 11594.7 11766.5 11949.2 12117.5 12274 12449.6 12644.9
5488.76 5457.62 5426.48 5396.2 5366.99 5337.79 5315.54 5299.91 5284.29 5264.69 5242.19 5219.68 5207.84 5201.9 5195.96 5211.33 5235.45 5259.57 5324.36 5400.97 5477.58 5560.69 5645.04 5729.39 5867.99 6012.2 6156.41 6229.75 6301.05 6373.01 6461.75 6550.5 6641.05 6747.3 6853.55 6971.36 7145.94 7320.51 7480.81 7594.57 7708.32 7801.29 7845.86 7890.44 7954.07 8050.67 8147.28 8425.13 8941.38 9457.63 9939.13 10231.5 10365 10502.7 10642.7 10786.8 10933.4 11084.1 11237.8 11396.6 11560.2 11731.3 11911 12102.2 12247.3 12400.1 12557.9
5483.33 5454.3 5425.28 5396.42 5367.78 5339.13 5317.08 5301.3 5285.53 5265.36 5241.99 5218.63 5206.58 5200.81 5195.04 5211.31 5236.61 5261.92 5339.47 5432.2 5524.92 5611.54 5697 5782.46 5909.24 6040.3 6171.36 6238.15 6303.1 6368.93 6457.51 6546.09 6635.14 6728.21 6821.27 6924.04 7074.48 7224.91 7364.55 7469.03 7573.52 7661.36 7710.48 7759.59 7827.21 7926.83 8026.46 8298.26 8796.55 9294.83 9755.82 10179.1 10347.1 10504.3 10618.3 10758.4 10902.8 11050 11201.9 11357.6 11519.2 11686.6 11862 12045.4 12210.5 12345.5 12482.3
5483.33 5454.3 5425.28 5396.42 5367.78 5339.13 5317.08 5301.3 5285.52 5265.36 5241.99 5218.63 5206.58 5200.81 5195.04 5211.31 5236.61 5261.92 5355.9 5469.83 5583.76 5674.91 5761.76 5848.6 5960.66 6075.32 6189.99 6248.62 6305.65 6363.85 6452.23 6540.61 6627.77 6704.41 6781.05 6865.07 6985.41 7105.75 7219.65 7312.58 7405.51 7486.98 7541.75 7596.51 7669.09 7772.49 7875.88 8140.15 8616.04 9091.93 9527.35 9921.92 10316.5 10456.2 10589.7 10727.5 10867.9 11012.8 11160.8 11314 11471.4 11635 11804.3 11980.5 12162.4 12289.3 12410.7
5483.33 5454.3 5425.28 5396.42 5367.78 5339.13 5317.08 5301.3 5285.53 5265.36 5241.99 5218.63 5206.58 5200.81 5195.04 5211.31 5236.61 5261.92 5372.33 5507.46 5642.59 5738.29 5826.51 5914.74 6012.07 6110.34 6208.62 6259.09 6308.19 6358.77 6446.94 6535.12 6620.4 6680.61 6740.82 6806.1 6896.35 6986.59 7074.75 7156.13 7237.51 7312.59 7373.01 7433.44 7510.98 7618.14 7725.3 7982.04 8435.53 8889.02 9298.88 9664.68 10030.5 10406.3 10558.8 10692.4 10830.2 10970.8 11116.1 11264.8 11418.7 11576.7 11740.6 11909 12082.8 12232.4 12339.6
5298.48 5309.02 5319.55 5322.28 5315.32 5308.36 5297.45 5282.77 5268.1 5248.46 5225.19 5201.92 5192.71 5191.29 5189.86 5211.26 5242.01 5272.76 5389.45 5531.09 5672.73 5765.4 5848.79 5932.18 6026.96 6122.92 6218.87 6271.79 6323.46 6376.15 6454.46 6532.78 6609.13 6668.49 6727.85 6789.65 6863.41 6937.16 7011.79 7089.23 7166.67 7239 7299.44 7359.87 7434.08 7532.12 7630.16 7858.88 8259.51 8660.13 9034.58 9382.6 9730.62 10107.5 10506.7 10654.7 10788.1 10926 11066.6 11211.9 11360.4 11514 11671.2 11833.3 11998.6 12167.8 12270.5
5085.54 5141.65 5197.76 5236.86 5254.89 5272.92 5274.84 5261.43 5248.02 5228.98 5205.83 5182.68 5176.73 5180.31 5183.89 5211.19 5248.23 5285.26 5406.67 5552.59 5698.51 5787.01 5864.62 5942.23 6036.3 6132.08 6227.85 6284.82 6340.67 6396.94 6463.93 6530.92 6597.27 6658.15 6719.03 6779.65 6838.99 6898.34 6961.28 7035.94 7110.59 7180.72 7240.32 7299.92 7369.54 7456.49 7543.44 7741.04 8084.17 8427.3 8764.84 9096.73 9428.63 9808.7 10226.1 10612.8 10743.6 10876.6 11014 11154.1 11298.8 11446.3 11598.3 11753.1 11911.8 12072.6 12206.9
4872.61 4974.28 5075.96 5151.45 5194.46 5237.47 5252.24 5240.09 5227.94 5209.5 5186.47 5163.44 5160.76 5169.34 5177.92 5211.13 5254.44 5297.76 5423.9 5574.1 5724.3 5808.62 5880.44 5952.27 6045.64 6141.24 6236.84 6297.85 6357.88 6417.73 6473.39 6529.05 6585.41 6647.81 6710.21 6769.66 6814.58 6859.51 6910.77 6982.65 7054.52 7122.45 7181.21 7239.96 7304.99 7380.86 7456.73 7623.19 7908.83 8194.46 8495.09 8810.87 9126.64 9509.91 9945.5 10381.1 10694.7 10824.8 10957.1 11093.7 11232.6 11375.7 11521.1 11670.4 11821.6 11975.8 12131.2
4650.16 4784.09 4918.01 5020.43 5083.8 5147.16 5173.73 5165.25 5156.77 5143.96 5127.98 5111.99 5116.99 5133.61 5150.23 5188.05 5234.56 5281.06 5406.29 5554.37 5702.46 5786.03 5857.37 5928.72 6019.72 6112.76 6205.81 6270.08 6333.52 6396.62 6450.91 6505.19 6560.74 6627.2 6693.65 6756.64 6802.55 6848.47 6897.88 6958.67 7019.45 7079.77 7138.99 7198.21 7262.1 7334.07 7406.03 7560.07 7822.07 8084.06 8363.03 8659.13 8955.24 9310.24 9710.92 10111.6 10439.2 10723.7 10897.9 11029 11164.1 11301.1 11441.8 11584.3 11729.9 11876.6 12025.5
4427.05 4592.27 4757.49 4886.18 4969.57 5052.95 5091.26 5086.62 5081.99 5075.15 5066.7 5058.25 5071.25 5096.13 5121.01 5163.34 5212.82 5262.3 5386.21 5531.72 5677.24 5760.31 5831.54 5902.77 5991.3 6081.62 6171.94 6239.41 6306.22 6372.53 6426.15 6479.77 6535.16 6605.85 6676.55 6743.4 6791.4 6839.4 6887.66 6936.77 6985.87 7038.19 7097.97 7157.75 7220.75 7289.32 7357.89 7500.83 7741.59 7982.35 8240.74 8516.92 8793.09 9117.61 9479.61 9841.6 10150.6 10428.2 10705.9 10962.4 11091.8 11224.7 11359.2 11496.8 11635.5 11776.6 11918.2
4203.93 4400.45 4596.97 4751.92 4855.34 4958.75 5008.79 5007.99 5007.2 5006.33 5005.42 5004.52 5025.52 5058.65 5091.79 5138.63 5191.09 5243.54 5366.13 5509.08 5652.02 5734.59 5805.71 5876.83 5962.88 6050.48 6138.07 6208.74 6278.92 6348.45 6401.4 6454.35 6509.58 6584.51 6659.44 6730.17 6780.25 6830.33 6877.43 6914.86 6952.29 6996.61 7056.95 7117.29 7179.4 7244.58 7309.75 7441.59 7661.12 7880.64 8118.45 8374.7 8630.95 8924.98 9248.3 9571.61 9861.92 10132.8 10403.6 10722.3 11017.9 11144.9 11275.2 11406.5 11540.4 11674.9 11811
