data/map/mohn8.asc
ncols         217
nrows         146
xllcorner     6.39591e+006
yllcorner     1.68973e+006
cellsize      1135.85
NODATA_value  -99999
[rows 0 to 29 of 146, columns 0 to 66 of 217]
6309.03 -779.736 -272.155 215.464 604.803 856.9 960.009 918.3 738.36 414.621 -84.0999 -817.914 -294.572 76.6299 292.802 342.387 177.405 -322.561 -52.368 356.483 678.807 942.09 1166.32 1340.98 1467.5 1555.49 1615.73 1656.5 1682.23 1694.99 1696.6 1690.22 1679.23 1665.81 1649.88 1629.96 1605.24 1581.97 1595.66 4518.09 4750.04 4954.83 5121.05 5240.77 5309.84 5327.71 5296.82 5107.27 4959.43 4962.83 4840.7 4916.29 4989.96 5061.55 5130.77 5197.27 5260.59 5320.23 5375.64 5426.26 5471.54 5510.93 5543.94 5570.08 5588.94 5600.14 5603.41
-1448.36 -953.01 -252.211 313.712 742 1005.83 1104.76 1056.47 882.103 589.561 150.968 -547.721 -142.432 231.658 459.387 556.951 512.386 341.522 262.857 442.985 737.779 981.01 1215.68 1388.8 1505.61 1582.77 1634.63 1670.93 1694.56 1705.49 1703.97 1694.21 1681.12 1667.86 1653.47 1634.47 1603.59 1544.9 1363.38 1738.47 2113.56 2550.3 3130.54 3268.39 3395.86 3443.13 3490.4 3563.04 3669.04 3775.04 4460.23 4918.22 4992.05 5063.9 5133.5 5200.45 5264.28 5324.46 5380.43 5431.61 5477.42 5517.32 5550.8 5577.37 5596.6 5608.08 5611.47
-280.117 -126.473 -97.4001 549.572 1043.62 1319.62 1396.7 1320.66 1143.97 910.517 646.116 404.604 473.595 533.049 756.14 913.651 973.67 913.413 838.433 838.701 848.274 1028.4 1326.41 1492.69 1583.03 1634.92 1668.62 1697.48 1719.04 1727.88 1719.01 1701.02 1682.72 1670.6 1661.35 1650.62 1629.61 1630.58 1934.13 2337.62 2741.11 3251.39 3967.27 4759.95 4759.16 4741.34 4724.26 4707.21 4690.05 4768.95 4846.22 4921.95 4996.11 5068.53 5138.88 5206.75 5271.62 5332.91 5390.01 5442.31 5489.21 5520.99 5553.19 5592 5612 5624.11 5627.87
734.468 824.625 897.946 938.338 1563.26 1832.28 1841.69 1685.46 1462.57 1262.38 1118.35 1046.41 1099.15 1162.49 1118.47 1367.84 1555.22 1500.02 1338.76 1225.11 1148.56 1163.5 1568.79 1672.32 1698.66 1704.94 1707.09 1730.95 1755.81 1767.57 1742.75 1707.76 1677.78 1670.19 1670.45 1676.89 1633.57 2069.72 2504.88 2936.77 3245.18 3556.11 4673.59 4769.78 5631.89 5586.5 5348.75 5107.5 4896.63 4774.37 4851.4 4927.26 5001.93 5075.21 5146.74 5216.05 5282.53 5345.55 5404.4 5439.36 5437.54 5459 5499.64 5556.65 5627.98 5648.5 5653.09
1658.9 1792.56 1926.22 2003.88 1922.9 2151.66 2141.44 2116.87 1758.45 1558.06 1518.48 1563.51 1714.09 1899.29 2008.08 1884.01 2379.37 2192.68 1791.46 1574.41 1357.36 1483.65 1675.02 1929.04 1834.22 1778.94 1723.66 1763.2 1805.46 1843.6 1776.44 1709.28 1650.25 1661.76 1673.27 1752.83 2166.75 2580.67 3117.35 3354.13 4290.9 4585.54 4687.89 5802.39 5867.62 5698.8 5467.43 5311.57 5115.97 4939.56 4868.7 4933.75 5009.13 5083.64 5156.84 5228.17 5296.92 5362.34 5345.3 5329.21 5342.56 5377.37 5429.25 5496 5576.47 5669.85 5687.68
2134.56 2424.68 2714.8 2877.89 2883.5 2889.12 2546.18 2487.55 1896.29 1692.9 1833.99 1975.08 2294.43 2712.5 2904.4 2907.81 2866.77 2877.29 2869.05 2682.61 2278.93 2478.16 2791.67 3024.71 3005.36 2928.95 2821.09 2793.57 2768.35 2738.05 2577.74 2417.43 2278.11 2320.78 2363.46 2454.77 2785.07 3115.36 3228.07 4371.49 4493.57 4862.29 5698.63 6132.95 6047.11 5837.57 5706.49 5516.1 5176.68 4982.93 4899.2 4940.89 5017.21 5093.36 5168.82 5242.87 5314.65 5215.5 5178.74 5189.24 5225.72 5278.26 5343.56 5421.17 5511.61 5573.5 5586.96
3310.22 3756.79 4203.37 4451.9 4454.9 4457.89 3918.1 2861.31 2504.51 2201.83 2450.04 2698.26 2781.22 3118.45 3746.19 3979.43 4050.94 4122.46 3681.11 3090.81 3019.29 3024.69 3208.32 3643.98 3539.38 3378.95 3218.52 3123.94 3078.61 3080.65 3138 3091.21 2784.65 2979.8 3053.64 3156.71 3220.96 3231.35 3669.91 4394.58 5443.6 6086.73 6405.14 6575.91 6461.26 6207.56 6013.48 5620.53 5237.38 4989.62 4930.14 4947.91 5025.46 5103.79 5182.22 5259.83 5068.78 4951.47 4956.26 4958.35 5038.06 5117.77 5161.49 5193.88 5226.26 5323.93 5435.34
4060.75 4482.43 4904.12 5154.18 5191.44 5228.71 4807.2 3948.69 3090.19 2788.13 2996.07 2997 3318.7 3760.72 4202.75 4334.49 4339.02 4343.56 3996.81 3548.04 3099.27 3448.33 3948.64 4448.95 4707.42 4619.48 4518.33 4400.08 4257.44 4079.52 3823.14 3477.09 3136.41 3182.2 3474.82 3730.32 3943.83 4122.11 4284.91 5957.69 6535.18 7031.16 7347.68 7602.88 7397.74 7144.5 6806.99 6221.15 5670.64 5204.55 5002.45 4953.77 5032.94 5114.12 5196.42 4994.2 4697.57 4556.76 4705.13 4753.03 4849.37 4945.72 5003.41 5048.91 5094.42 5212.91 5346.77
4716.09 5072.29 5428.49 5510.71 5500.71 5488.2 5473.14 5057.87 4527.55 4248.48 4152.96 4057.44 4131.38 4299.18 4466.99 4457.45 4375.2 4292.96 4093.29 3859.52 3625.75 4052.61 4604.7 4830.93 4710.89 4669.91 4572.6 4459.72 4327.37 4169.74 3982.59 3769.48 3568.51 3509.42 4174 4755.05 5633.37 6492.73 7084.39 7441.74 7729.26 7992.08 8157.83 8354.59 8406.02 8315.08 7866.93 7450.35 7075.3 6700.25 6194.02 5555.35 5038.39 5123.33 5184.01 4750.97 4443.86 4236.4 4453.69 4616.32 4727.18 4838.03 4904.28 4956.48 5008.67 5132.91 5318.65
5371.44 5545.92 5540.99 5668.39 5659.15 5643.93 5625.56 5603.99 5464.9 5436.52 5411.52 5117.87 4944.06 4837.64 4731.22 4580.4 4411.39 4242.36 4189.78 4171.01 4152.24 4656.89 4949.62 4885.35 4813.46 4733.25 4642.48 4539.78 4422.6 4290.21 4143.71 4101.82 4252.71 4883.92 5428.62 6066.93 6580.93 7022.91 7476.32 7857.93 8144.76 8390.02 8562.07 8708.4 8850.26 8715.73 8260.49 7843.04 7475.29 7107.54 6502.53 5657.97 5040.21 5130.11 5224.1 4918.84 4748.66 4702.63 4656.59 4704.36 4807.83 4825.15 4805.15 4929.31 5172.93 5302.91 5447.85
5477.47 5571.1 5566.23 5706.46 5694.81 5680.19 5662.56 5641.86 5618.03 5591 5438.23 5411.19 5381.59 5260.79 5113.38 4988.94 4873.92 4758.9 5167.42 5157.11 5112 5062.16 5428.61 5439.24 5762.45 5602.8 5378.05 5947.68 5746.09 5548.89 5346.11 5421.01 5698.85 6089.51 6584.81 7121.77 7503.02 7811.7 8094.29 8313.96 8469.36 8626.03 8753.03 8844.82 9050.94 9138.12 8732.89 8354.66 8011.95 7669.24 7062.91 6190.42 5317.93 5132.79 5235.51 5341.55 5125.12 4982.37 4839.62 4814.48 4841.03 4867.58 4932.6 5009.73 5086.87 5211.78 5346.75
5510.54 5598.68 5593.9 5744.67 5733.54 5719.56 5702.71 5682.94 5660.19 5634.41 5605.53 5502.25 5420.48 5398.19 5373.34 5346.44 5316.65 5284.46 5250.51 5500.44 5936.23 5865.35 5792.49 5722.49 5868.7 6139.53 6598.25 6352.17 6316.09 6707.28 6344.76 6179.09 6316.48 7021.05 7381.01 7630.2 8040.79 8240.73 8423.13 8573.54 8707.66 8869.32 8769.68 8927.26 9135.13 9266.92 9198.91 8882.08 8566.77 8251.45 7656.75 6779.97 5903.2 5373.22 5243.61 5362.73 5482.67 5326.97 5068.38 4928.78 4841.47 4875.38 4872.07 4968.93 5075.71 5119.18 5242.11
5543.6 5628.64 5623.96 5769.15 5775.19 5761.89 5745.87 5727.08 5705.48 5681.01 5653.63 5623.26 5589.82 5553.24 5418.81 5393.49 5412.26 5373.54 5457.43 6141.72 6094.85 6050.35 6011.88 5987.72 6152.24 6488.39 6938.3 7560.8 7270.82 7064.2 7595.13 7316.22 7220.27 7697.47 7786.39 7948.79 8153.99 8337.38 8518.08 8636.6 8785.69 8918.12 9146.9 9744.4 10024.5 9988.65 9698.62 9409.51 9121.58 8833.66 8250.59 7369.52 6488.46 5859.47 5511.36 5383.08 5520.4 5654.2 5297.14 5043.08 4841.9 4668.15 4681.26 4797.96 4914.67 5026.57 5137.47
5406.61 5660.93 5837.17 5829.66 5819.62 5831.2 6062.82 6244.43 6426.04 6440.69 6333.36 6226.02 6095.84 5953.01 5810.18 5798.29 5840.09 5881.89 6312.05 6279.98 6251.38 6228.71 6217.15 6223.81 6409.98 6723.41 7105.79 7554.98 8005.86 7814.34 7709.69 8143.12 7976.07 7963.93 8057.15 8160.34 8305.43 8408.26 8486.85 8585.43 8698.67 8947.62 9571.89 10035.1 10297.6 10010.6 9723.53 9436.71 9150.2 8863.68 8281.21 7399.93 6518.65 5889.07 5535.4 5402.3 5561.66 5689.34 5308.94 5048.97 4841.92 4634.88 4674.78 4792.5 4910.23 5021.8 5132.07
5260.38 5828.76 5883.22 6230.42 6660.21 6696.27 6684.4 6670.94 6655.32 6638.27 6619.15 6598.85 6576.72 6553.77 6529.48 6505.02 6480.16 6456.35 6433.96 6415.09 6401.31 6396.19 6403.71 6430.29 6614.65 6889.51 7206.33 7547.51 7860.31 8038.54 8279.66 8115.33 8041.92 8213.06 8024.91 8033.37 8132.92 8267.32 8388.5 8456.82 8537.1 8754.33 9580.15 10315.2 10297.6 10010.6 9723.53 9436.71 9150.2 8863.68 8281.21 7399.93 6518.65 5889.07 5559.05 5420.63 5607.62 5689.34 5308.94 5127.01 4929.3 4634.88 4674.78 4792.5 4910.23 5021.8 5132.07
5116.2 5936.14 6124.65 6767.26 6760.58 6752.05 6742.17 6730.45 6717.59 6703 6687.54 6670.6 6653.18 6634.77 6616.51 6598.13 6580.99 6565.26 6552.73 6544.38 6542.84 6550.46 6571.33 6609.74 6773.82 7013.43 7282.61 7568.28 7849.38 8112.38 8428.51 8636.42 8452.58 8429.11 8241.11 8544.13 8263.79 8257.08 8295.07 8358.61 8408.74 8509.18 9390.67 10410.2 10302.1 10016 9729.94 9443.94 9158.08 8872.21 8290.4 7409.8 6529.19 5900.05 5583.61 5448.41 5660.29 5700.02 5479.78 5364.5 5125.38 4643.7 4683.07 4800.22 4917.37 5029.91 5141.48
5116.2 5986.65 6124.65 6822.32 6816.5 6809.55 6801.05 6791.62 6780.74 6769.2 6756.46 6743.45 6729.66 6716.2 6702.73 6690.51 6679.54 6671.37 6666.56 6667.16 6674.59 6691.66 6720.96 6766.12 6897.34 7107.94 7342.13 7593.78 7856.39 8133.18 8448.13 8651.79 8985.8 8779.73 8650.36 8336.61 8263.79 8257.08 8295.07 8358.61 8408.74 8509.18 9390.67 10332.7 10620.3 10402.5 10184.7 9957.27 9717.06 9476.84 8941.97 8109.62 7277.26 6679.16 6262.67 5855.52 5742.07 5969.91 6037.62 5744.44 5564.06 5269.5 5270.93 5347.64 5424.35 5605.51 5808.66
5116.2 6039.31 6124.65 6878.48 6873.87 6867.97 6861.31 6853.44 6845.08 6835.72 6826.23 6816.12 6806.4 6796.71 6788.2 6780.75 6775.71 6773.34 6775.31 6782.45 6796.87 6820.14 6854.79 6902.97 6992.92 7178.46 7384.43 7608 7849.38 8115.65 8429.14 8709.65 9342.74 9123.1 8804.26 8549.47 8368.72 8589.61 8370.56 8360.15 8409.54 8593.65 9313.88 10210.8 10794.4 10789 10639.5 10470.6 10276 10081.5 9593.55 8809.44 8025.33 7458.27 7059.49 6660.7 6224.07 6122.93 6351.47 6430.24 6162.77 6058.98 6065.51 6123.71 6209.94 6338.28 6475.85
5096.64 6067.92 6098.89 6935.82 6931.99 6927.53 6922.08 6916.25 6909.61 6902.92 6895.73 6888.95 6882.21 6876.55 6871.75 6869.02 6868.41 6871.31 6878.19 6890.69 6909.77 6937.31 6974.7 7023.79 7085.91 7228.84 7408.72 7604.7 7817.17 8051.1 8315.86 8623.41 8864.09 9031.2 8887.96 8504.18 8337.63 8441.06 8477.94 8408.43 8479.27 8738.47 9294.54 10052.2 10594.5 11022.6 11090.3 10981 10834.3 10687.6 10249.3 9516.47 8783.65 8249.19 7868.5 7487.8 7036.07 6663.47 6603.05 6801.49 6849.75 6765.39 6808.46 6871.76 6953.46 7061.81 7220.58
4851.39 5899.56 6147.25 6700.51 6991.02 6987.47 6983.64 6979.15 6974.67 6969.79 6965.33 6960.9 6957.45 6954.69 6953.69 6954.38 6957.95 6964.61 6975.69 6991.78 7014.32 7044.22 7082.89 7131.34 7190.49 7262.03 7417.27 7584.48 7763.81 7955.39 8159.99 8372.97 8574.38 8710.88 8782.61 8398.25 8292.55 8359.08 8388.21 8375.65 8477.41 8731.39 9326.78 9803.75 10297.4 10700.4 11033 11318.7 11384.4 11311.4 10953.1 10306.7 9660.23 9176.24 8818.18 8460.12 8026.24 7547.64 7212.22 7226.25 7364.46 7574.18 7563.18 7601.42 7670.32 7951.66 8368.83
4606.15 5878.32 6205.74 6240.57 6992.87 7048.04 7045.22 7042.46 7039.4 7036.74 7034.11 7032.36 7031.18 7031.5 7033.18 7037.23 7043.71 7053.73 7067.62 7086.54 7111.07 7142.33 7181.05 7228.02 7283.77 7348.38 7421.62 7552.56 7697.76 7846.99 7995.45 8134.29 8245.62 8305.4 8313.28 8191.17 8257.33 8298.25 8226.93 8269.06 8355.74 8563.4 9120.86 9539.4 9988.56 10367.3 10729.5 11059.7 11365.7 11644.6 11656.9 11096.9 10536.8 10103.3 9767.86 9432.43 9016.41 8552.86 8089.3 7831.73 8037.42 8163.13 8258.74 8481.17 8720.14 9100.86 9553.36
4420.92 5575.28 6229.63 6261.87 6596.52 7108.57 7107.11 7105.43 7104.14 7102.92 7102.46 7102.49 7103.82 7106.24 7110.63 7116.97 7126.18 7138.42 7154.65 7175.24 7201.08 7232.71 7270.79 7315.8 7367.94 7427.31 7493.33 7565.4 7642.01 7738.94 7840.82 7922.87 7968.57 8037.15 8107.95 8173.66 8196.13 8066.43 8037.09 8109.13 8326.43 8560.59 8846.55 9113.22 9514.99 9923.54 10334 10725.2 11082.5 11417.1 11723.7 11862.7 11412 11043.4 10738.6 10433.7 10046.1 9609.56 9173.07 8868.1 8620.94 8777.7 9008.24 9078.09 9332.1 9857.83 10568.8
4588.3 5517.51 6040.26 6323.72 6319.15 6774.56 7168.64 7168.37 7168.19 7168.71 7169.65 7171.72 7174.68 7179.32 7185.52 7194.08 7205.06 7219.25 7236.88 7258.68 7285.02 7316.48 7353.46 7396.18 7444.88 7499.25 7559.1 7623.45 7691.59 7761.95 7833.48 7904.45 7973.93 8040.5 8053.63 8136.43 7881.76 7876.49 7912.36 7990.15 8123.77 8259.29 8459.4 8737.55 9095.97 9477.06 9909.07 10337.4 10745.6 11124.2 11484.5 11800.2 12085.3 12060.4 11832.8 11605.2 11307.6 10968.8 10629.9 10403.4 10226.2 10049 10036.9 10077 10157.1 10541.9 10866.2
4755.67 5459.75 6090.89 6333.63 6382.8 6377.84 6717.54 7230.67 7231.88 7233.48 7236.06 7239.41 7244.19 7250.25 7258.28 7268.25 7280.86 7296.21 7314.93 7337.28 7363.72 7394.59 7430.11 7470.56 7515.78 7565.79 7619.93 7677.89 7738.5 7801.1 7864.24 7927.16 7988.46 8047.56 8088.41 8066.87 7907.18 7786.88 7825.97 7953.97 8062.57 8158.75 8259.27 8381.42 8481.82 8889.79 9378.21 9875.3 10343.3 10777.6 11158.4 11548.7 11888.8 12204.8 12475.4 12668.6 12569.1 12328 12086.8 11938.6 11831.4 11724.2 11718 11743.7 11769.4 12077.5 11814.2
4905.66 5416.16 5926.65 6139.86 6447.51 6443.27 6438.23 6466.81 6907.26 7274.57 7301.14 7305.96 7311.86 7319.42 7328.58 7339.92 7353.5 7369.82 7389.07 7411.65 7437.82 7467.79 7501.82 7539.82 7581.96 7627.75 7677.13 7729.21 7783.65 7839.24 7895.48 7951.04 8005.45 8057.51 8103.29 8010.14 7893.09 7794.78 7859.04 7940.31 8014.16 8074.1 8111.19 8139.98 8143.96 8153.85 8824.28 9392.35 9926.85 10419.1 10759.7 11183.3 11628.1 12004.7 12338.5 12588.9 12800.5 12972 13112 13207.6 13251.3 13237.1 13228.6 13201.5 13116.9 12996.6 12705.3
4990.71 5425.54 5860.38 6193.01 6190 6509.59 6505.38 6500.55 6495.11 6492.4 6707.38 6962.47 7082.2 7126.96 7171.73 7228.68 7290.63 7352.58 7459.77 7482.27 7507.89 7536.88 7569.19 7605.03 7644.04 7686.31 7731.13 7778.41 7827.13 7877.02 7926.89 7976.39 8024.32 8070.39 8051.43 7957.24 7860.39 7843.89 7878.78 7929.96 7983.46 8021.83 8030.66 8015.95 7989.27 7984.75 8030.01 8964.19 9565.59 10097.5 10435.3 10824.1 11401.7 11822.5 12202.4 12505.5 12767.8 12938.4 13142.9 13311.7 13434.1 13480.6 13607.6 13637.4 13638.6 13589.1 13459.9
5075.77 5434.93 5794.1 6108.26 6244.64 6241.7 6375.92 6569.37 6565.03 6560.27 6555.15 6549.71 6544.04 6538.18 6532.25 6538.58 6534.5 6614.86 6652.39 6676.58 6700.77 6979.95 7307.48 7635 7703.06 7741.81 7782.95 7825.63 7869.75 7914.28 7959 8002.79 8045.39 8067.64 7993.98 7907.16 7813.56 7845.32 7877.78 7921.19 7963.83 7999.38 8014.05 8003.05 7983.84 8021.4 8214.64 8732.68 9275.6 9778.66 10180.6 10440.8 11091.9 11542.9 11940.2 12334 12682.7 12920 13149.2 13374.4 13563.5 13644.6 13882.1 13980.7 14060.7 14082.6 14063.8
5127.55 5409.92 5692.28 5915.77 6066.26 6216.75 6296.6 6296.49 6299.13 6319.21 6458.71 6598.21 6620.03 6615.93 6611.88 6607.99 6604.35 6601.08 6598.3 6596.17 6594.82 6594.42 6618.19 6954.26 7436.15 7795.18 7832.66 7871.71 7911.42 7951.7 7991.52 8030.72 8068.24 8022.26 7949.82 7863.72 7834.92 7841.92 7869.71 7908.69 7954.87 7995.51 8025.24 8033.7 8031.9 8098.5 8298.09 8673.16 9130.74 9594.67 10020.7 10366.2 10704.1 11216.3 11733.8 12155.4 12547.9 12897.3 13149.2 13374.4 13563.5 13644.6 13910.7 14010.6 14231.2 14274.6 14298.9
5092.43 5295.03 5497.63 5658.69 5768.25 5877.8 5972.6 6053.35 6134.1 6219.01 6306.96 6371.96 6378.49 6385.44 6393.74 6402.58 6419.5 6540.24 6581.98 6600.76 6619.54 6690.14 6693.65 6698.55 6726.39 7269.02 7811.65 7916.58 7952.85 7989.02 8025.01 8059.83 8051.77 7993.08 7919.24 7832.26 7817.29 7821.06 7846.21 7892.82 7947.11 8005.04 8056.07 8099 8134.71 8205.29 8374.37 8620.34 9046.72 9460.95 9868.62 10216.2 10519.1 10800.8 11345.8 11834.8 12310.8 12736.1 13103.5 13378.9 13622.5 13733.1 14364.2 14341.4 14524.6 14696.4 15467.8
5057.31 5180.15 5302.99 5401.62 5470.24 5538.86 5576.77 5585.45 5594.12 5618.81 5655.21 5691.61 5745.39 5808.8 5872.21 5988.38 6126.19 6264 6385.73 6502.79 6543.81 6564.02 6630.06 6798.4 6807.65 6818.77 7218.18 7777.66 7993.83 8026.87 8059.15 8083.45 8037.91 7979.05 7905.91 7817.44 7783.18 7775.52 7804.55 7865.1 7939.12 8017.68 8096.59 8169.78 8243.64 8328.65 8469.05 8667.13 8916.33 9344.72 9698.25 10003.4 10234.9 10306 10921.1 11381.2 11945.1 12462.2 12920.9 13289 13591.6 13730.3 14783.9 15168.9 15408 15606 15733.5
