data/map/mohn8.asc
ncols         217
nrows         146
xllcorner     6.39591e+006
yllcorner     1.68973e+006
cellsize      1135.85
NODATA_value  -99999
[rows 60 to 89 of 146, columns 67 to 133 of 217]
11833.6 11963.6 12093.3 12190.5 12225 12250.6 12259.7 12231 12106.9 12001.5 12589.1 13579.8 14375.2 15143.3 15827.6 16480.4 17186.4 17657.1 18099 18505.1 18855.7 19153.2 19457.5 19717.5 19939.7 20124 20345.2 20536.6 20742 20912.7 21025 21044.6 21018.7 20962.7 20881.2 20778.7 20738.2 20679.4 20541.8 20285.1 20078 19932 19721.7 19489.3 19204.8 19026.4 18864.4 18618.4 17989 17610.8 17219.4 16722.2 16307.2 16001.3 15329.2 14765.9 14266.7 13808.8 13504.4 13245.4 12967.3 12736.9 12529.2 12315 12136.8 11918.7 11733.3
11719.9 11845.4 11969.5 12092.8 12200.9 12225.4 12232.2 12207.2 12127 12099.6 12104.6 12815.2 13721.5 14547 15306.3 16002.1 16731.2 17201.8 17656.5 18086 18469.7 18806 19139.7 19454.6 19716.8 19937 20162.7 20412.3 20674.2 20861.1 20919.8 20929.1 20905.9 20857.9 20791.3 20750.7 20728.7 20688.5 20582.2 20375.7 20198.3 20044 19840.1 19616.2 19366.8 19182.1 18991.5 18757.1 18240.1 17825.8 17502.5 17010.2 16589.8 16069.9 15603.7 15067.7 14567.8 14068.5 13703.3 13402.4 13119.7 12884.4 12666.9 12430.6 12232.8 12011.7 11742.5
11607.2 11727.4 11847.8 11966.5 12084 12198.6 12236.4 12238.5 12222.3 12202.7 12321.3 12601.3 13451.4 14217.8 15084.3 15703.7 16355.5 16825.6 17246.4 17683.2 18088.5 18457.5 18836.7 19193.4 19494.6 19749.8 19972.6 20322.9 20610.7 20734 20785.2 20791.3 20770.3 20730.6 20724.6 20723.9 20710.3 20679.5 20589 20415.9 20239.2 20098.4 19936.4 19736.7 19492.5 19236.5 19034.8 18805.8 18366.5 18017.7 17735.7 17266.1 16853.8 16351 16002.7 15485.6 14958.4 14431.7 14008 13659 13357.6 13113.5 12884.4 12630.9 12425.7 12200.9 11876.4
11493.8 11610.7 11726.5 11842.5 11956.8 12070.4 12182.2 12288.2 12321.1 12372.8 12478.2 12809 13266.4 14028.5 14812.1 15386.4 15952.5 16397.1 16826 17248.2 17652.3 18035.8 18454.7 18850.9 19194.7 19492.6 19785.7 20236.5 20444.7 20567 20616.4 20623.1 20609.3 20590.6 20616.9 20633.3 20638.7 20629.4 20574.1 20504 20278 20156 20025.1 19842.4 19629.6 19390.3 19122.9 18870.9 18551.3 18239.8 17916.3 17516.5 17120.1 16646.1 16444.8 15797 15263.8 14706.5 14227.6 13825.3 13490.6 13215.5 12965 12687.3 12454.2 12222.6 11893.5
11381.2 11493.5 11606.7 11718.9 11831.4 11943 12055.2 12168.5 12286.4 12413.9 12559.7 12732.9 13352.6 14048 14698.2 15191.6 15666.3 16015 16426.3 16824.6 17206.4 17577.2 18010 18426.8 18805 19150 19630.5 19970.6 20200.4 20337.9 20396.6 20413.8 20414.2 20415.7 20460.2 20495.5 20521.5 20534.7 20514.5 20465.1 20383.7 20272.7 20131.4 19891.2 19704.8 19503.8 19273.4 18990.2 18697.5 18397.5 18073.4 17802.3 17448.7 17012 16621.4 16140.3 15663.8 15100.8 14566.6 14098.6 13719.9 13416.3 13152.4 12874.2 12633.7 12390.2 12060.6
11267.5 11377.2 11486.4 11623.6 11705.8 11816 11926.4 12039.2 12155.7 12280.5 12419.2 12582 12791.2 13245.2 13830.7 14385.4 14830.9 15276.4 15767 16277.8 16636.2 16988.5 17423.6 17848.8 18252.1 18663.6 19037.2 19524.5 19816.9 20040.9 20121.7 20162.5 20186 20199.9 20252.8 20309 20356.5 20391.3 20403.2 20372.9 20308.8 20212.6 20088.1 19920.7 19777.6 19587.5 19348.1 19079.1 18815.1 18520 18230.1 17937.4 17676.7 17348.8 16971.1 16521.8 16093.6 15541.6 14992.2 14469.2 14048.8 13732.2 13471.2 13172.3 12910 12652.5 12334.5
11154.3 11259.8 11366.8 11473.2 11610.7 11745.6 11816.9 11905.4 12017.3 12132.9 12254.8 12418.2 12627.7 12878.6 13140.2 13682.8 14182.7 14621.8 15106.8 15702 16046.3 16375.5 16801.3 17215.6 17622.1 18014.7 18359.5 18805.8 19191.1 19525.4 19782.3 19856.5 19911.8 19957.1 19994.2 20064.8 20134.3 20188.4 20227.7 20215.1 20169.9 20091.9 20027.1 19961.3 19840.7 19667.7 19439.7 19168.4 18876.6 18610.1 18330.7 18059.8 17806 17562.1 17281.5 16900.3 16503.9 16034.1 15530.4 15028.8 14625.3 14348.5 14062.3 13489.3 12945 12535.4 12320
11014.2 11142.9 11246.1 11350.6 11454.7 11577.1 11764.2 11907.2 12005 12119.5 12254.8 12414.5 12600.7 12764.2 12851.8 13100.6 13465.2 13942 14446.5 15064.9 15330.4 15653.7 16072.9 16480.2 16885.2 17281.4 17633.9 17911 18287.7 18716.1 19118.8 19399.7 19669.2 19750.1 19758.9 19839.8 19882.4 19920 19974.4 19980.1 19988.7 19983 19974.5 19933.5 19835.2 19681.5 19471 19213.4 18930.9 18675.1 18403.4 18144.8 17904.3 17700.4 17448.9 17259.8 16928.1 16518.8 16063.8 15591 15211.2 14951.1 14595.8 13704.9 12864.2 12323.9 12268.6
10801.3 11024 11125.9 11226.9 11329.1 11430.7 11578.6 11740.6 11902.7 12091.6 12240 12384.2 12546.4 12610.1 12715.3 12907.7 13089.9 13228.2 13779.8 14404.1 14661.9 14892.5 15324.8 15736 16139.8 16531.3 16878.3 17149.8 17423.3 17977.5 18505.3 18889.3 19257.3 19445.8 19525.2 19585.9 19666.1 19724 19771.8 19814.9 19841.3 19847.8 19853.2 19828.6 19749.9 19617.7 19434.7 19200.9 18939 18696.8 18455.5 18208 17974.3 17757.5 17563.3 17356.4 17194.1 16931.4 16540.9 16099.3 15740.1 15487.3 15019.4 13933.5 12943.6 12352.5 12376.6
10591.8 10827.1 11004.3 11103.8 11202.8 11302.7 11451 11602.9 11754.8 11924.9 12207.6 12336.1 12475.8 12480.1 12576.7 12725 12858.3 12960.5 13086.2 13710.8 14037.3 14216.3 14653.4 15147.8 15550.3 15866.6 16190.7 16601.4 16879.7 17180.5 17602.4 18053.6 18714 19039.4 19271.5 19304.6 19404.5 19484.2 19547.8 19598.2 19629.9 19647.3 19658.1 19644.2 19586.2 19481.6 19329.2 19128.7 18897.1 18690.1 18476.7 18243.3 18020.4 17810 17623.9 17467.1 17311.9 17151.8 16967.1 16552.6 16201.7 15889.9 15507.4 14755.4 14174.2 13697.8 13169.7
10382.4 10630.2 10883 10979.5 11077.3 11174.6 11323.5 11465.2 11607 11758.1 12005.4 12252.6 12396.4 12372.8 12442.2 12557.4 12657.6 12734.4 12784.1 13017.5 13452.6 13608.2 14070.5 14472.5 14860.9 15222.4 15563.1 15952.4 16170.2 16393.7 16701.8 17085.5 17683.9 18070.2 18412.9 18748.2 18999 19156.5 19263 19313.4 19348.5 19374.6 19391.5 19393.1 19357.5 19280.3 19160.6 19000.3 18809.1 18649.3 18467.5 18257.6 18050.4 17863.1 17670.9 17520.2 17370.3 17218.4 17055.3 16847.2 16513.8 16230.3 15923.5 15508 15289.7 14854.6 13726.8
10135.3 10397.7 10665.9 10855.5 10951 11047.8 11168.6 11309 11449.5 11593.8 11778.7 11963.5 12138.3 12258.1 12217.2 12347 12480.3 12535.3 12566.6 12626.8 13024.1 13220.1 13361.3 13739.5 14219 14624.6 15003.2 15418.4 15628.8 15832.4 16072.8 16352.5 16761.3 17094.5 17486.3 17858.8 18162.1 18493.7 18739.1 18914.3 19050.5 19083.1 19105.3 19114.5 19096.7 19045 18957.4 18836.6 18686.9 18562.6 18425.2 18241.1 18055.7 17884.8 17708.9 17583.3 17450.9 17310.3 17152.7 16977.5 16699.6 16459.1 16191.6 15985.8 15980.2 15565.5 14118.2
9782.28 10065 10351.6 10638.2 10825.2 10920.6 11017 11112.3 11264.7 11436.4 11688.5 11940.6 12169.3 12228.6 12171.4 12267 12323.2 12360.2 12373.1 12355.7 12705.7 12849.6 12976 13330.9 13774.4 14241.5 14637.8 14944.9 15174.6 15375.9 15581.1 15799.6 16134.9 16394.8 16700.3 17003.8 17248.3 17721.3 18018.6 18267.3 18469.4 18590.5 18676.2 18803.3 18824.9 18796.8 18737.6 18648.5 18537 18430.9 18357.3 18204 18040.2 17878.8 17727.4 17623 17515.7 17397 17256.9 17070.4 16831.6 16572.2 16270 15979 15852.8 15524.7 14664.4
9429.29 9732.25 10037.3 10342.4 10631.3 10793.9 10890.3 10987.7 11084.2 11278.9 11598.3 11917.7 12149.5 12182.4 12128.4 12143.5 12185.4 12209.1 12209.9 12181.6 12423.2 12667 12704.9 13053.1 13470.4 13891.2 14312.3 14572.5 14773.6 14956.5 15152 15350.9 15666.5 15894.7 16139.5 16370.8 16568 16980.3 17279.3 17546.1 17757.8 17929.3 18086.7 18316.5 18449.8 18547.2 18509.4 18446.6 18364.5 18261.9 18229.5 18144.2 18008.3 17867.6 17728.7 17615.3 17525.3 17423.7 17299.5 17105.9 16900.9 16676.3 16408.2 16059.9 15835.5 15587.1 15260.9
9089.75 9404.2 9719.49 10034.8 10339.2 10643.1 10763.9 10862.9 10963.4 11084.5 11482.1 11879.6 12072.3 12134 12102.9 12054.8 12065.7 12081 12075.8 12046 12176.4 12407.9 12584.3 12889.3 13265.5 13636.9 13992.8 14267.8 14482.1 14661.1 14816 14987.1 15274.8 15490.8 15703.1 15899.8 16094.2 16456.2 16728 16953.2 17129.7 17319.4 17523.1 17831.3 18012.2 18168.3 18280.7 18240.4 18183.1 18109.7 18063.9 18041.6 17943.9 17824.1 17702.2 17590 17493.8 17402.8 17291 17101.5 16935.6 16722.7 16490.6 16160.6 15894.9 15668.8 15618.3
8777.73 9085.75 9394.49 9703.23 10011.1 10318.9 10624.7 10737.9 10841.8 10948 11312.7 11810.6 11999.5 12053.1 12082.1 12046 12012 11984.8 11972.1 11984.9 12090.7 12250.7 12435.8 12387.2 12744.4 13137 13529.5 13948.1 14174.2 14366 14541.6 14749.1 15075.2 15290.8 15496.4 15685.2 15874.4 16217.9 16481.6 16718.8 16851.3 17045.5 17256.6 17589.4 17786.6 17960.4 18056.8 18034.4 17997.5 17945.5 17966.3 17937.9 17839.8 17736.3 17632.2 17540.3 17464.5 17383.6 17290.1 17089.4 16917.2 16717.6 16505.2 16225 15959 15672.4 15477.9
8465.71 8767.29 9069.49 9371.67 9682.95 9994.62 10304.5 10540.6 10719.1 10830.5 11143.2 11741.6 11931.6 11979.2 12020.2 12035.4 12011.3 11993.7 11986.6 11992.9 12007.3 12060.4 12286.7 12309.2 12238.7 12458.3 12807 13375 13778.7 13969.8 14137.7 14333.9 14666.2 14887.5 15093.5 15275.1 15453.3 15769.6 16011 16230.5 16416.4 16620.3 16823.8 17164.5 17364.1 17553.9 17739.3 17828.6 17811.1 17776.9 17752.9 17777.8 17709.8 17614.9 17524.8 17453.9 17386.2 17310.3 17225.1 17037.8 16880.5 16696.8 16511.1 16295.6 16052.8 15775.3 15504.3
8150.53 8443.49 8736.86 9030.23 9328.38 9626.73 9923.97 10174.2 10424.4 10710.8 10876.5 11541.5 11868.4 11911.8 11949.1 11978.8 11999 11992.1 11987.8 11992.5 12005.2 12029.2 12137.2 12266 12157.3 11963.8 12219 12709.2 13320 13503 13671.1 13862.2 14225.7 14452.5 14672.9 14853.1 15021.7 15328 15550.5 15759.7 15973.2 16207.9 16454.8 16826.8 16990 17172.7 17375.1 17562.7 17626.3 17608.2 17575.9 17568.6 17554.3 17467.6 17393.4 17340.9 17270 17205.9 17127.6 16954.8 16814.6 16654.8 16492.8 16352 16158.8 15931 15646.8
7830.45 8111.43 8392.5 8673.56 8933.07 9191.62 9450.3 9714.61 9978.93 10280.2 10716.3 11139.7 11747.5 11850.5 11885.7 11914.3 11934.8 11945.8 11946.1 11968.1 11997 12020.8 12091.3 12134 12160.7 12039.5 11924.3 12202.8 12853 13047.3 13195.5 13371.3 13655.9 13946.5 14207.8 14393.8 14567.7 14886.2 15094.8 15288.7 15512.6 15772.9 16056.2 16471.4 16674.5 16858.9 17044 17234.5 17443.7 17440.2 17419.9 17390.2 17372.4 17305.5 17252.9 17202.2 17168.9 17094.6 17010.1 16868 16746.1 16590.2 16454.6 16335.4 16230.4 16028.3 15791.7
7510.37 7779.38 8048.13 8316.89 8537.76 8756.5 8976.62 9255.03 9533.44 9848.83 10543.3 10739.2 11363.7 11614.9 11829 11857.9 11880 11894.2 11899.4 11931.1 11977.9 11995.9 12051 12066.3 12131.7 12109.4 12010.4 11869.4 12258.8 12674.7 12758.5 12893.4 13071.1 13284.6 13584.5 13834.9 14088.9 14436.3 14640.2 14808.3 15039.4 15318.8 15681.3 16069.1 16330.2 16575.2 16751.3 16949.6 17178.9 17268.5 17255.5 17216.1 17173.5 17130.9 17102.4 17077.1 17072.2 17016.9 16930.1 16818.8 16691.4 16570 16452.5 16303.3 16163.8 16070.4 15889.4
7231.67 7491.61 7751.85 8012.1 8209.45 8404.01 8600.57 8881.47 9162.38 9480.53 10180.5 10622.1 11014.2 11285.1 11556 11808.2 11833.1 11851.6 11862.6 11906.5 11950.5 11960 12020.8 12085.7 12043.6 12083.8 12138.6 12045.9 11937.6 12467.2 12425.6 12493.3 12598.5 12730.3 12921.9 13158.5 13466.6 13927.4 14162.4 14341.1 14575.9 14868.9 15229.6 15632.4 15931.9 16216.8 16467.7 16694.8 16914.7 16979.1 16979 16957.5 16940 16945.6 16966.5 17038.8 16980.8 16928.3 16852 16755.3 16673 16582.3 16443.4 16319.9 16188.7 16069.2 15960
7001.66 7255.97 7512.17 7768.37 7960 8148.77 8339.42 8609.16 8878.91 9186.43 9881.17 10498.2 10705.1 10975.5 11245.9 11530 11792.7 11816.6 11834.3 11898 11919.2 11922.3 12001.1 12079.9 12101 12083.8 12104.1 12197 12242 12207.9 12212.8 12230.2 12249 12301.6 12555.4 12828.5 13144.5 13586 13860.2 14129.5 14373.4 14665.9 15015.3 15416.8 15727.1 16028.2 16300.4 16462.3 16608.6 16692.8 16707.5 16723.1 16749 16808.5 16842.9 16850 16863.7 16838.1 16776.8 16704.1 16642.3 16568.1 16433.1 16330.7 16220.5 16094.2 15959.7
6771.65 7020.32 7272.48 7524.64 7710.56 7893.53 8078.26 8336.85 8595.44 8892.33 9581.79 10271.3 10556.7 10758.5 10967.4 11226.9 11592.3 11787.7 11813.1 11887.8 11886.1 11919.9 11986.4 12058.1 12158.1 12136.2 12197 12056 11941.7 12115.3 12105.1 12094.8 12069.3 12041.8 12004.6 12189.8 12480.7 12980.4 13310.1 13619.6 13946.3 14245.8 14573.8 14953 15273.5 15595.9 15850.4 16033.9 16334.3 16490.5 16519.1 16547.7 16596.8 16670.2 16717 16735.6 16752.4 16741.2 16693.6 16650.9 16604.8 16546.7 16434.3 16335.6 16242.2 16133.2 15993.5
6662.4 6908.4 7158.64 7408.88 7592.08 7772.31 7954.22 8207.52 8460.81 8752.64 9439.6 10126.6 10429.1 10653.2 10887.5 11126.9 11464.1 11763.6 11798.7 11856.3 11891.4 11940.2 11966.3 12001.8 12058.9 12105.7 12035 11915.1 11859.4 12011.1 12094.3 12087 12050.2 11998.4 11875.4 11814.6 11962.4 12391 12732.2 13080.9 13445 13800.9 14171.6 14524.7 14831.4 15131.6 15362.8 15601 15971.1 16222.1 16325.7 16380.5 16482 16564.9 16619.6 16645.8 16665.7 16663.2 16625.3 16592.1 16561.6 16519.8 16405.1 16335.5 16253.7 16156.6 16031.3
6662.4 6908.4 7158.64 7408.88 7592.08 7772.31 7954.23 8207.52 8460.81 8752.64 9439.6 10057.7 10287.8 10537.1 10803 11082.9 11464.1 11743 11828.7 11837.7 12034.8 11983 11936.8 11923.9 11937 11958.5 11922 11810.8 11762.2 11931 12019.6 12171.7 12126 12041.2 11900.5 11667.5 11681.3 11943.2 12246.1 12574.5 12934.6 13324.4 13798.2 14111.6 14374.5 14663 15010.3 15375.9 15645.4 15879.2 16074.2 16228.5 16345.1 16442.6 16508.5 16544.4 16568 16576.4 16550.2 16526.6 16488.7 16449.3 16395.1 16327.9 16256.8 16171.1 16059.6
6662.4 6908.4 7158.64 7408.88 7592.08 7772.31 7954.22 8207.52 8460.81 8752.64 9439.6 9875.5 10249 10518.8 10788.6 11082.9 11464.1 11722.2 11798.8 11932.1 12132.6 12020.3 11873.9 11820.3 11806.5 11807.5 11805.9 11733.6 11686.5 11838.7 11881.2 11914.9 11883.4 11865.2 11897.5 11618.7 11601.8 11725.5 12012 12357.2 12751.4 13178.4 13589.2 13963.5 14198.7 14591.1 14918.3 15228.2 15407.3 15649.8 15858.7 16031.8 16167.1 16284.3 16366.5 16416.8 16442.7 16469.2 16457.7 16437.8 16416.6 16397.9 16367.4 16324.5 16265 16190.9 16096.4
6533.82 6759.51 6988.11 7216.7 7394.08 7569.19 7746.24 8005.31 8264.39 8559.05 9218.53 9666.42 9979.83 10266.2 10591 10975.1 11405.5 11776.1 11766.5 11787.1 11897.2 11797.6 11728.9 11718.4 11706.8 11693.4 11676.6 11661.1 11623.6 11696.5 11744.8 11583.4 11461.1 11504 11352.1 11347.4 11488.2 11571 11769.9 12020 12353.4 12770.2 13209.3 13616.3 13935 14302.5 14597.5 14896.1 15159.7 15365.9 15579.5 15767.3 15919.7 16058.6 16162.3 16233.1 16277.6 16318.4 16324.6 16323.9 16315.5 16308 16317.3 16297 16262.6 16215.9 16147.8
6316.17 6507.47 6699.42 6891.38 7058.9 7225.34 7394.16 7663.02 7931.88 8231.33 8844.29 9424.62 9718.64 10054.3 10433.3 10871.7 11367.9 11744.4 11734.2 11723.7 11713.4 11702.4 11691.1 11678.6 11664.8 11648.6 11629 11604.3 11572.4 11530.9 11562.7 11606.3 11675.6 11766.6 11307.1 11163.7 11211.8 11532.5 11666.4 11773.5 12023.6 12396.6 12811.3 13234.2 13631.6 14060.8 14304.4 14595.3 14843.7 15078 15291.3 15480.7 15638 15791.9 15915.6 16009.2 16076 16131.6 16161 16179.3 16189 16205.5 16227.3 16238.7 16225.7 16201.6 16158
6098.51 6255.42 6410.74 6566.05 6723.72 6881.5 7042.07 7320.73 7599.38 7903.61 8470.06 9036.51 9456.04 9817.56 10216.6 10606.4 10993.1 11379.8 11484.9 11595.3 11583.2 11556.4 11523.7 11524.8 11536.5 11551.3 11567.7 11561.4 11530.7 11598.2 11720.7 11657.4 11492.2 11526.4 11291.5 11231.3 11239.8 11319.4 11637.2 11705.9 11858.3 12122.8 12465.5 12859.6 13261.6 13722.8 14017.8 14295.1 14512.6 14734 14943.8 15137.3 15298.1 15463.2 15605.4 15722.7 15813.6 15897.5 15946.1 15986 16018 16040.2 16056.2 16075.8 16104.6 16112 16101.6
5893.95 6029.87 6165.95 6302.03 6453.71 6606.08 6761.4 7040.68 7319.97 7622.46 8162.95 8703.43 9143.83 9543.49 9915.84 10274.5 10659.5 10948 11088.4 11303.6 11482.7 11465.9 11441 11410.1 11373.9 11394.5 11421 11446.3 11529.6 11595.4 11518.9 11496.8 11373.8 11307.9 11287.1 11303.7 11308.7 11359.8 11388.1 11766.6 11853.5 12000.3 12241.3 12567.7 12928 13385.1 13704.6 13980.1 14213.3 14428.8 14625.7 14815.3 14972.5 15139.3 15289.5 15421 15529.3 15635.4 15698.4 15760 15812.7 15852.8 15886.3 15912.7 15943.9 15972.1 15985
