data/map/mohn8.asc
ncols         217
nrows         146
xllcorner     6.39591e+006
yllcorner     1.68973e+006
cellsize      1135.85
NODATA_value  -99999
[rows 90 to 119 of 146, columns 0 to 66 of 217]
2308.42 2371.17 2433.91 2456.78 2430.21 2403.64 2339.53 2239.69 2139.84 2049.88 1967.16 1884.43 1826.68 1782.78 1738.88 1820.28 1953.04 2085.8 2243.65 2408.8 2573.94 2657.13 2724.79 2792.44 2799.56 2800.41 2801.27 2880.12 2961.21 3042.34 3124.14 3205.94 3282.7 3315.72 3348.74 3376.12 3375.81 3375.5 3372.93 3362.99 3353.05 3336.34 3291.73 3173.42 3176.42 3131.53 3146.28 3160.37 3479.29 4110.23 4496.07 4634.46 4772.86 4916.38 5063.89 5211.39 5272.88 5283.64 5294.4 5305.27 5316.18 5327.1 5359.88 5399.54 5439.21 5519.23 5607.74
2548.91 2592.19 2635.47 2643.03 2606.33 2569.62 2494.76 2383.55 2272.35 2168.67 2070.48 1972.29 1911.97 1872.61 1833.25 1919.52 2057.27 2195.03 2296.43 2387.27 2478.11 2548.44 2614.89 2681.34 2660.91 2631.49 2602.08 2696.25 2793.98 2890.07 2944.58 2999.09 3045.73 3024.06 3002.39 2979.63 2951.46 2923.3 2898.94 2886.99 2875.04 2840.88 2755.01 2669.15 2594.04 2537.55 2481.06 2842.57 3138.06 3965.22 4515.45 4701.12 4886.78 5045.9 5184.46 5323.02 5362.98 5344.78 5326.59 5318.65 5315.22 5311.8 5328.44 5351.42 5374.39 5413.52 5456.04
2658.03 2696.22 2734.41 2733.68 2684.71 2635.73 2558.99 2455.79 2352.6 2265.43 2189.96 2114.5 2062.57 2023.69 1984.81 2065.17 2194.42 2323.67 2386.89 2430.93 2474.97 2496.16 2513.01 2529.86 2484.5 2432.71 2380.92 2448.96 2520.46 2589.68 2600.58 2611.49 2615.97 2564.7 2513.44 2465.27 2432.3 2399.33 2377.58 2392.42 2407.26 2396.3 2325.29 2254.27 2182.83 2110.62 2038.42 2405.88 3072.12 3597.38 4186.31 4414.97 4643.62 4854.14 5050.59 5247.04 5334.72 5358.24 5381.76 5382.43 5373.05 5363.67 5364.56 5368.68 5372.8 5387.67 5404.8
2716.59 2755.23 2793.87 2787.55 2725.48 2663.42 2588.2 2500.47 2412.73 2353.71 2315.66 2277.6 2238.31 2198.34 2158.36 2228.69 2344.24 2459.79 2491.85 2499.68 2507.5 2465.57 2414.21 2362.85 2293.57 2222.43 2151.3 2177.28 2206.06 2232.28 2193.31 2154.34 2112.03 2040.82 1969.62 1905.56 1876.65 1847.73 1837.99 1890.7 1943.42 1971.3 1941.39 1911.48 1867.28 1798.35 1729.43 2072.73 2958.27 3143.81 3723.06 3993.06 4263.07 4538.74 4818.8 5098.86 5260.91 5353.35 5445.79 5465.6 5453.5 5441.39 5426.66 5411.09 5395.53 5392.55 5392.22
2775.16 2814.24 2853.33 2841.41 2766.25 2691.1 2617.42 2545.14 2472.87 2441.99 2441.35 2440.71 2414.06 2372.99 2331.92 2392.21 2494.05 2595.9 2596.82 2568.42 2540.02 2434.98 2315.41 2195.83 2102.63 2012.16 1921.68 1905.6 1891.65 1874.88 1786.03 1697.18 1608.1 1516.94 1425.79 1345.85 1320.99 1296.14 1298.39 1388.98 1479.57 1546.3 1557.5 1568.69 1551.74 1486.08 1420.43 1739.59 2564.91 3067.67 3259.8 3571.16 3882.52 4223.34 4587.02 4950.69 5187.1 5348.46 5509.81 5548.77 5533.94 5519.11 5488.76 5453.51 5418.26 5397.43 5379.64
2814.6 2866.02 2917.44 2937.11 2917.44 2897.77 2863.89 2816.49 2769.08 2746.13 2741.04 2735.96 2709.56 2671.36 2633.16 2658.71 2710.38 2762.06 2725.38 2663.04 2600.7 2465.09 2315.58 2166.07 2072.85 1985.45 1898.04 1852.87 1808.9 1762.24 1646.79 1531.34 1419.49 1338.9 1258.3 1191.35 1191.43 1191.51 1211.87 1298.29 1384.7 1448.77 1460.82 1472.88 1448.45 1360.89 1273.33 1494.81 2122.8 2750.78 3068.23 3117.36 3256.11 3438.85 3866.38 4293.91 4570.95 4759.21 4947.47 5069.64 5162.76 5255.88 5357.78 5462.45 5567.12 5561.27 5532.16
2848.88 2915.84 2982.8 3044.09 3098.37 3152.64 3168.88 3148.87 3128.87 3108.41 3087.6 3066.79 3037.32 3003.06 2968.79 2952.94 2944.62 2936.31 2860.3 2764.63 2668.96 2511.53 2342.4 2173.26 2086.46 2008.17 1929.88 1859.1 1788.54 1715.52 1579.73 1443.94 1315.81 1253.99 1192.17 1145.98 1176.62 1207.26 1247.36 1318.28 1389.2 1439.43 1441.51 1443.58 1402.32 1286.08 1169.83 1273.84 1667.56 2061.28 2376.96 2613.86 2850.76 3120.36 3162.45 3500.17 3808.73 4012.59 4216.45 4439.07 4669.95 4900.82 5174.8 5462.37 5749.94 5767.92 5729.14
2883.16 2965.66 3048.16 3151.07 3279.29 3407.52 3473.86 3481.26 3488.66 3470.68 3434.15 3397.62 3365.09 3334.76 3304.43 3247.16 3178.86 3110.56 2995.22 2866.22 2737.22 2557.98 2369.22 2180.45 2100.07 2030.89 1961.71 1865.34 1768.18 1668.8 1512.68 1356.55 1212.12 1169.08 1126.03 1100.61 1161.81 1223.01 1282.86 1338.28 1393.7 1430.1 1422.19 1414.28 1356.2 1211.27 1066.34 1052.87 1212.32 1371.77 1546.59 1736.94 1927.28 2317.18 2861.8 3130 3119.67 3265.97 3485.42 3808.51 4177.13 4545.76 4991.82 5462.29 5932.75 5974.56 5926.12
2997.26 3131.36 3265.46 3397.23 3526.12 3655 3719.67 3723.19 3726.71 3653.32 3523.75 3394.18 3338.85 3324.63 3310.41 3263.07 3202.14 3141.21 3039.74 2926.5 2813.25 2648.17 2473.25 2298.33 2194.78 2098.61 2002.43 1901.39 1800.22 1697.46 1554.3 1411.14 1282.02 1274.61 1267.2 1268.67 1313.75 1358.82 1404.16 1450.36 1496.56 1521.08 1495.09 1469.11 1384.72 1199.25 1013.77 950.739 1048.77 1146.81 1269.44 1416.9 1564.37 1877.36 2318.68 2760 3060.72 3216.21 3250.65 3293.93 3623.69 4072.68 4528.06 4985.44 5442.82 5650.91 5806.53
3125.06 3316.95 3508.85 3667.29 3784.25 3901.21 3955.33 3949.59 3943.85 3805.13 3569.25 3333.37 3251.86 3255.84 3259.83 3231.21 3189.21 3147.22 3068.75 2979.69 2890.62 2745.85 2590.53 2435.21 2303.41 2174.04 2044.67 1942.57 1841.25 1739.05 1614.57 1490.09 1381.7 1412.83 1443.95 1473.36 1494.29 1515.23 1540.18 1578.24 1616.31 1629.27 1583.83 1538.38 1426.06 1198 969.936 869.001 935.284 1001.57 1087.22 1192.44 1297.66 1518.37 1828.62 2138.86 2388.04 2601.2 2814.36 3240.34 3164.79 3579.36 4016.1 4426.76 4837.42 5236.26 5632.6
3252.86 3502.55 3752.23 3937.34 4042.38 4147.43 4190.99 4176 4161 3956.94 3614.75 3272.56 3164.87 3187.05 3209.24 3199.34 3176.29 3153.24 3097.76 3032.87 2967.98 2843.54 2707.81 2572.08 2412.04 2249.48 2086.91 1983.74 1882.27 1780.65 1674.84 1569.04 1481.38 1551.04 1620.71 1678.05 1674.84 1671.64 1676.21 1706.13 1736.05 1737.47 1672.56 1607.65 1467.4 1196.75 926.104 787.263 821.794 856.325 905.008 967.981 1030.95 1159.38 1338.55 1517.73 1715.36 1923.89 2132.42 2605.97 3196 3171.78 3504.15 3868.09 4232.03 4821.6 5458.68
3375.28 3637.44 3899.61 4100.06 4223.99 4347.92 4395.21 4369.51 4343.81 4173.91 3898.66 3623.41 3422.46 3262.67 3102.88 3074.1 3099.03 3123.96 3108.21 3080.64 3053.08 2956.56 2846.97 2737.38 2576.02 2409.3 2242.59 2120.45 1999.59 1879.13 1768.7 1658.27 1566.37 1635.03 1703.69 1760.26 1757.41 1754.56 1751.2 1746.18 1741.16 1714.19 1636.14 1558.08 1419.38 1175.7 932.02 800.172 815.42 830.668 853.406 883.706 859.943 933.232 1079.09 1295.89 1451.13 1613.1 1775.08 2141.52 2597.84 3054.15 3254.88 3263.97 3428.7 4092.19 4821.74
3497.22 3767.89 4038.56 4253.35 4398.87 4544.39 4596.67 4560.13 4523.6 4396.6 4203.51 4010.43 3710.33 3350.97 2991.61 2940.65 3016.11 3091.58 3117.02 3127.94 3138.85 3070.92 2988.05 2905.17 2744.86 2576.55 2408.24 2265.56 2123.62 1982.61 1865.51 1748.41 1650.06 1714.25 1778.44 1831.72 1831.37 1831.02 1820.82 1778.5 1736.19 1679.36 1588.71 1498.07 1363.5 1152.9 942.308 821.399 818.46 815.521 684.823 620.077 591.878 634.511 748.689 910.944 1091.19 1334.53 1446.26 1692 1996.65 2301.3 2631.49 2969.74 3298.96 3335.11 4144.11
3619.17 3898.34 4177.5 4406.64 4573.75 4740.86 4798.12 4750.75 4703.39 4619.29 4508.37 4397.45 3998.21 3439.28 2880.35 2807.2 2933.2 3059.19 3125.83 3175.23 3224.63 3185.29 3129.13 3072.96 2913.71 2743.79 2573.88 2410.66 2247.64 2086.1 1962.33 1838.55 1733.76 1793.47 1853.19 1903.17 1905.33 1907.48 1890.44 1810.83 1731.23 1644.52 1541.29 1438.06 1307.62 1130.11 952.595 842.625 821.499 627.802 450.29 319.9 252.98 264.244 370.209 508.007 668.146 1055.95 1117.44 1242.49 1395.47 1548.45 1833.62 2160.44 2487.26 3278.03 3466.48
3723.4 4007.97 4292.54 4516.61 4665.67 4814.74 4871.1 4839.18 4807.25 4724.1 4603.52 4482.94 4159.02 3722.48 3285.93 3113.39 3049.07 2984.75 3022.42 3089.72 3157.01 3145.54 3119.14 3092.73 2970.48 2838.33 2706.18 2549.04 2391.19 2234.91 2118.67 2002.44 1900.17 1918.96 1937.74 1951.08 1937.69 1924.3 1891.79 1796.98 1702.17 1598.14 1472.64 1347.14 1220.51 1091.9 963.296 879.774 676.24 423.899 168.634 -43.7462 -164.098 -200.725 -40.1025 82.7291 490.481 810.052 1009.39 1113.7 1246.13 1378.55 1617.06 1889 2160.95 2803.01 3439.51
3827.36 4117.29 4407.21 4625.92 4756.33 4886.74 4942.12 4926.04 4909.96 4827.1 4695.46 4563.82 4317.89 4008.66 3699.43 3426.3 3167.98 2909.66 2917.29 3002.17 3087.04 3103.43 3106.83 3110.23 3025.55 2931.76 2837.97 2687.32 2535.04 2384.41 2275.93 2167.46 2067.85 2045.15 2022.44 1998.63 1969.42 1940.21 1892.1 1782.42 1672.75 1551.58 1403.67 1255.76 1132.92 1053.46 974.004 917.166 579.789 222.92 -155.908 -499.423 -664.901 -862.945 -412.624 41.7854 400.993 684.389 904.731 989.821 1103.7 1217.58 1409.41 1625.81 1842.2 2332.31 2880.04
3932.74 4226.76 4520.79 4733.6 4845.74 4957.88 5012.32 5011.79 5011.26 4930.63 4791.48 4652.34 4483.12 4297.25 4111.38 3745.68 3306.25 2866.83 2841 2935.29 3029.58 3071.07 3102.54 3134.01 3086.15 3030.1 2974.04 2830.32 2684.07 2539.52 2438.24 2336.96 2239.59 2176.19 2112.78 2052.43 2007.12 1961.81 1897.87 1773.21 1648.55 1510.58 1341.66 1172.73 1053.19 1019.13 985.073 953.104 502.831 43.9017 -515.765 -1133.14 -1133.14 -648.867 -254.075 96.0432 387.316 621.783 803.21 870.035 966.347 1062.66 1210.52 1374.63 1538.74 1883.37 2266
4064.56 4339.18 4613.8 4810.91 4911.92 5012.93 5067.09 5076.62 5086.15 5043.97 4964.03 4884.09 4767.68 4631.08 4494.48 4186.24 3807.63 3429.02 3305.51 3256.08 3206.66 3221.48 3248.48 3275.49 3250.71 3220.58 3190.46 3061.79 2930.28 2799.79 2695.13 2590.48 2487.42 2398.16 2308.91 2223.49 2156.89 2090.29 2006.02 1864.21 1722.41 1573.99 1410.2 1246.41 1120.98 1061.95 1002.92 961.77 434.528 -34.377 -817.913 -1088.11 -684.282 -345.31 -50.8536 209.147 430.442 612.219 760.631 826.984 924.192 1021.4 1176.14 1349.01 1521.89 1842.52 2194.26
4196.39 4451.61 4706.82 4888.23 4978.1 5067.98 5121.86 5141.45 5161.04 5157.32 5136.58 5115.84 5052.24 4964.91 4877.58 4626.79 4309 3991.21 3770.02 3576.88 3383.74 3371.9 3394.43 3416.96 3415.27 3411.07 3406.88 3293.26 3176.5 3060.06 2952.03 2844 2735.24 2620.14 2505.04 2394.54 2306.65 2218.76 2114.18 1955.22 1796.26 1637.4 1478.74 1320.09 1188.77 1104.76 1020.76 970.435 307.89 201.977 -121.703 -275.563 -170.576 2.76344 186.827 360.956 513.087 636.022 718.052 783.934 882.037 980.141 1141.76 1323.4 1505.03 1801.67 2122.51
4335.57 4570.68 4805.79 4971.6 5051.48 5131.36 5185.16 5214.14 5243.11 5270.99 5298.07 5325.15 5305.23 5259.27 5213.3 5033.23 4798.18 4563.13 4271.48 3963.38 3655.28 3604.01 3601.42 3598.84 3601.31 3604.3 3607.3 3513 3415.91 3318.4 3210.48 3102.56 2991.61 2854.42 2717.23 2584.64 2474.68 2364.72 2240.02 2067.28 1894.55 1728.08 1576.2 1424.33 1284.76 1166.5 1048.24 713.179 987 656.102 404.684 278.135 274.776 340.114 434.44 534.766 624.926 700.73 690.214 755.585 854.307 953.029 1121.15 1311.13 1501.11 1777.4 2071.86
4530.63 4740.27 4949.92 5101 5179.48 5257.96 5313.26 5346.49 5379.71 5387.07 5375.53 5364 5318.31 5253.71 5189.11 5180.45 5194.71 5208.97 5053.65 4849.09 4644.52 4456.77 4272.2 4087.63 3950.55 3818.38 3686.22 3643.61 3603.59 3562 3480.69 3399.37 3312.94 3182.18 3051.41 2919.43 2781.51 2643.59 2500.26 2339.34 2178.41 2025.99 1893.36 1760.73 1595 1371.96 1148.93 1023.74 1027.24 1030.74 806.203 708.638 651.431 648.475 676.053 718.739 751.123 784.161 774.365 838.926 936.166 1033.41 1205.11 1400.28 1595.45 1879.14 2181.47
4725.68 4909.87 5094.05 5230.41 5307.49 5384.56 5441.36 5478.83 5516.31 5503.15 5453 5402.84 5331.4 5248.16 5164.93 5327.66 5591.23 5755.52 5711.73 5719.38 5633.76 5309.52 4942.97 4576.42 4299.79 4032.46 3765.13 3774.22 3791.27 3805.61 3750.9 3667.67 3629.34 3509.93 3385.59 3254.22 3088.34 2922.46 2760.51 2611.39 2462.27 2323.9 2210.52 2097.14 1905.24 1577.43 1249.62 1064.63 1067.48 1070.34 1080.75 1098.79 973.835 926.304 902.558 913.014 876.667 867.591 858.516 922.267 1018.02 1113.78 1289.08 1489.43 1689.79 1980.88 2291.07
4910.32 5070.39 5230.46 5351.73 5424.89 5498.05 5552.16 5588.13 5624.1 5591.56 5508.97 5426.38 5338.92 5248.76 5158.61 5457.76 5852.9 5838.68 5813.8 5810.72 5823.09 5806.13 5574.43 5100.86 4731.01 4371.87 4012.74 4033.07 4064.32 4092.86 3918.46 3761.31 3660.64 3639.05 3563.72 3544.69 3419.5 3236.11 3064.06 2928.96 2793.85 2668.81 2567.22 2465.63 2249.71 1835.91 1422.1 1183.56 1175.54 1167.51 1174.51 1196.66 1218.82 1180.35 1094.86 1009.38 970.341 958.697 947.053 1007.84 1100.46 1193.08 1372.06 1578.25 1784.44 2078.34 2390.71
5048.12 5190.16 5332.2 5436.7 5494.64 5552.58 5585.24 5593.82 5602.41 5555.62 5468.36 5381.11 5321.43 5277.02 5232.61 5510.92 5901.84 5918.33 5914.15 5902.03 5899.76 5899.62 5882.98 5785.57 5530.63 5274.53 5018.42 4854.91 4654.34 4393.69 4322.64 3880.36 3748.01 3659.38 3638.94 3623.73 3552.95 3545.91 3533.03 3451.05 3339.85 3225.01 3101.65 2978.3 2748.01 2332.62 1917.23 1653.23 1588.35 1523.48 1474.75 1442.34 1409.93 1345.05 1254.99 1164.94 1113.29 1084.3 1055.3 1103.45 1185.5 1267.54 1450.65 1665.59 1880.54 2156.6 2445.52
5185.93 5309.94 5433.95 5521.66 5564.38 5607.11 5618.32 5599.52 5580.72 5519.67 5427.76 5335.85 5303.94 5305.28 5306.61 5564.08 5926.56 5938.8 5946.67 5951.16 5951.56 5946.47 5943.1 5930.84 5893.19 5783.68 5514.83 5007.81 4917.59 4572.05 4416.16 4109.71 3988.82 3903.03 3817.23 3724.9 3633.15 3627.3 3629.05 3674.95 3676.08 3649.17 3636.09 3490.97 3246.3 2829.33 2412.36 2122.9 2001.17 1879.44 1775 1688.02 1601.04 1509.75 1415.12 1320.49 1256.24 1209.89 1163.55 1199.06 1270.53 1342 1529.23 1752.93 1976.64 2234.85 2500.34
5311.36 5415.12 5518.89 5588.75 5616.57 5644.39 5637.42 5597.32 5557.21 5487.62 5396.5 5305.38 5295.8 5331.39 5366.97 5605.06 5926.16 5964.97 5983.13 5985.59 5989.37 5991.33 6072.55 6220.2 6169.7 6098.71 6027.72 5669.61 5301.43 4816.31 4660.48 4504.64 4355.79 4267.53 4179.27 4090.12 3996.58 3903.05 3814.95 3744.58 3688.04 3673.46 3648.87 3643.8 3633.48 3315.49 2917.29 2617.87 2448.39 2278.92 2125.79 1989.17 1852.56 1732.39 1624.97 1517.55 1440.46 1381.26 1322.05 1340.29 1392.57 1444.84 1634.19 1866.73 2099.27 2335.75 2573.05
5399.22 5476.02 5552.82 5601.54 5615.43 5629.32 5614.09 5571.14 5528.18 5467.41 5393.62 5319.84 5316.03 5350.97 5385.92 5609.03 5909.27 5983.14 5991.09 5992.8 6008.35 6014.98 6016.7 6012.73 6008.51 5990.53 5928.37 5809.67 5682.12 5504.57 5039.58 4887.05 4735.34 4590.8 4446.25 4316.25 4257.75 4199.26 4136.95 4062.22 3987.49 3891 3743.86 3652.69 3643.05 3620.24 3451.97 3189.67 3000.11 2810.55 2630.09 2458.82 2287.55 2130.98 1985.81 1840.64 1750.03 1691.59 1633.16 1620.1 1626.97 1633.85 1819.23 2060.87 2302.5 2505.39 2700.11
5487.07 5536.91 5586.75 5614.32 5614.28 5614.25 5590.76 5544.96 5499.15 5447.19 5390.75 5334.3 5336.25 5370.56 5404.87 5613 5892.38 5999.82 6007.69 6016.29 6025.94 6028.77 6027.58 6020.9 6024.62 6019.67 5992.71 5911.68 5804.13 5639.13 5515.09 5269.45 5114.89 4914.06 4713.22 4542.38 4518.93 4495.47 4458.95 4379.86 4300.76 4204.68 4069.04 3933.41 3760.65 3645.01 3619.84 3604.75 3551.83 3342.18 3134.39 2928.47 2722.55 2529.58 2346.66 2163.73 2059.59 2001.93 1944.27 1899.9 1861.38 1822.86 2004.28 2255.01 2505.73 2675.02 2827.17
5547.89 5577.07 5606.25 5618.88 5610.97 5603.07 5574.75 5526.98 5479.22 5433.31 5388.77 5344.22 5350.14 5384.01 5417.88 5615.72 5880.78 6004.1 6017.31 6023.64 6035.22 6035.54 6034.71 6030.98 6032.45 6045.42 6029.42 5962.1 5924.4 5825.91 5692.8 5558.02 5375.49 5136.01 4896.52 4697.64 4698.25 4698.85 4680.04 4597.95 4515.86 4420.05 4292.31 4164.57 4017.08 3835.43 3665.64 3663.19 3639.27 3608.17 3480.63 3250.92 3021.21 2803.25 2594.41 2385.56 2272.14 2215 2157.87 2092.01 2022.32 1952.63 2131.33 2388.3 2645.27 2791.5 2914.41
5549.49 5571.81 5594.14 5605.39 5602.9 5600.42 5574.75 5526.98 5479.22 5433.31 5388.77 5344.22 5350.14 5384.01 5417.88 5615.72 5880.78 6023.51 6031.07 6034.12 6059.46 6071.19 6079.95 6077.03 6079.26 6079.26 6074.88 6032.01 5952.61 5935.02 5863.02 5741.12 5640.51 5504.64 4896.52 4743.46 4698.25 4698.85 4680.04 4597.95 4515.86 4420.05 4292.31 4164.57 4017.08 3835.43 3683.73 3670.28 3667.65 3659.05 3480.63 3250.92 3021.21 2803.25 2594.41 2385.56 2272.14 2215 2157.87 2092.01 2022.32 1952.63 2131.33 2388.3 2645.27 2791.5 2914.41
