data/map/nathi.asc
ncols         291
nrows         206
xllcorner     6401616.0292767
yllcorner     1702504.3782001
cellsize      725.71576782226
NODATA_value  -9999
[rows 112 to 139 of 206, columns 128 to 191 of 291]
544.5946 543.7376 542.8981 542.0742 541.2644 540.4672 539.6814 538.9056 538.1389 537.3799 536.6279 535.882 535.1414 534.4052 533.6729 532.9438 532.2174 531.4932 530.7706 530.0493 529.3289 528.6089 527.8893 527.1696 526.4495 525.7289 525.0077 524.2855 523.5622 522.8378 522.112 521.3849 520.6597 519.94 519.2253 518.515 517.8085 517.1054 516.4053 515.7078 515.0124 514.3189 513.627 512.9363 512.2467 511.5578 510.8696 510.1817 509.494 508.8064 508.1187 507.4308 506.7426 506.0539 505.3648 504.675 503.9847 503.2936 502.6018 501.9092 501.2159 500.5216 499.8266 499.1307
543.4638 542.5963 541.7474 540.9152 540.098 539.2944 538.5028 537.722 536.9507 536.188 535.4326 534.6838 533.9406 533.2023 532.4682 531.7375 531.0098 530.2845 529.561 528.8389 528.1179 527.3976 526.6776 525.9575 525.2373 524.5167 523.7953 523.0731 522.3499 521.6255 520.8998 520.1734 519.4517 518.7357 518.0248 517.3182 516.6157 515.9166 515.2205 514.527 513.8358 513.1464 512.4586 511.7721 511.0867 510.402 509.718 509.0343 508.3508 507.6674 506.984 506.3003 505.6163 504.9319 504.247 503.5616 502.8755 502.1888 501.5013 500.8131 500.1241 499.4343 498.7437 498.0524
542.3465 541.4677 540.6086 539.7674 538.9423 538.1316 537.3339 536.5476 535.7715 535.0046 534.2456 533.4937 532.7477 532.0071 531.271 530.5387 529.8096 529.083 528.3586 527.6357 526.9141 526.1933 525.4729 524.7526 524.0322 523.3115 522.5901 521.8679 521.1448 520.4205 519.695 518.9707 518.2527 517.5405 516.8334 516.1309 515.4324 514.7374 514.0455 513.3563 512.6693 511.9842 511.3007 510.6186 509.9374 509.2572 508.5775 507.8982 507.2192 506.5402 505.8612 505.1819 504.5024 503.8225 503.1421 502.4612 501.7796 501.0974 500.4146 499.7309 499.0466 498.3615 497.6757 496.9891
541.243 540.3518 539.4818 538.6309 537.7972 536.9789 536.1744 535.3823 534.6011 533.8297 533.0667 532.3113 531.5626 530.8194 530.0812 529.347 528.6164 527.8886 527.1631 526.4395 525.7172 524.9958 524.2751 523.5546 522.834 522.1132 521.3918 520.6697 519.9467 519.2226 518.4974 517.7766 517.0624 516.3541 515.6511 514.9527 514.2584 513.5677 512.8801 512.1952 511.5126 510.832 510.153 509.4754 508.7988 508.1231 507.448 506.7733 506.0988 505.4245 504.7501 504.0755 503.4006 502.7254 502.0497 501.3735 500.6967 500.0193 499.3413 498.6625 497.9831 497.303 496.6222 495.9406
540.1536 539.2491 538.3672 537.5057 536.6627 535.8362 535.0245 534.226 533.4392 532.6629 531.8958 531.1367 530.3848 529.6389 528.8984 528.1624 527.4301 526.7009 525.9744 525.2499 524.5269 523.805 523.0839 522.3632 521.6425 520.9216 520.2003 519.4782 518.7554 518.0315 517.3078 516.5908 515.8806 515.1763 514.4775 513.7833 513.0934 512.4071 511.724 511.0436 510.3657 509.6897 509.0153 508.3424 507.6705 506.9995 506.3292 505.6592 504.9896 504.32 503.6505 502.9807 502.3107 501.6404 500.9697 500.2984 499.6266 498.9543 498.2813 497.6077 496.9335 496.2586 495.5831 494.9069
539.0786 538.1596 537.2649 536.392 535.5389 534.7035 533.8839 533.0786 532.2858 531.5042 530.7325 529.9695 529.2142 528.4655 527.7225 526.9843 526.2503 525.5198 524.7921 524.0666 523.3429 522.6205 521.899 521.178 520.4572 519.7363 519.0151 518.2932 517.5706 516.847 516.1261 515.413 514.7068 514.0068 513.3122 512.6225 511.9371 511.2554 510.5769 509.9013 509.228 508.5568 507.8873 507.2192 506.5522 505.8861 505.2207 504.5558 503.8911 503.2266 502.562 501.8973 501.2325 500.5673 499.9017 499.2356 498.5691 497.902 497.2344 496.5662 495.8974 495.228 494.5581 493.8877
538.0184 537.0837 536.175 535.2899 534.4258 533.5807 532.7527 531.9399 531.1406 530.3533 529.5768 528.8096 528.0505 527.2987 526.553 525.8127 525.0768 524.3448 523.6158 522.8894 522.1649 521.442 520.7201 519.9989 519.278 518.5571 517.836 517.1144 516.392 515.6691 514.952 514.2429 513.5409 512.8452 512.1551 511.4699 510.7892 510.1122 509.4386 508.7678 508.0995 507.4332 506.7687 506.1056 505.4437 504.7827 504.1224 503.4626 502.8031 502.1438 501.4845 500.8251 500.1655 499.5057 498.8455 498.1849 497.5238 496.8623 496.2003 495.5377 494.8747 494.2112 493.5471 492.8827
536.9736 536.0219 535.098 534.1994 533.3235 532.468 531.6307 530.8099 530.0035 529.2102 528.4283 527.6565 526.8936 526.1384 525.3899 524.6472 523.9093 523.1756 522.4454 521.7179 520.9927 520.2692 519.5469 518.8254 518.1045 517.3837 516.6627 515.9414 515.2194 514.4982 513.7851 513.0801 512.3824 511.6912 511.0057 510.3253 509.6493 508.9773 508.3086 507.6428 506.9796 506.3185 505.6591 505.0013 504.3446 503.6889 503.0339 502.3795 501.7253 501.0714 500.4176 499.7637 499.1096 498.4554 497.8008 497.1459 496.4905 495.8348 495.1787 494.5221 493.8651 493.2077 492.5499 491.8917
535.9446 534.9742 534.0339 533.1207 532.2319 531.3651 530.5179 529.6884 528.8745 528.0745 527.2869 526.5101 525.7429 524.9841 524.2326 523.4873 522.7474 522.012 521.2803 520.5518 519.8257 519.1016 518.379 517.6573 516.9364 516.2157 515.495 514.7739 514.0524 513.3341 512.625 511.9243 511.2311 510.5445 509.8637 509.1882 508.5172 507.8502 507.1866 506.5261 505.8681 505.2123 504.5583 503.9058 503.2546 502.6044 501.9549 501.306 500.6575 500.0092 499.361 498.7128 498.0645 497.416 496.7673 496.1183 495.469 494.8194 494.1693 493.519 492.8683 492.2173 491.5661 490.9146
534.9321 533.9414 532.9832 532.0541 531.1513 530.2722 529.4142 528.5752 527.7531 526.9459 526.1521 525.3701 524.5983 523.8356 523.0809 522.3328 521.5906 520.8533 520.1202 519.3906 518.6637 517.939 517.216 516.4942 515.7733 515.0527 514.3323 513.6117 512.8908 512.1763 511.4714 510.7751 510.0865 509.4046 508.7288 508.0582 507.3924 506.7306 506.0723 505.4171 504.7646 504.1143 503.4658 502.8189 502.1733 501.5288 500.885 500.2418 499.5991 498.9566 498.3144 497.6721 497.0298 496.3874 495.7448 495.102 494.4589 493.8156 493.172 492.5282 491.8841 491.2399 490.5955 489.951
533.9366 532.9239 531.946 530.9997 530.0817 529.1892 528.3195 527.4702 526.6392 525.8243 525.0238 524.236 523.4594 522.6926 521.9342 521.1833 520.4387 519.6995 518.9648 518.2339 517.5062 516.7809 516.0576 515.3356 514.6147 513.8944 513.1744 512.4543 511.7349 511.0244 510.3238 509.632 508.9481 508.2711 507.6004 506.935 506.2744 505.618 504.9653 504.3156 503.6687 503.024 502.3813 501.7402 501.1004 500.4617 499.8239 499.1866 498.5499 497.9135 497.2773 496.6412 496.0052 495.369 494.7328 494.0964 493.4599 492.8232 492.1863 491.5493 490.9122 490.2751 489.6379 489.0007
532.9593 531.9223 530.923 529.9578 529.0233 528.1161 527.2338 526.3734 525.5326 524.7094 523.9017 523.1077 522.3257 521.5544 520.7923 520.0382 519.291 518.5497 517.8135 517.0814 516.3527 515.6268 514.9031 514.1811 513.4603 512.7403 512.0208 511.3013 510.5843 509.8779 509.1818 508.4946 507.8156 507.1437 506.4781 505.8181 505.163 504.5121 503.865 503.2211 502.58 501.9411 501.3043 500.6692 500.0354 499.4028 498.771 498.14 497.5095 496.8794 496.2495 495.6198 494.9902 494.3606 493.731 493.1013 492.4716 491.8419 491.212 490.5822 489.9523 489.3226 488.6929 488.0635
532.0009 530.9374 529.9147 528.9289 527.9761 527.0532 526.1569 525.2844 524.4332 523.6008 522.7853 521.9846 521.1969 520.4207 519.6546 518.8972 518.1472 517.4037 516.6657 515.9323 515.2027 514.4763 513.7523 513.0302 512.3096 511.59 510.8709 510.1522 509.4385 508.7364 508.0447 507.3625 506.6884 506.0218 505.3615 504.7071 504.0576 503.4124 502.7711 502.1331 501.498 500.8652 500.2345 499.6055 498.9779 498.3516 497.7261 497.1015 496.4774 495.8538 495.2305 494.6075 493.9846 493.3618 492.7391 492.1164 491.4938 490.8712 490.2487 489.6263 489.0041 488.3821 487.7603 487.139
531.0626 529.97 528.9216 527.9131 526.9407 526.0003 525.0889 524.2032 523.3405 522.4984 521.6743 520.8663 520.0725 519.2911 518.5206 517.7596 517.0067 516.2609 515.5211 514.7863 514.0558 513.3287 512.6044 511.8824 511.162 510.4429 509.7245 509.0067 508.2969 507.5992 506.9123 506.2349 505.5661 504.9048 504.2501 503.6013 502.9576 502.3184 501.6831 501.0512 500.4222 499.7957 499.1713 498.5486 497.9275 497.3076 496.6888 496.0707 495.4533 494.8364 494.2199 493.6038 492.9879 492.3721 491.7566 491.1412 490.526 489.9109 489.2961 488.6815 488.0672 487.4533 486.8399 486.2271
530.1459 529.0211 527.9445 526.9113 525.917 524.9577 524.0297 523.1296 522.2545 521.4016 520.5684 519.7525 518.952 518.165 517.3898 516.6249 515.869 515.1207 514.3789 513.6427 512.9112 512.1835 511.459 510.7371 510.017 509.2985 508.5809 507.8647 507.159 506.4658 505.7837 505.1115 504.448 503.7922 503.1432 502.5003 501.8626 501.2295 500.6004 499.9748 499.3522 498.7321 498.1142 497.4981 496.8837 496.2705 495.6584 495.0471 494.4366 493.8267 493.2173 492.6083 491.9996 491.3912 490.7831 490.1753 489.5678 488.9606 488.3537 487.7473 487.1413 486.5359 485.9312 485.3272
529.2524 528.0921 526.9843 525.9238 524.9056 523.9255 522.9794 522.0636 521.1749 520.3102 519.467 518.6426 517.8349 517.0419 516.2616 515.4926 514.7333 513.9823 513.2385 512.5009 511.7684 511.0401 510.3155 509.5936 508.874 508.1562 507.4396 506.7256 506.0242 505.3356 504.6585 503.9915 503.3335 502.6835 502.0404 501.4035 500.772 500.1452 499.5226 498.9034 498.2874 497.6739 497.0627 496.4535 495.8458 495.2396 494.6344 494.0303 493.4269 492.8242 492.2221 491.6205 491.0194 490.4186 489.8183 489.2184 488.6188 488.0198 487.4212 486.8233 486.226 485.6295 485.0339 484.4393
528.384 527.1844 526.0422 524.9515 523.907 522.904 521.9379 521.0049 520.1014 519.224 518.3698 517.5361 516.7206 515.921 515.1353 514.3618 513.5989 512.8452 512.0993 511.3601 510.6266 509.8978 509.173 508.4514 507.7323 507.0153 506.2998 505.5887 504.8917 504.2079 503.5359 502.8743 502.222 501.5779 500.9409 500.3103 499.6852 499.0649 498.4488 497.8364 497.2271 496.6205 496.0163 495.4141 494.8135 494.2144 493.6165 493.0197 492.4237 491.8285 491.234 490.6401 490.0467 489.4539 488.8616 488.2698 487.6786 487.0881 486.4983 485.9092 485.321 484.7339 484.1478 483.563
527.5432 526.2999 525.1194 523.9954 522.9218 521.8935 520.9056 519.9536 519.0338 518.1424 517.2763 516.4326 515.6085 514.8018 514.0102 513.2319 512.4652 511.7085 510.9604 510.2196 509.485 508.7558 508.0309 507.3096 506.5912 505.8752 505.161 504.4533 503.7607 503.0819 502.4152 501.7593 501.1129 500.4748 499.8442 499.22 498.6015 497.9879 497.3787 496.7731 496.1709 495.5714 494.9743 494.3793 493.7861 493.1944 492.6039 492.0147 491.4264 490.8389 490.2523 489.6663 489.0811 488.4965 487.9125 487.3293 486.7468 486.1652 485.5844 485.0046 484.426 483.8485 483.2725 482.6979
526.7327 525.4407 524.2177 523.0566 521.9508 520.8945 519.8824 518.9096 517.9718 517.0651 516.186 515.3312 514.4979 513.6834 512.8856 512.1022 511.3313 510.5714 509.8209 509.0785 508.3429 507.6132 506.8883 506.1675 505.45 504.7351 504.0224 503.3185 502.6306 501.9569 501.2957 500.6456 500.0052 499.3735 498.7494 498.1319 497.5202 496.9135 496.3113 495.713 495.118 494.5258 493.9361 493.3486 492.7629 492.1789 491.5962 491.0147 490.4344 489.8549 489.2764 488.6988 488.1219 487.5458 486.9706 486.3963 485.8229 485.2505 484.6792 484.1091 483.5404 482.9731 482.4075 481.8438
525.9563 524.6097 523.3391 522.1366 520.9949 519.9076 518.8687 517.8729 516.9153 515.9918 515.0983 514.2315 513.3881 512.5652 511.7605 510.9715 510.1963 509.433 508.68 507.9359 507.1992 506.4691 505.7444 505.0241 504.3076 503.5941 502.8832 502.1836 501.5005 500.832 500.1765 499.5324 498.8984 498.2732 497.6558 497.0451 496.4405 495.8411 495.2462 494.6552 494.0676 493.4831 492.901 492.3213 491.7434 491.1673 490.5926 490.0192 489.4471 488.876 488.3059 487.7368 487.1687 486.6015 486.0353 485.4702 484.9063 484.3435 483.7821 483.2222 482.6638 482.1073 481.5527 481.0002
525.2182 523.8101 522.4861 521.2372 520.0555 518.9336 517.8649 516.8435 515.8641 514.9221 514.0129 513.1328 512.2783 511.4463 510.6341 509.8391 509.0591 508.2922 507.5366 506.7907 506.0531 505.3225 504.598 503.8785 503.1632 502.4514 501.7427 501.0474 500.3693 499.7064 499.0567 498.4189 497.7914 497.1729 496.5625 495.959 495.3617 494.7697 494.1823 493.599 493.0192 492.4424 491.8683 491.2965 490.7268 490.1588 489.5924 489.0275 488.4638 487.9013 487.34 486.7798 486.2208 485.6628 485.1061 484.5506 483.9965 483.4438 482.8928 482.3434 481.796 481.2506 480.7075 480.1669
524.5239 523.0461 521.6619 520.3609 519.1342 517.9735 516.8716 515.8218 514.8182 513.8555 512.9289 512.0342 511.1676 510.3257 509.5053 508.7038 507.9187 507.1479 506.3896 505.6418 504.9032 504.1724 503.4482 502.7296 502.0157 501.3058 500.5998 499.9091 499.2362 498.5789 497.9354 497.304 496.6833 496.0719 495.4687 494.8726 494.2829 493.6985 493.119 492.5436 491.9718 491.4031 490.8372 490.2737 489.7123 489.1528 488.595 488.0387 487.4839 486.9304 486.3781 485.8272 485.2776 484.7292 484.1823 483.6369 483.093 482.5509 482.0106 481.4724 480.9363 480.4026 479.8716 479.3434
523.88 522.3231 520.8704 519.5105 518.233 517.0289 515.8896 514.808 513.7774 512.7918 511.846 510.9352 510.0552 509.2023 508.373 507.5645 506.7739 505.999 505.2376 504.488 503.7484 503.0174 502.2937 501.5763 500.864 500.1563 499.4533 498.7674 498.0999 497.4485 496.8114 496.1868 495.5731 494.969 494.3733 493.785 493.2031 492.6267 492.0553 491.488 490.9245 490.3643 489.8069 489.2519 488.6992 488.1485 487.5995 487.0523 486.5065 485.9623 485.4195 484.8782 484.3384 483.8 483.2634 482.7284 482.1953 481.6641 481.1351 480.6085 480.0844 479.563 479.0447 478.5296
523.2952 521.6476 520.1168 518.6898 517.3548 516.1014 514.9202 513.8029 512.7419 511.7308 510.7635 509.8349 508.9402 508.0751 507.2361 506.4198 505.6233 504.8439 504.0794 503.3278 502.5872 501.8561 501.1332 500.4171 499.7068 499.0016 498.3022 497.6212 496.9593 496.3141 495.6837 495.0661 494.4597 493.8633 493.2754 492.6951 492.1213 491.5533 490.9902 490.4315 489.8766 489.325 488.7763 488.2303 487.6866 487.1449 486.6052 486.0673 485.531 484.9964 484.4635 483.9321 483.4025 482.8746 482.3486 481.8245 481.3026 480.7829 480.2657 479.7513 479.2397 478.7313 478.2263 477.725
522.7803 521.028 519.4075 517.9036 516.5029 515.1935 513.9647 512.807 511.712 510.6722 509.681 508.7325 507.8213 506.9429 506.0932 505.2684 504.4654 503.6812 502.9134 502.1597 501.4182 500.6872 499.9651 499.2507 498.5427 497.8403 497.1448 496.4691 495.8131 495.1744 494.5509 493.9407 493.342 492.7535 492.1738 491.6018 491.0365 490.4771 489.9227 489.3728 488.8268 488.2842 487.7447 487.2079 486.6735 486.1413 485.6111 485.0829 484.5565 484.0319 483.5091 482.9882 482.4692 481.9522 481.4373 480.9246 480.4144 479.9068 479.402 478.9002 478.4018 477.907 477.416 476.9292
522.3491 520.4752 518.7507 517.1581 515.682 514.3085 513.0254 511.8218 510.6882 509.6161 508.598 507.6271 506.6977 505.8045 504.9428 504.1087 503.2986 502.5092 501.7379 500.9821 500.2397 499.5088 498.7878 498.0753 497.3701 496.6711 495.9798 495.3095 494.6598 494.028 493.4118 492.8093 492.2187 491.6384 491.0672 490.5039 489.9474 489.397 488.8517 488.311 487.7742 487.241 486.711 486.1837 485.6589 485.1365 484.6163 484.0981 483.582 483.0678 482.5557 482.0456 481.5377 481.032 480.5287 480.028 479.53 479.035 478.5432 478.0548 477.5703 477.0897 476.6135 476.142
521.9901 520.0034 518.1573 516.4615 514.898 513.4506 512.105 510.849 509.6714 508.5627 507.514 506.5181 505.5681 504.6583 503.7834 502.9391 502.1211 501.3261 500.5509 499.7929 499.0497 498.3192 497.5996 496.8894 496.1872 495.492 494.8055 494.141 493.4978 492.8732 492.2648 491.6704 491.0882 490.5167 489.9544 489.4001 488.8529 488.3118 487.7759 487.2448 486.7177 486.1942 485.674 485.1566 484.6419 484.1297 483.6198 483.1121 482.6066 482.1033 481.6022 481.1034 480.607 480.1132 479.6221 479.1338 478.6487 478.1669 477.6888 477.2145 476.7445 476.279 475.8183 475.363
521.6901 519.6301 517.6416 515.8246 514.1589 512.6254 511.2076 509.8911 508.663 507.5123 506.429 505.4045 504.4314 503.503 502.6134 501.7575 500.9309 500.1297 499.3504 498.5901 497.846 497.1161 496.3982 495.6907 494.9921 494.3013 493.6199 492.9617 492.3255 491.7086 491.1083 490.5224 489.9492 489.3868 488.8338 488.2891 487.7515 487.2201 486.6942 486.1729 485.6559 485.1425 484.6325 484.1255 483.6212 483.1196 482.6204 482.1236 481.6292 481.1372 480.6477 480.1607 479.6764 479.195 478.7166 478.2414 477.7698 477.3019 476.8381 476.3787 475.924 475.4744 475.0302 474.5919
