data/map/nathi.asc
ncols         291
nrows         206
xllcorner     6401616.0292767
yllcorner     1702504.3782001
cellsize      725.71576782226
NODATA_value  -9999
[rows 28 to 55 of 206, columns 0 to 63 of 291]
560.2319 559.7314 559.1172 558.3998 557.6032 556.7776 556.0256 555.5647 555.9004 557.6063 559.45 561.2938 563.1375 564.9813 566.825 568.6688 570.5049 572.2499 573.8402 575.1974 576.7132 578.757 581.5173 585.0327 588.9218 592.938 596.9407 600.8498 604.6215 608.2334 611.676 614.9477 618.0518 620.9945 623.7836 626.428 628.9371 631.3203 633.5872 635.7471 637.8094 639.7833 641.6777 643.5016 645.264 646.9739 648.6404 650.2729 651.8812 653.4755 655.067 656.6675 658.2901 659.8762 660.1439 659.4587 658.306 656.8884 655.3077 653.6194 651.8564 650.0391 648.1812 646.2922
563.9606 563.602 563.1667 562.6829 562.2045 561.8364 561.7902 562.5309 564.3286 566.1723 568.0161 569.8599 571.7036 573.5474 575.3911 577.2349 579.0677 580.8049 582.3884 583.742 585.0682 586.7885 589.0244 591.9973 595.3922 598.9635 602.5652 606.1112 609.552 612.8602 616.0225 619.0336 621.8942 624.608 627.181 629.6202 631.9335 634.1292 636.2154 638.2007 640.0933 641.9017 643.6339 645.2982 646.9028 648.4559 649.9659 651.4416 652.8918 654.3261 655.7546 657.1882 658.6391 660.1207 661.5258 661.5928 660.7938 659.5665 658.0971 656.4784 654.7611 652.9752 651.1393 649.2661
568.286 568.1194 567.9315 567.7791 567.7679 568.1021 569.2098 571.0509 572.8947 574.7384 576.5822 578.4259 580.2697 582.1135 583.9572 585.801 587.6317 589.3646 590.9453 592.3007 593.4792 594.9071 596.6689 599.1282 602.0489 605.1893 608.4 611.5901 614.7052 617.7137 620.5983 623.351 625.9697 628.4558 630.8135 633.0482 635.1664 637.1749 639.0811 640.8923 642.6159 644.2595 645.8304 647.3361 648.784 650.1817 651.5369 652.8575 654.1517 655.4283 656.6966 657.9665 659.2493 660.5571 661.9041 663.1331 663.0231 662.1196 660.8224 659.3037 657.6484 655.9028 654.0943 652.2401
573.2586 573.35 573.503 573.8225 574.5046 575.9294 577.7732 579.617 581.4608 583.3045 585.1483 586.992 588.8358 590.6796 592.5233 594.3671 596.1973 597.9296 599.511 600.8713 601.952 603.1139 604.4448 606.4189 608.8854 611.6092 614.4394 617.2814 620.0765 622.7896 625.3999 627.8967 630.2752 632.5352 634.6788 636.7098 638.6336 640.4557 642.1824 643.8202 645.3755 646.855 648.2655 649.6135 650.9059 652.1495 653.3513 654.5185 655.6588 656.7798 657.8903 658.9995 660.1172 661.255 662.4256 663.6437 664.7046 664.4373 663.4366 662.0735 660.5076 658.8168 657.0436 655.213
578.9383 579.3761 580.0007 580.999 582.6518 584.4955 586.3393 588.183 590.0268 591.8706 593.7144 595.5581 597.4019 599.2456 601.0894 602.9332 604.7646 606.4998 608.0857 609.4538 610.492 611.4113 612.3477 613.8647 615.8969 618.2186 620.6793 623.1813 625.6628 628.0851 630.4248 632.6684 634.8091 636.8446 638.7754 640.604 642.3342 643.9708 645.5188 646.9838 648.3715 649.6878 650.9385 652.1298 653.2674 654.3574 655.4072 656.4232 657.4116 658.3793 659.3344 660.2853 661.2411 662.2122 663.2101 664.2484 665.3426 666.2457 665.8367 664.7451 663.3193 661.7079 659.9827 658.1825
585.3964 586.3005 587.5835 589.3741 591.2179 593.0616 594.9054 596.7491 598.5929 600.4366 602.2805 604.1242 605.968 607.8117 609.6555 611.4992 613.3334 615.075 616.669 618.048 619.0953 619.8024 620.3752 621.4627 623.0803 625.0146 627.1168 629.2874 631.4618 633.5986 635.6716 637.6652 639.5706 641.3835 643.1031 644.7305 646.2684 647.7203 649.0897 650.3688 651.5651 652.691 653.7568 654.7714 655.7424 656.6765 657.5793 658.4562 659.3118 660.1504 660.9764 661.7942 662.6089 663.4267 664.2568 665.1191 666.0291 667.0037 667.7605 667.2227 666.0451 664.5593 662.904 661.1452
592.7173 594.2536 596.0964 597.9402 599.7839 601.6277 603.4715 605.3152 607.159 609.0027 610.8465 612.6902 614.5341 616.3778 618.2216 620.0653 621.9031 623.6547 625.2604 626.6537 627.718 628.2912 628.5272 629.2118 630.4341 631.9958 633.7507 635.5986 637.4729 639.3296 641.1404 642.8875 644.5601 646.1528 647.663 649.09 650.407 651.6157 652.7338 653.7759 654.7545 655.6795 656.5598 657.4025 658.214 658.9994 659.7634 660.5098 661.2421 661.9634 662.6768 663.3849 664.0909 664.7984 665.5118 666.2374 666.9847 667.7711 668.6296 669.2526 668.5963 667.3364 665.7927 664.0947
600.975 602.8188 604.6625 606.5063 608.35 610.1938 612.0375 613.8813 615.7251 617.5688 619.4126 621.2563 623.1001 624.9439 626.7877 628.6314 630.4728 632.238 633.8595 635.2705 636.3537 636.8823 636.8052 637.113 637.9589 639.1622 640.5812 642.1156 643.6969 645.2793 646.8323 648.3366 649.7797 651.1485 652.3866 653.5023 654.5181 655.452 656.3188 657.1308 657.8977 658.6281 659.3286 660.0053 660.663 661.3057 661.9369 662.5596 663.1762 663.7888 664.3994 665.0093 665.6205 666.2345 666.8535 667.4805 668.1202 668.7802 669.4731 670.2228 670.7246 669.9575 668.6186 667.0187
609.5411 611.3848 613.2286 615.0724 616.9161 618.7599 620.6036 622.4474 624.2912 626.1349 627.9787 629.8224 631.6662 633.5099 635.3537 637.1975 639.0411 640.8239 642.4651 643.8979 645.0025 645.542 645.2135 645.1694 645.6568 646.5159 647.6104 648.8403 650.136 651.4501 652.7504 654.0135 655.1495 656.144 657.0264 657.8198 658.5424 659.2091 659.8316 660.4195 660.9807 661.5216 662.0477 662.5632 663.0719 663.5768 664.0803 664.5846 665.0912 665.6014 666.1163 666.6367 667.1632 667.6962 668.2363 668.7845 669.3421 669.9121 670.5001 671.1169 671.7832 672.179 671.3067 669.8909
617.8569 619.9509 621.7947 623.6384 625.4822 627.326 629.1697 631.0135 632.8572 634.701 636.5448 638.3885 640.2323 642.076 643.9198 645.7635 647.6074 649.4106 651.0763 652.5355 653.6645 654.2123 653.759 653.3862 653.5319 654.0604 654.8414 655.7762 656.7941 657.8461 658.85 659.6907 660.4014 661.0132 661.5499 662.0299 662.4676 662.8743 663.259 663.6288 663.9897 664.3463 664.7024 665.0612 665.425 665.7961 666.176 666.5659 666.9668 667.3793 667.8039 668.2406 668.6895 669.1501 669.6224 670.1055 670.5992 671.1036 671.6196 672.1508 672.7053 673.302 673.6176 672.6439
623.8936 626.9666 629.7873 632.1712 634.0483 635.8921 637.7358 639.5796 641.4233 643.2671 645.1108 646.9547 648.7984 650.6422 652.4859 654.3297 656.1734 657.996 659.6912 661.1819 662.3395 662.8924 662.4037 661.7711 661.5903 661.8008 662.2795 662.9285 663.6752 664.3301 664.8248 665.2047 665.5025 665.7429 665.9441 666.1199 666.2808 666.4348 666.5882 666.7459 666.9118 667.0888 667.2794 667.4853 667.7081 667.9487 668.2082 668.4869 668.7852 669.1033 669.441 669.798 670.1739 670.5679 670.9791 671.4063 671.8481 672.303 672.7698 673.2474 673.7368 674.2432 674.7823 675.0399
627.9003 631.4963 635.0361 638.4485 641.6132 644.3167 646.3019 648.1457 649.9894 651.8332 653.6769 655.5207 657.3644 659.2083 661.052 662.8958 664.7395 666.577 668.3073 669.8361 671.0275 671.5814 671.0516 670.334 669.8394 669.7437 669.931 670.2872 670.5237 670.613 670.6063 670.5395 670.4376 670.3184 670.1948 670.0759 669.9685 669.8774 669.8064 669.758 669.7342 669.7364 669.7656 669.8224 669.9075 670.0208 670.1624 670.3325 670.5305 670.7563 671.0093 671.289 671.5945 671.9249 672.2789 672.6552 673.0519 673.4672 673.8983 674.3428 674.7976 675.2609 675.7341 676.2285
630.4354 634.3111 638.2239 642.1473 646.0374 649.8199 653.363 656.4163 658.5555 660.3993 662.243 664.0868 665.9305 667.7743 669.6181 671.4619 673.3056 675.1494 676.9213 678.4958 679.7282 680.2778 679.6995 678.9819 678.2874 677.8962 677.7664 677.5122 677.1249 676.6658 676.1744 675.6766 675.1893 674.7235 674.2866 673.8834 673.5168 673.1888 672.9005 672.6523 672.4444 672.2766 672.1487 672.0602 672.0106 671.9993 672.0256 672.0889 672.1884 672.3234 672.493 672.6964 672.9324 673.2003 673.4985 673.8257 674.1801 674.5598 674.962 675.3836 675.8209 676.2692 676.7234 677.1801
631.8491 635.8674 639.9683 644.144 648.381 652.6549 656.9234 661.1101 665.0706 668.5065 670.8091 672.6529 674.4966 676.3404 678.1841 680.0279 681.8717 683.7155 685.5281 687.1582 688.4412 688.9786 688.3473 687.6297 686.9121 686.2195 685.3896 684.4399 683.4488 682.4617 681.5052 680.5945 679.738 678.9401 678.2028 677.5266 676.9109 676.3549 675.857 675.4158 675.0297 674.6971 674.4165 674.1865 674.0055 673.8722 673.7853 673.7435 673.7458 673.7908 673.8775 674.0047 674.1714 674.3762 674.6181 674.8956 675.2072 675.551 675.925 676.3265 676.752 677.197 677.6554 678.1194
632.3738 636.4542 640.6389 644.9284 649.3217 653.814 658.3948 663.0436 667.7211 672.3505 676.7743 680.6295 683.0627 684.9065 686.7502 688.594 690.4377 692.2816 694.1207 695.8181 697.1655 697.6775 696.9952 696.2776 695.5293 694.2617 692.6471 691.0261 689.4577 687.9685 686.5705 685.268 684.0612 682.9478 681.9247 680.9884 680.1349 679.3605 678.6617 678.0349 677.4771 676.9854 676.5569 676.1894 675.8804 675.6279 675.4299 675.2848 675.1908 675.1464 675.1502 675.2008 675.2969 675.4374 675.6209 675.8462 676.1119 676.4167 676.759 677.1368 677.5476 677.9884 678.4547 678.9401
632.1707 636.2646 640.4722 644.7977 649.2452 653.8179 658.5175 663.3428 668.2878 673.3369 678.4563 683.5725 688.5162 692.8333 695.3163 697.1601 699.0038 700.8476 702.6913 704.4672 705.8995 706.3589 705.6431 704.9213 703.6251 701.7023 699.4697 697.2148 695.1053 693.1469 691.3367 689.6682 688.1332 686.7238 685.4319 684.2501 683.1716 682.19 681.2998 680.4959 679.7736 679.1288 678.5578 678.0572 677.6238 677.2551 676.9484 676.7015 676.5122 676.3788 676.2994 676.2725 676.2966 676.3704 676.4926 676.6619 676.8771 677.1371 677.4409 677.787 678.1741 678.6004 679.0638 679.5613
631.3555 635.4331 639.6271 643.9434 648.3882 652.9678 657.6884 662.5558 667.5751 672.7495 678.0782 683.5531 689.1494 694.803 700.3392 705.1696 707.5699 709.4137 711.2574 713.0905 714.6395 715.0085 714.291 713.0732 710.925 708.3757 705.6723 702.9352 700.3348 697.9504 695.7648 693.7614 691.9253 690.2427 688.7016 687.2913 686.0023 684.8262 683.7556 682.7839 681.9053 681.1145 680.4068 679.7781 679.2245 678.7428 678.3298 677.9829 677.6995 677.4774 677.3146 677.2091 677.1593 677.1637 677.2208 677.3294 677.4883 677.6964 677.9526 678.2561 678.606 679.0014 679.4415 679.9254
630.0142 634.0568 638.2152 642.4958 646.9053 651.4512 656.1412 660.9833 665.9863 671.1588 676.5095 682.0465 687.7761 693.6993 699.8059 706.0518 712.2781 717.6818 719.8235 721.6673 723.3753 723.6564 722.6216 720.2086 717.258 714.1614 711.0624 708.0241 705.0778 702.3237 699.8091 697.5095 695.4043 693.4758 691.7086 690.0895 688.6069 687.2508 686.0123 684.8837 683.8579 682.9289 682.0912 681.34 680.671 680.08 679.5637 679.1188 678.7426 678.4323 678.1857 678.0005 677.8748 677.8068 677.795 677.8377 677.9336 678.0814 678.28 678.5281 678.8248 679.1689 679.5594 679.9951
628.2115 632.2079 636.3173 640.5463 644.9017 649.3912 654.0225 658.8044 663.7463 668.8581 674.1507 679.6357 685.3257 691.2335 697.3728 703.756 710.3922 717.2742 724.3171 730.2334 732.0685 732.2541 729.4834 725.9698 722.4046 718.9147 715.5386 712.291 709.178 706.2021 703.417 700.8686 698.5333 696.3912 694.4251 692.6201 690.9636 689.4441 688.052 686.7786 685.6162 684.558 683.598 682.7308 681.9514 681.2556 680.6393 680.0991 679.6316 679.2339 678.9033 678.6375 678.434 678.2907 678.2057 678.1772 678.2032 678.2821 678.412 678.5912 678.8174 679.0881 679.4002 679.749
625.9981 629.9411 633.9935 638.1617 642.4523 646.8725 651.4301 656.1334 660.9916 666.0146 671.213 676.5983 682.1834 687.9819 694.009 700.2811 706.8163 713.6343 720.7563 728.2037 735.9775 737.842 733.8168 729.8879 726.1048 722.4719 718.989 715.6545 712.4669 709.4243 706.5247 703.7894 701.2709 698.9537 696.8205 694.8564 693.0485 691.3849 689.8556 688.4514 687.1644 685.9872 684.9136 683.9376 683.0541 682.2584 681.5461 680.9135 680.3568 679.8728 679.4586 679.1112 678.8281 678.6068 678.4446 678.3395 678.2887 678.2899 678.3402 678.4365 678.5746 678.7498 678.9545 679.1781
623.4136 627.2991 631.29 635.392 639.6117 643.9557 648.4315 653.0468 657.8102 662.7308 667.8185 673.0839 678.5381 684.1935 690.0627 696.1589 702.4947 709.08 715.9156 722.9633 729.7979 732.7247 734.0709 731.4708 728.0928 724.6673 721.3007 718.0333 714.8831 711.8584 708.9633 706.1995 703.5712 701.1242 698.8614 696.7693 694.836 693.0504 691.4025 689.8836 688.4855 687.2011 686.0237 684.9474 683.9668 683.077 682.2733 681.5518 680.9085 680.3399 679.8426 679.4134 679.0493 678.7472 678.5042 678.3172 678.183 678.0979 678.0578 678.0577 678.091 678.149 678.2193 678.2825
620.526 624.3179 628.2423 632.2755 636.4211 640.6854 645.0754 649.5981 654.2614 659.0737 664.0435 669.1804 674.4939 679.994 685.6904 691.5919 697.704 704.0244 710.5267 717.0873 722.4882 725.1959 727.5721 729.0406 728.1938 725.3723 722.379 719.3558 716.3713 713.4611 710.6453 707.9356 705.3388 702.8589 700.5117 698.3276 696.2988 694.4163 692.6712 691.0557 689.5621 688.1835 686.9136 685.7465 684.6768 683.6995 682.81 682.0038 681.2772 680.626 680.0466 679.5356 679.0894 678.7045 678.3773 678.1037 677.8797 677.7003 677.5596 677.4504 677.363 677.2844 677.1957 677.0685
617.5743 621.2076 624.966 628.8627 632.9122 637.0954 641.3978 645.826 650.3873 655.0887 659.9383 664.9438 670.1132 675.4541 680.9731 686.6743 692.5553 698.5993 704.7455 710.7482 714.9088 717.6417 720.1786 722.4222 723.9698 724.232 722.1813 719.5784 716.8925 714.1991 711.5428 708.9512 706.4416 704.025 701.7087 699.4975 697.4077 695.4568 693.6387 691.9471 690.3754 688.9176 687.5679 686.3208 685.1711 684.114 683.1448 682.2592 681.4528 680.7218 680.0621 679.4698 678.941 678.4716 678.0571 677.6927 677.3732 677.092 676.8414 676.6115 676.3892 676.1566 675.8833 675.4833
614.6035 618.0949 621.6957 625.4166 629.2695 633.2686 637.4305 641.7596 646.2183 650.8088 655.5375 660.4113 665.436 670.6171 675.9577 681.4565 687.1025 692.8612 698.6278 703.9877 707.3359 710.088 712.7032 715.1376 717.3113 718.9362 719.6743 718.7137 716.4403 714.0592 711.6411 709.2321 706.8628 704.5538 702.3193 700.1686 698.1086 696.1437 694.2813 692.5364 690.9062 689.3859 687.9706 686.6556 685.4363 684.308 683.2663 682.3069 681.4256 680.6182 679.8804 679.208 678.5966 678.0413 677.5372 677.0784 676.6581 676.2685 675.8995 675.5385 675.1613 674.7149 674.1531 673.4189
611.6188 614.983 618.4432 622.0079 625.687 629.4917 633.4349 637.5318 641.8 646.2579 650.8666 655.6091 660.4899 665.5117 670.6738 675.9692 681.3765 686.8401 692.202 696.84 699.77 702.5389 705.2042 707.7407 710.1099 712.2476 713.9462 714.9669 714.8604 713.0632 710.9479 708.7792 706.6004 704.4421 702.3261 700.2678 698.2783 696.3654 694.5348 692.7902 691.1342 689.5704 688.1055 686.7361 685.4586 684.2688 683.1628 682.1364 681.1854 680.3056 679.4926 678.7418 678.0483 677.4067 676.8112 676.2548 675.7295 675.2225 674.7069 674.1587 673.5486 672.8403 671.9883 670.9384
608.6241 611.8738 615.2079 618.6335 622.1582 625.7912 629.5427 633.4244 637.4498 641.6345 645.9966 650.5572 655.2948 660.158 665.1418 670.2326 675.3974 680.5559 685.4875 689.3553 692.2108 694.9951 697.6971 700.3009 702.7834 705.1104 707.2287 708.9962 710.2147 710.595 709.507 707.618 705.6694 703.6987 701.7346 699.7982 697.9053 696.0676 694.2935 692.5891 690.959 689.4058 687.9314 686.5363 685.2205 683.9831 682.8223 681.7364 680.7219 679.7745 678.8899 678.063 677.2874 676.5549 675.856 675.1795 674.5115 673.8354 673.1307 672.3724 671.53 670.5663 669.4385 668.1642
605.6219 608.7682 611.989 615.2896 618.6766 622.1572 625.7392 629.4317 633.245 637.1906 641.2814 645.532 649.9584 654.5775 659.3772 664.2623 669.1805 674.0241 678.4999 681.7993 684.6575 687.4564 690.1879 692.8411 695.4009 697.8461 700.146 702.2545 704.0804 705.4498 706.1517 705.756 704.1101 702.351 700.5638 698.7738 697.0002 695.2583 693.5593 691.912 690.3227 688.7957 687.3341 685.9396 684.6129 683.3535 682.1602 681.031 679.9628 678.9518 677.9932 677.081 676.2081 675.3659 674.544 673.73 672.9091 672.063 671.1703 670.205 669.1362 667.929 666.6475 665.366
602.6143 605.6667 608.7849 611.9731 615.2366 618.5808 622.012 625.537 629.1634 632.8993 636.7537 640.7357 644.8549 649.119 653.5322 658.0884 662.7391 667.2594 671.2589 674.2465 677.1094 679.9221 682.6785 685.3707 687.9882 690.5167 692.9365 695.2198 697.3261 699.1927 700.6829 701.617 701.6893 700.4526 698.8525 697.223 695.5846 693.9545 692.3462 690.7704 689.2351 687.7464 686.3086 684.9244 683.5952 682.3214 681.1021 679.9354 678.8187 677.7478 676.7179 675.7227 674.7544 673.804 672.8602 671.9099 670.9372 669.9233 668.8458 667.679 666.4122 665.1307 663.8492 662.5677
