data/map/nathi.asc
ncols         291
nrows         206
xllcorner     6401616.0292767
yllcorner     1702504.3782001
cellsize      725.71576782226
NODATA_value  -9999
[rows 28 to 55 of 206, columns 64 to 127 of 291]
644.3785 642.4453 640.4959 638.5333 636.5596 634.5765 632.5856 630.5878 628.584 626.5751 624.5443 622.4565 620.33 618.1802 616.0184 613.8549 611.6877 609.5117 607.3404 605.182 603.0412 600.9208 598.8223 596.7463 594.6932 592.6627 590.6546 588.6684 586.7036 584.7595 582.8356 580.9312 579.0456 577.1783 575.3287 573.496 571.6797 569.8791 -9999 -9999 -9999 -9999 -9999 -9999 -9999 -9999 -9999 -9999 -9999 -9999 -9999 -9999 -9999 -9999 -9999 -9999 -9999 -9999 -9999 -9999 -9999 -9999 -9999 -9999
647.3642 645.4396 643.4967 641.539 639.569 637.5887 635.5997 633.6032 631.6003 629.5919 627.5391 625.4235 623.2687 621.0909 618.9016 616.7064 614.4928 612.2774 610.072 607.8834 605.7155 603.5702 601.4487 599.3514 597.2783 595.229 593.2031 591.2002 589.2194 587.2603 585.3219 583.4037 581.5051 579.6254 577.7638 575.9197 574.0925 572.2814 570.4861 568.7058 -9999 -9999 -9999 -9999 -9999 -9999 -9999 -9999 -9999 -9999 -9999 -9999 -9999 -9999 -9999 -9999 -9999 -9999 -9999 -9999 -9999 -9999 -9999 -9999
650.3517 648.4368 646.501 644.5485 642.5822 640.6046 638.6174 636.6221 634.6199 632.6071 630.5237 628.3766 626.1904 623.9816 621.7609 619.5124 617.252 614.9974 612.758 610.5392 608.344 606.1739 604.0295 601.9108 599.8178 597.7498 595.7064 593.6867 591.6901 589.7159 587.7633 585.8316 583.92 582.028 580.1546 578.2993 576.4613 574.64 572.8348 571.045 569.2702 567.5098 565.7631 -9999 -9999 -9999 -9999 -9999 -9999 -9999 -9999 -9999 -9999 -9999 -9999 -9999 -9999 -9999 -9999 -9999 -9999 -9999 -9999 -9999
653.3406 651.4369 649.509 647.562 645.5996 643.6246 641.6391 639.6447 637.6429 635.6146 633.4959 631.3135 629.0926 626.8503 624.5731 622.2681 619.962 617.6688 615.3958 613.1472 610.9251 608.7303 606.5632 604.4235 602.3107 600.2242 598.1633 596.1271 594.115 592.1259 590.1592 588.2142 586.2899 584.3857 582.5008 580.6344 578.7858 576.9544 575.1395 573.3406 571.5569 569.788 568.0332 566.2921 564.5643 -9999 -9999 -9999 -9999 -9999 -9999 -9999 -9999 -9999 -9999 -9999 -9999 -9999 -9999 -9999 -9999 -9999 -9999 -9999
656.33 654.4396 652.5207 650.5798 648.6215 646.649 644.665 642.6714 640.6696 638.6119 636.4532 634.2315 631.9728 629.6768 627.3295 624.9704 622.6202 620.2894 617.9836 615.7057 613.4572 611.2382 609.0487 606.8882 604.756 602.6513 600.5732 598.5209 596.4933 594.4897 592.5093 590.5511 588.6144 586.6983 584.802 582.9248 581.0659 579.2245 577.4002 575.5922 573.7999 572.0226 570.2599 568.5114 566.7762 565.0541 563.3446 561.6472 -9999 -9999 -9999 -9999 -9999 -9999 -9999 -9999 -9999 -9999 -9999 -9999 -9999 -9999 -9999 -9999
659.3184 657.4444 655.5361 653.6021 651.648 649.6782 647.6956 645.7023 643.698 641.5964 639.3928 637.1279 634.8217 632.4397 630.0272 627.6169 625.2243 622.8572 620.5197 618.2134 615.939 613.6964 611.485 609.3042 607.153 605.0305 602.9356 600.8673 598.8247 596.8069 594.813 592.842 590.8931 588.9655 587.0581 585.1703 583.3012 581.4503 579.6167 577.7998 575.999 574.2137 572.4434 570.6873 568.9451 567.2163 565.5004 563.7968 562.1052 560.425 -9999 -9999 -9999 -9999 -9999 -9999 -9999 -9999 -9999 -9999 -9999 -9999 -9999 -9999
662.303 660.4502 658.5549 656.6288 654.6796 652.7123 650.7309 648.7378 646.7178 644.5649 642.3115 639.9995 637.6013 635.137 632.6641 630.2056 627.7728 625.371 623.0028 620.669 618.3696 616.104 613.8714 611.6708 609.501 607.3611 605.2498 603.166 601.1088 599.0771 597.0701 595.0867 593.126 591.187 589.2688 587.3707 585.4918 583.6314 581.7888 579.9634 578.1544 576.3612 574.5833 572.8201 571.071 569.3357 567.6134 565.9039 564.2065 562.5211 560.8469 559.1838 557.5313 -9999 -9999 -9999 -9999 -9999 -9999 -9999 -9999 -9999 -9999 -9999
665.2789 663.4551 661.5765 659.6601 657.7163 655.7518 653.7713 651.778 649.7245 647.5139 645.2054 642.8123 640.305 637.7674 635.2387 632.7352 630.2643 627.8295 625.4319 623.0716 620.748 618.4602 616.207 613.9872 611.7995 609.6426 607.5154 605.4166 603.3452 601.3002 599.2805 597.285 595.3127 593.3627 591.434 589.5259 587.6375 585.7679 583.9166 582.0828 580.2658 578.465 576.6798 574.9097 573.1539 571.4122 569.6839 567.9686 566.2657 564.575 562.8958 561.2279 559.5709 557.9243 556.2879 -9999 -9999 -9999 -9999 -9999 -9999 -9999 -9999 -9999
668.236 666.4552 664.5997 662.6957 660.7584 658.7969 656.8171 654.823 652.7146 650.4392 648.0645 645.5347 642.9331 640.3299 637.7501 635.2046 632.6979 630.2317 627.8061 625.4205 623.0737 620.7645 618.4915 616.2531 614.048 611.8748 609.7321 607.6187 605.5337 603.4758 601.4437 599.4365 597.4531 595.4924 593.5536 591.6359 589.7382 587.8598 586.0001 584.1581 582.3334 580.5252 578.733 576.9561 575.1938 573.4459 571.7117 569.9908 568.2826 566.5868 564.9028 563.2303 561.569 559.9183 558.2779 556.6476 555.0269 553.4155 -9999 -9999 -9999 -9999 -9999 -9999
671.1523 669.4431 667.6219 665.735 663.8059 661.8478 659.8685 657.868 655.6832 653.3355 650.8254 648.1678 645.486 642.824 640.1976 637.6131 635.0728 632.577 630.1248 627.715 625.346 623.0163 620.7242 618.468 616.2461 614.0571 611.8995 609.7723 607.6741 605.6037 603.5598 601.5413 599.5471 597.5762 595.6276 593.7004 591.7938 589.907 588.039 586.1893 584.3571 582.5418 580.7427 578.9592 577.1909 575.437 573.6971 571.9707 570.2574 568.5566 566.868 565.1911 563.5255 561.8708 560.2267 558.5928 556.9688 555.3542 553.749 552.1525 -9999 -9999 -9999 -9999
673.9684 672.4011 670.6379 668.7766 666.8588 664.9047 662.9256 660.8972 658.6244 656.1696 653.4773 650.7147 647.9638 645.2494 642.5805 639.96 637.3884 634.8647 632.3873 629.9545 627.5645 625.2151 622.9047 620.6314 618.3935 616.1893 614.0176 611.8771 609.7662 607.6838 605.6285 603.5992 601.5946 599.6138 597.6559 595.7197 593.8044 591.9094 590.0336 588.1763 586.3369 584.5148 582.709 580.9193 579.145 577.3853 575.64 573.9084 572.1901 570.4846 568.7914 567.1103 565.4406 563.7822 562.1345 560.4971 558.8699 557.2524 555.6443 554.0452 552.455 550.8732 549.2997 -9999
676.4463 675.279 673.6348 671.8175 669.9165 667.9678 665.9887 663.903 661.5298 658.8641 656.0248 653.1778 650.3672 647.6061 644.8985 642.2448 639.644 637.0941 634.5931 632.1385 629.7285 627.3605 625.0327 622.743 620.4897 618.2712 616.086 613.9327 611.8098 609.7159 607.6497 605.6099 603.5955 601.6053 599.6382 597.6934 595.77 593.867 591.9836 590.1192 588.2729 586.4441 584.6321 582.8363 581.0562 579.2911 577.5405 575.8038 574.0807 572.3707 570.6733 568.988 567.3145 565.6523 564.0011 562.3605 560.7302 559.1099 557.4991 555.8976 554.305 552.7211 551.1457 549.5783
677.6439 677.8401 676.573 674.8497 672.9781 671.0374 669.0579 666.8759 664.3233 661.4257 658.4752 655.5587 652.6964 649.8937 647.151 644.4669 641.839 639.2648 636.7415 634.2665 631.8374 629.4518 627.1075 624.8024 622.5345 620.3024 618.1044 615.939 613.8046 611.6998 609.6231 607.5735 605.5496 603.5504 601.5747 599.6216 597.6903 595.7798 593.8892 592.0179 590.165 588.3298 586.5118 584.7103 582.9246 581.1542 579.3986 577.6572 575.9295 574.2151 572.5135 570.8243 569.147 567.4814 565.8269 564.1832 562.5499 560.9268 559.3135 557.7096 556.1149 554.529 552.9517 551.3826
678.5797 679.0308 679.2247 677.8459 676.04 674.1135 672.1326 669.8015 666.9261 663.8666 660.8326 657.8584 654.9514 652.1117 649.3373 646.6254 643.9725 641.3757 638.8317 636.3376 633.8907 631.4886 629.1287 626.809 624.5273 622.2824 620.0724 617.8955 615.7502 613.6351 611.5486 609.4896 607.4567 605.4489 603.4651 601.5042 599.5654 597.6476 595.7502 593.8723 592.0131 590.172 588.3482 586.5411 584.7502 582.9748 581.2144 579.4683 577.7363 576.0178 574.3123 572.6193 570.9385 569.2695 567.6118 565.9651 564.3291 562.7034 561.0876 559.4814 557.8846 556.2969 554.7178 553.1472
679.435 679.9246 680.3891 680.6025 679.0889 677.196 675.1846 672.5294 669.3642 666.1981 663.0991 660.077 657.1313 654.259 651.4563 648.7191 646.0435 643.4258 640.8627 638.3509 635.8875 633.4699 631.0955 628.7621 626.4678 624.2109 621.9895 619.8019 617.6464 615.5215 613.4258 611.358 609.3167 607.3007 605.3092 603.3409 601.395 599.4705 597.5666 595.6825 593.8173 591.9705 590.1412 588.329 586.533 584.7528 582.9878 581.2375 579.5013 577.7788 576.0695 574.373 572.6888 571.0166 569.356 567.7064 566.0677 564.4396 562.8215 561.2132 559.6144 558.0248 556.4442 554.8721
680.0878 680.635 681.1867 681.709 681.9753 680.2834 678.1652 674.9822 671.6635 668.4238 665.2742 662.2126 659.2342 656.3337 653.5059 650.7462 648.0501 645.4136 642.8331 640.3051 637.8267 635.3948 633.007 630.661 628.355 626.087 623.8552 621.6577 619.4927 617.3588 615.2544 613.1782 611.129 609.1056 607.1068 605.1316 603.179 601.2482 599.3382 597.4482 595.5775 593.7252 591.8908 590.0736 588.2729 586.4882 584.7189 582.9645 581.2244 579.4982 577.7853 576.0854 574.3981 572.7229 571.0594 569.4072 567.7661 566.1355 564.5153 562.905 561.3043 559.7131 558.1309 556.5574
680.4521 681.0201 681.6273 682.2679 682.9232 683.336 680.7343 677.2287 673.8298 670.5406 667.3536 664.261 661.256 658.3318 655.4828 652.7038 649.9899 647.3369 644.741 642.1985 639.7065 637.2618 634.8619 632.5046 630.188 627.9101 625.6687 623.462 621.2883 619.1461 617.0338 614.95 612.8935 610.863 608.8575 606.8759 604.9172 602.9804 601.0647 599.1693 597.2933 595.436 593.5969 591.775 589.97 588.181 586.4077 584.6494 582.9056 581.1758 579.4597 577.7567 576.0663 574.3882 572.7221 571.0674 569.4239 567.7911 566.1689 564.5567 562.9544 561.3616 559.778 558.2032
680.4742 680.9947 681.5522 682.1362 682.7072 682.8566 682.4983 679.2528 675.8408 672.5315 669.3242 666.2122 663.1887 660.2472 657.3818 654.5874 651.859 649.1924 646.5834 644.0287 641.525 639.0692 636.6587 634.2916 631.9657 629.6788 627.4288 625.214 623.0325 620.8828 618.7633 616.6726 614.6095 612.5727 610.561 608.5735 606.6091 604.6669 602.746 600.8455 598.9647 597.1028 595.2592 593.433 591.6238 589.831 588.0539 586.292 584.5448 582.8118 581.0926 579.3866 577.6934 576.0128 574.3441 572.6871 571.0414 569.4066 567.7825 566.1686 564.5646 562.9703 561.3854 559.8096
680.1269 680.5208 680.903 681.2037 681.1677 680.3861 680.4075 679.9642 677.5577 674.3384 671.1531 668.0445 665.017 662.0683 659.1942 656.3901 653.6519 650.9753 648.3566 645.7922 643.2791 640.8142 638.3951 636.0198 633.6861 631.3916 629.1344 626.9125 624.7242 622.5679 620.4421 618.3453 616.2763 614.2338 612.2167 610.2239 608.2544 606.3073 604.3815 602.4765 600.5913 598.7252 596.8774 595.0474 593.2345 591.438 589.6575 587.8923 586.142 584.4059 582.6838 580.9752 579.2794 577.5963 575.9254 574.2662 572.6185 570.9818 569.3559 567.7404 566.1351 564.5394 562.9533 561.3765
679.4026 679.5957 679.6928 679.5056 678.5464 678.2166 678.2587 677.9293 677.4587 675.7148 672.747 669.709 666.7109 663.7747 660.9048 658.1005 655.3594 652.6785 650.0544 647.4843 644.9648 642.4935 640.0682 637.6868 635.347 633.0466 630.7835 628.5558 626.3619 624.2002 622.069 619.967 617.8929 615.8456 613.8237 611.8263 609.8523 607.9008 605.9709 604.0619 602.1727 600.3029 598.4515 596.6179 594.8016 593.0019 591.2182 589.45 587.6968 585.9581 584.2334 582.5222 580.8242 579.1388 577.4658 575.8046 574.1551 572.5167 570.8893 569.2723 567.6656 566.0688 564.4817 562.9039
678.3076 678.24 677.9064 677.0278 675.7869 676.02 676.0947 675.8477 675.4598 674.9805 673.7435 671.0742 668.2036 665.3264 662.4874 659.7 656.9679 654.2913 651.6686 649.0977 646.5764 644.1023 641.674 639.2891 636.9455 634.6411 632.3738 630.142 627.944 625.778 623.6426 621.5366 619.4584 617.407 615.3812 613.3799 611.4022 609.447 607.5135 605.601 603.7084 601.8353 599.9807 598.144 596.3248 594.5222 592.7358 590.965 589.2092 587.468 585.741 584.0276 582.3275 580.6401 578.9652 577.3024 575.6512 574.0113 572.3824 570.7642 569.1563 567.5585 565.9704 564.3918
676.8429 676.3655 675.4907 674.2313 673.3176 673.8156 673.9254 673.7466 673.4273 673.0111 672.5281 671.6551 669.3228 666.6382 663.8919 661.1558 658.4544 655.7968 653.1861 650.6226 648.1055 645.634 643.2067 640.8218 638.4774 636.1715 633.9024 631.6684 629.4679 627.2993 625.1611 623.0522 620.9711 618.9167 616.8879 614.8837 612.903 610.9449 609.0085 607.0931 605.1978 603.3218 601.4646 599.6254 597.8036 595.9985 594.2098 592.4366 590.6787 588.9354 587.2064 585.4911 583.7891 582.1 580.4235 578.7591 577.1065 575.4653 573.8352 572.2159 570.607 569.0083 567.4194 565.8401
674.8735 673.9584 672.7145 671.433 671.0031 671.6092 671.7544 671.6352 671.374 671.0182 670.5854 670.1 669.4563 667.494 665.0129 662.407 659.7796 657.1678 654.5871 652.0438 649.5406 647.079 644.6587 642.2786 639.9373 637.6334 635.3653 633.1315 630.9307 628.7614 626.6221 624.5118 622.4292 620.3731 618.3424 616.3362 614.3535 612.3933 610.4549 608.5373 606.6399 604.7618 602.9025 601.0613 599.2374 597.4304 595.6397 593.8647 592.105 590.36 588.6292 586.9124 585.2088 583.5183 581.8404 580.1747 578.5209 576.8787 575.2475 573.6273 572.0176 570.4181 568.8286 567.2488
672.4419 671.1978 669.9163 668.7142 668.7549 669.4025 669.5835 669.5182 669.3105 669.0087 668.6257 668.1823 667.6948 667.1512 665.5878 663.3266 660.8707 658.358 655.8397 653.3381 650.8642 648.4238 646.0191 643.6506 641.3179 639.0204 636.7571 634.5269 632.3286 630.1609 628.0227 625.9129 623.8304 621.774 619.7429 617.7359 615.7523 613.791 611.8514 609.9326 608.0338 606.1544 604.2936 602.4509 600.6256 598.8171 597.025 595.2486 593.4875 591.7411 590.0091 588.2909 586.5862 584.8946 583.2156 581.5489 579.8942 578.251 576.6191 574.9981 573.3878 571.7878 570.1978 568.6176
669.681 668.3995 667.118 666.1833 666.5379 667.1964 667.4135 667.3983 667.241 666.9874 666.6537 666.2523 665.8008 665.311 664.7764 663.6036 661.5781 659.2819 656.8897 654.4687 652.0498 649.6486 647.2725 644.9255 642.6093 640.3246 638.0712 635.8487 633.6564 631.4935 629.359 627.2521 625.1717 623.1169 621.0869 619.0806 617.0973 615.1362 613.1965 611.2773 609.3781 607.4982 605.6367 603.7933 601.9672 600.1579 598.3649 596.5876 594.8256 593.0783 591.3454 589.6263 587.9208 586.2284 584.5486 582.8812 581.2258 579.582 577.9496 576.3281 574.7173 573.117 571.5268 569.9464
666.8828 665.6013 664.3197 663.7585 664.336 664.9911 665.245 665.2773 665.168 664.9597 664.673 664.3132 663.8981 663.4401 662.9476 662.4161 661.5399 659.7657 657.6386 655.3734 653.0551 650.7228 648.3962 646.0859 643.7976 641.5345 639.2981 637.0892 634.9078 632.7536 630.6263 628.5251 626.4494 624.3985 622.3715 620.3677 618.3864 616.4268 614.4883 612.57 610.6714 608.7919 606.9307 605.0873 603.2612 601.4517 599.6584 597.8809 596.1185 594.3708 592.6375 590.918 589.2121 587.5192 585.8391 584.1713 582.5155 580.8714 579.2386 577.6169 576.006 574.4055 572.8152 571.2349
664.0845 662.803 661.5829 661.395 662.1337 662.7867 663.0781 663.1564 663.0934 662.9291 662.6863 662.3679 661.9891 661.5629 661.0986 660.603 660.0734 659.395 657.8873 655.9396 653.8092 651.5986 649.356 647.1062 644.8631 642.6346 640.4254 638.238 636.074 633.934 631.8182 629.7267 627.659 625.6147 623.5933 621.5941 619.6167 617.6604 615.7245 613.8085 611.9118 610.0338 608.1738 606.3315 604.5062 602.6973 600.9045 599.1273 597.3652 595.6178 593.8846 592.1652 590.4593 588.7664 587.0862 585.4185 583.7626 582.1185 580.4858 578.8642 577.2534 575.653 574.0629 572.4827
661.2862 660.0047 658.9761 659.0681 659.9209 660.5834 660.9131 661.0364 661.0184 660.8972 660.6961 660.4186 660.0757 659.6816 659.2458 658.7755 658.2762 657.747 657.1663 655.9416 654.1848 652.1963 650.098 647.9481 645.7773 643.6031 641.4357 639.2813 637.1436 635.0251 632.9269 630.8499 628.7944 626.7603 624.7476 622.7558 620.7847 618.8337 616.9024 614.9903 613.097 611.2218 609.3643 607.5241 605.7006 603.8934 602.1019 600.3259 598.5648 596.8182 595.0857 593.3669 591.6616 589.9692 588.2895 586.6221 584.9667 583.3229 581.6906 580.0693 578.4589 576.8589 575.2692 573.6894
