data/map/nathi.asc
ncols         291
nrows         206
xllcorner     6401616.0292767
yllcorner     1702504.3782001
cellsize      725.71576782226
NODATA_value  -9999
[rows 112 to 139 of 206, columns 192 to 255 of 291]
498.434 497.7365 497.0381 496.3389 495.639 494.9383 494.2369 493.5349 492.8322 492.1289 491.4249 490.7191 490.0115 489.302 488.5907 487.8776 487.1627 486.4459 485.7274 485.0072 484.2852 483.5615 482.8362 482.1092 481.3807 480.6505 479.9189 479.1857 478.4511 477.7153 476.9793 476.2433 475.5072 474.7712 474.0353 473.2996 472.5642 471.8292 471.0946 470.3605 469.6271 468.8944 468.1624 467.4311 466.7007 465.9711 465.2426 464.5153 463.7894 463.0649 462.3422 461.6214 460.9026 460.1861 459.472 458.7609 458.0528 457.3481 456.6472 455.9506 455.2587 454.5721 453.8911 453.2139
497.3602 496.6672 495.9735 495.2791 494.5839 493.8881 493.1916 492.4945 491.7969 491.0988 490.4002 489.7 488.998 488.2942 487.5885 486.8811 486.172 485.4611 484.7484 484.0341 483.3182 482.6006 481.8815 481.1608 480.4386 479.7149 478.9898 478.2633 477.5356 476.8072 476.079 475.351 474.6232 473.8958 473.1687 472.4421 471.716 470.9905 470.2657 469.5416 468.8184 468.0962 467.375 466.6551 465.9365 465.2194 464.5038 463.7901 463.0784 462.3688 461.6617 460.9571 460.2555 459.557 458.8621 458.171 457.4842 456.8022 456.1254 455.4544 454.7899 454.1327 453.4823 452.8377
496.3017 495.6137 494.9249 494.2355 493.5455 492.8548 492.1636 491.472 490.7798 490.0873 489.3945 488.7003 488.0043 487.3066 486.6071 485.9059 485.203 484.4985 483.7923 483.0845 482.3752 481.6644 480.952 480.2383 479.5231 478.8066 478.0888 477.3698 476.6498 475.9299 475.2104 474.4912 473.7726 473.0546 472.3372 471.6206 470.9048 470.1899 469.476 468.7634 468.0519 467.3419 466.6334 465.9266 465.2217 464.5188 463.8181 463.12 462.4244 461.7319 461.0425 460.3568 459.6748 458.9971 458.3241 457.6563 456.9941 456.3382 455.6892 455.0479 454.4152 453.7918 453.1766 452.5697
495.2585 494.5756 493.8922 493.2081 492.5235 491.8384 491.1529 490.467 489.7808 489.0943 488.4076 487.7199 487.0304 486.3392 485.6464 484.9519 484.2559 483.5582 482.8591 482.1584 481.4563 480.7527 480.0479 479.3417 478.6343 477.9257 477.216 476.5052 475.7941 475.0836 474.3737 473.6645 472.9561 472.2485 471.5419 470.8364 470.1321 469.4291 468.7275 468.0275 467.3293 466.633 465.9387 465.2467 464.5572 463.8704 463.1865 462.5058 461.8287 461.1554 460.4862 459.8216 459.162 458.508 457.8599 457.2184 456.5842 455.958 455.3407 454.7332 454.1366 453.5514 452.9762 452.4124
494.2302 493.5529 492.875 492.1967 491.5179 490.8388 490.1593 489.4796 488.7997 488.1196 487.4396 486.7587 486.0762 485.3921 484.7064 484.0192 483.3305 482.6403 481.9487 481.2557 480.5615 479.8659 479.1692 478.4713 477.7724 477.0724 476.3715 475.67 474.9689 474.2687 473.5694 472.8711 472.1739 471.4779 470.7832 470.09 469.3984 468.7086 468.0207 467.3348 466.6513 465.9702 465.2917 464.6162 463.9439 463.2751 462.6099 461.9489 461.2922 460.6405 459.994 459.3532 458.7187 458.0911 457.471 456.8592 456.2564 455.6637 455.082 454.5126 453.9567 453.4136 452.8835 452.3682
493.2167 492.5453 491.8734 491.2011 490.5285 489.8557 489.1827 488.5095 487.8364 487.1632 486.4902 485.8167 485.1417 484.4651 483.7871 483.1077 482.4269 481.7447 481.0613 480.3766 479.6909 479.004 478.316 477.6272 476.9374 476.2469 475.5556 474.8646 474.1745 473.4855 472.7978 472.1115 471.4265 470.7433 470.0617 469.382 468.7045 468.0291 467.3562 466.686 466.0186 465.3543 464.6935 464.0362 463.3829 462.7339 462.0895 461.4502 460.8164 460.1885 459.5672 458.9529 458.3463 457.7481 457.1592 456.5804 456.0127 455.4572 454.9153 454.3882 453.8771 453.3809 452.9009 452.4396
492.2178 491.5526 490.887 490.2212 489.5552 488.889 488.2229 487.5568 486.8907 486.225 485.5596 484.8939 484.2268 483.5583 482.8885 482.2174 481.545 480.8715 480.1969 479.5212 478.8445 478.1669 477.4886 476.8094 476.1296 475.4493 474.7688 474.0893 473.4111 472.7344 472.0594 471.386 470.7145 470.0451 469.3778 468.713 468.0508 467.3913 466.7349 466.0818 465.4321 464.7863 464.1447 463.5075 462.8751 462.248 461.6265 461.0112 460.4025 459.801 459.2074 458.6223 458.0465 457.4809 456.9264 456.384 455.855 455.3407 454.8426 454.3624 453.9 453.4553 453.0307 452.6289
491.2333 490.5746 489.9157 489.2567 488.5977 487.9387 487.2798 486.6211 485.9628 485.3048 484.6475 483.9901 483.3315 482.6716 482.0106 481.3483 480.685 480.0208 479.3555 478.6894 478.0226 477.355 476.6869 476.0182 475.3492 474.6799 474.0114 473.3445 472.6792 472.0158 471.3545 470.6952 470.0383 469.3839 468.7323 468.0836 467.438 466.7959 466.1574 465.5229 464.8927 464.2671 463.6465 463.0312 462.4217 461.8185 461.2221 460.633 460.0518 459.4792 458.916 458.363 457.821 457.2911 456.7743 456.272 455.7855 455.3163 454.8663 454.437 454.0274 453.6391 453.2717 452.9051
490.2629 489.6111 488.9593 488.3075 487.6559 487.0044 486.3532 485.7025 485.0522 484.4027 483.7539 483.1053 482.4557 481.805 481.1532 480.5005 479.8469 479.1924 478.5372 477.8814 477.2251 476.5683 475.9111 475.2538 474.5963 473.9393 473.2839 472.6305 471.9792 471.3302 470.6836 470.0396 469.3985 468.7604 468.1256 467.4944 466.8669 466.2436 465.6246 465.0104 464.4012 463.7976 463.1998 462.6084 462.0239 461.4467 460.8776 460.3171 459.7659 459.2249 458.6949 458.1767 457.6716 457.1806 456.705 456.2464 455.8062 455.3863 454.9887 454.6138 454.2615 453.9227 453.5829 453.2446
489.3065 488.662 488.0176 487.3734 486.7295 486.086 485.4431 484.8007 484.1591 483.5184 482.8787 482.2396 481.5995 480.9584 480.3166 479.6739 479.0305 478.3866 477.7422 477.0973 476.4522 475.8069 475.1615 474.5163 473.8713 473.2279 472.5867 471.9478 471.3115 470.6779 470.0473 469.4198 468.7957 468.1752 467.5586 466.9462 466.3383 465.7353 465.1374 464.5451 463.9587 463.3788 462.8059 462.2403 461.6828 461.1339 460.5944 460.0649 459.5463 459.0395 458.5455 458.0653 457.6002 457.1514 456.7206 456.3092 455.9193 455.5527 455.2115 454.8937 454.5815 454.27 453.9615 453.6581
488.3637 487.7269 487.0903 486.4542 485.8185 485.1834 484.5491 483.9157 483.2832 482.6519 482.0219 481.3927 480.7627 480.1319 479.5005 478.8686 478.2361 477.6034 476.9703 476.3372 475.704 475.071 474.4383 473.8059 473.1748 472.5461 471.9201 471.2968 470.6766 470.0596 469.4461 468.8363 468.2304 467.6289 467.0319 466.4398 465.853 465.2719 464.6967 464.1281 463.5663 463.0121 462.4659 461.9283 461.3999 460.8816 460.374 459.8781 459.3947 458.9249 458.4697 458.0305 457.6086 457.2056 456.823 456.4628 456.127 455.818 455.5314 455.2469 454.9647 454.6868 454.4152 454.1519
487.4344 486.8056 486.1773 485.5496 484.9226 484.2965 483.6713 483.0473 482.4245 481.8032 481.1834 480.5647 479.9453 479.3255 478.7052 478.0845 477.4637 476.8428 476.2219 475.6012 474.9808 474.3609 473.7415 473.1232 472.5074 471.8944 471.2846 470.678 470.075 469.4758 468.8806 468.2898 467.7036 467.1223 466.5464 465.9761 465.412 464.8543 464.3036 463.7603 463.2251 462.6985 462.181 461.6735 461.1766 460.6911 460.218 459.7582 459.3127 458.8827 458.4695 458.0744 457.6991 457.3451 457.0144 456.7092 456.4316 456.1735 455.9179 455.6657 455.419 455.1796 454.9492 454.7295
486.5182 485.8979 485.2783 484.6595 484.0417 483.4249 482.8094 482.1953 481.5828 480.972 480.3632 479.7555 479.1474 478.5391 477.9305 477.3219 476.7133 476.105 475.497 474.8895 474.2827 473.6767 473.0717 472.469 471.8694 471.2733 470.6807 470.0919 469.5073 468.9271 468.3515 467.781 467.2158 466.6563 466.1028 465.556 465.0161 464.4836 463.9591 463.4431 462.9363 462.4393 461.9527 461.4775 461.0143 460.5642 460.1281 459.707 459.3022 458.915 458.5467 458.199 457.8736 457.5723 457.2972 457.0505 456.8191 456.5931 456.3718 456.1567 455.9498 455.7525 455.5666 455.3932
485.6149 485.0035 484.393 483.7837 483.1755 482.5686 481.9633 481.3598 480.7581 480.1585 479.5612 478.9651 478.369 477.7727 477.1766 476.5807 475.9852 475.3901 474.7958 474.2023 473.6099 473.0186 472.4294 471.8436 471.2614 470.6831 470.1089 469.5392 468.9742 468.4142 467.8596 467.3107 466.7679 466.2316 465.7023 465.1804 464.6664 464.1609 463.6645 463.1777 462.7013 462.2359 461.7825 461.3418 460.9148 460.5024 460.1059 459.7263 459.3651 459.0237 458.7035 458.4064 458.1343 457.8893 457.6722 457.4677 457.2715 457.0814 456.8984 456.7242 456.5604 456.4083 456.2693 456.1445
484.7242 484.1222 483.5214 482.9218 482.3238 481.7275 481.133 480.5405 479.9503 479.3625 478.7774 478.1936 477.61 477.0266 476.4435 475.861 475.2792 474.6983 474.1184 473.5398 472.9626 472.3873 471.8155 471.2475 470.6838 470.1245 469.5699 469.0204 468.4763 467.9379 467.4055 466.8797 466.3608 465.8493 465.3457 464.8505 464.3642 463.8875 463.4209 462.9653 462.5214 462.0899 461.6718 461.2681 460.8796 460.5077 460.1534 459.8182 459.5035 459.2108 458.942 458.6989 458.4836 458.2955 458.1186 457.9516 457.7933 457.6428 457.5017 457.3715 457.2535 457.1489 457.0587 456.9838
483.8459 483.2537 482.663 482.0739 481.4865 480.9012 480.3181 479.7373 479.1592 478.584 478.0117 477.4409 476.8704 476.3005 475.7313 475.163 474.5957 474.0297 473.4652 472.9023 472.3413 471.7837 471.2303 470.6814 470.1372 469.5981 469.0643 468.5363 468.0143 467.4989 466.9903 466.489 465.9956 465.5105 465.0342 464.5674 464.1106 463.6645 463.2299 462.8076 462.3982 462.0029 461.6225 461.2581 460.9108 460.5818 460.2727 459.9847 459.7195 459.4788 459.2645 459.0788 458.9193 458.7706 458.6328 458.5063 458.3887 458.281 458.1846 458.1008 458.0307 457.9753 457.9354 457.9112
482.9796 482.3978 481.8177 481.2395 480.6635 480.0898 479.5186 478.9502 478.3849 477.8229 477.2643 476.707 476.1504 475.5948 475.0401 474.4868 473.9348 473.3846 472.8362 472.2899 471.7469 471.2083 470.6744 470.1456 469.6222 469.1045 468.5928 468.0876 467.5892 467.0981 466.6147 466.1396 465.6732 465.2161 464.769 464.3323 463.907 463.4935 463.0929 462.7059 462.3334 461.9765 461.6362 461.3137 461.0101 460.727 460.4657 460.2279 460.0153 459.8297 459.6734 459.5425 459.4226 459.3144 459.2194 459.1349 459.0609 458.9986 458.9493 458.9139 458.8934 458.8885 458.8994 458.9262
482.1251 481.5541 480.9852 480.4185 479.8543 479.2929 478.7344 478.1791 477.6273 477.0793 476.5349 475.9919 475.45 474.9093 474.3701 473.8325 473.2968 472.7631 472.2319 471.7036 471.1801 470.6616 470.1485 469.641 469.1396 468.6445 468.1563 467.6752 467.2018 466.7366 466.28 465.8326 465.3949 464.9676 464.5513 464.1468 463.7548 463.376 463.0115 462.662 462.3287 462.0126 461.7149 461.4369 461.1798 460.9453 460.7348 460.5502 460.3933 460.2661 460.1641 460.0736 459.9955 459.9315 459.8806 459.8405 459.8126 459.7979 459.7974 459.812 459.8422 459.8884 459.9504 460.0276
481.282 480.7224 480.1653 479.6107 479.0591 478.5106 477.9654 477.424 476.8864 476.3532 475.8238 475.2958 474.7693 474.2444 473.7213 473.2003 472.6817 472.1656 471.6526 471.1444 470.6415 470.1443 469.653 469.1681 468.6899 468.2189 467.7555 467.3 466.8532 466.4153 465.9871 465.5691 465.1618 464.7661 464.3827 464.0122 463.6556 463.3137 462.9874 462.6778 462.386 462.1133 461.8607 461.6298 461.422 461.2389 461.0823 460.9539 460.856 460.7832 460.7225 460.675 460.6421 460.6245 460.6188 460.6255 460.6457 460.6803 460.7302 460.7958 460.8773 460.9747 461.0873 461.2136
480.45 479.9025 479.3577 478.8159 478.2775 477.7426 477.2115 476.6847 476.1623 475.6447 475.1308 474.6187 474.1083 473.6001 473.0941 472.5906 472.09 471.5925 471.0999 470.6129 470.1318 469.657 469.1889 468.7278 468.2743 467.8286 467.3914 466.9631 466.5443 466.1355 465.7373 465.3504 464.9755 464.6133 464.2646 463.9302 463.6111 463.3082 463.0225 462.7552 462.5074 462.2805 462.0758 461.8948 461.7391 461.6104 461.5107 461.4417 461.3986 461.3683 461.3518 461.3506 461.3659 461.3949 461.4366 461.492 461.562 461.6473 461.7485 461.8657 461.9987 462.1467 462.3085 462.4819
479.6289 479.094 478.5622 478.0339 477.5093 476.9888 476.4727 475.9612 475.4548 474.9538 474.4562 473.9606 473.4673 472.9766 472.4885 472.0035 471.5219 471.0451 470.5742 470.1096 469.6515 469.2004 468.7568 468.3209 467.8934 467.4746 467.0652 466.6656 466.2765 465.8984 465.532 465.1781 464.8373 464.5106 464.1987 463.9026 463.6232 463.3615 463.1188 462.8963 462.6951 462.5167 462.3625 462.2343 462.1336 462.0624 462.0226 462.0095 462.0101 462.0251 462.056 462.1041 462.168 462.245 462.336 462.4417 462.5628 462.6998 462.8528 463.0216 463.2054 463.4029 463.612 463.8293
478.8184 478.2967 477.7786 477.2645 476.7546 476.2493 475.7489 475.2538 474.7642 474.2805 473.8 473.3219 472.8465 472.3741 471.905 471.4395 470.9788 470.5243 470.0763 469.6353 469.2015 468.7755 468.3576 467.9484 467.5484 467.158 466.7779 466.4087 466.0509 465.7054 465.3727 465.0536 464.7491 464.4598 464.1869 463.9312 463.6938 463.4759 463.2786 463.1033 462.9513 462.8242 462.7234 462.6508 462.6082 462.5975 462.615 462.647 462.6941 462.7575 462.8386 462.9375 463.0502 463.177 463.3188 463.476 463.6491 463.8383 464.0431 464.263 464.4964 464.7413 464.9946 465.2519
478.0181 477.5103 477.0067 476.5075 476.0132 475.5239 475.0401 474.5622 474.0906 473.6249 473.1622 472.7025 472.246 471.793 471.3438 470.8995 470.4617 470.0307 469.6069 469.1907 468.7826 468.383 467.9924 467.6114 467.2404 466.88 466.5309 466.1938 465.8692 465.558 465.2609 464.9787 464.7124 464.4628 464.231 464.0181 463.8252 463.6534 463.5041 463.3788 463.2787 463.2057 463.1612 463.1473 463.1657 463.2141 463.2781 463.3577 463.4543 463.5689 463.7026 463.8514 464.0146 464.1927 464.3864 464.596 464.8216 465.0629 465.319 465.5887 465.8697 466.1591 466.4527 466.7447
477.2277 476.7346 476.2463 475.7629 475.2849 474.8126 474.3464 473.8867 473.4341 472.9871 472.5432 472.1028 471.6661 471.2335 470.8059 470.385 469.9713 469.565 469.1667 468.7768 468.3958 468.024 467.6622 467.3109 466.9706 466.6419 466.3256 466.0223 465.7328 465.4579 465.1984 464.9552 464.7293 464.5217 464.3334 464.1656 464.0196 463.8966 463.798 463.7253 463.68 463.6639 463.6788 463.7265 463.8059 463.9026 464.0154 464.1456 464.2943 464.4628 464.6483 464.8481 465.0631 465.2937 465.5402 465.8026 466.0806 466.3734 466.6795 466.997 467.3228 467.6528 467.9815 468.2973
476.4469 475.9694 475.4972 475.0305 474.5697 474.1154 473.6678 473.2276 472.7949 472.3672 471.9431 471.523 471.1072 470.6966 470.293 469.8968 469.5084 469.1282 468.7568 468.3946 468.042 467.6998 467.3683 467.0483 466.7404 466.4452 466.1635 465.896 465.6436 465.407 465.1873 464.9853 464.8021 464.6387 464.4964 464.3763 464.2797 464.2081 464.1629 464.1457 464.1581 464.202 464.2791 464.3898 464.5197 464.6663 464.8307 465.0142 465.2177 465.4401 465.6772 465.9295 466.1974 466.4812 466.7809 467.096 467.4258 467.7689 468.1231 468.4856 468.8523 469.2178 469.5719 469.8993
475.6755 475.2144 474.7592 474.3102 473.8677 473.4324 473.0046 472.5849 472.173 471.7655 471.3622 470.9634 470.5702 470.1841 469.8057 469.4355 469.0738 468.7212 468.3781 468.045 467.7226 467.4114 467.112 466.8251 466.5514 466.2916 466.0464 465.8167 465.6034 465.4074 465.2296 465.071 464.9329 464.8163 464.7224 464.6526 464.6083 464.5909 464.6019 464.6431 464.7162 464.8231 464.965 465.1288 465.3098 465.5091 465.7279 465.9672 466.2267 466.5016 466.7916 467.0974 467.419 467.7563 468.1091 468.4764 468.8567 469.2481 469.6476 470.0513 470.4539 470.846 471.2121 471.5423
474.9132 474.4695 474.0323 473.6019 473.1789 472.7638 472.357 471.959 471.5684 471.1822 470.8008 470.4251 470.0569 469.6967 469.345 469.0021 468.6686 468.345 468.0317 467.7295 467.4389 467.1604 466.8949 466.6429 466.4053 466.1828 465.9762 465.7864 465.6145 465.4612 465.3277 465.2151 465.1245 465.0572 465.0145 464.9977 465.0084 465.048 465.1183 465.2209 465.3577 465.5306 465.7291 465.9452 466.1801 466.435 466.7107 467.0076 467.3209 467.6493 467.9934 468.3533 468.7289 469.1198 469.525 469.9431 470.3721 470.809 471.25 471.6899 472.1201 472.5247 472.8939 473.2167
474.1598 473.7345 473.3163 472.9058 472.5034 472.1097 471.7253 471.3503 470.9814 470.6176 470.2599 469.91 469.5683 469.2354 468.9117 468.5977 468.2939 468.0008 467.7191 467.4494 467.1922 466.9484 466.7186 466.5035 466.304 466.1209 465.955 465.8075 465.6791 465.571 465.4843 465.4201 465.3797 465.3644 465.3755 465.4146 465.4832 465.5829 465.7154 465.8825 466.0862 466.32 466.572 466.8434 467.1349 467.4478 467.7827 468.1349 468.5024 468.8855 469.2843 469.6987 470.1282 470.5718 471.0282 471.4952 471.97 472.4486 472.9262 473.3945 473.8374 474.2454 474.6078 474.9117
