data/map/nodsh8.asc
ncols         217
nrows         146
xllcorner     6.39591e+006
yllcorner     1.68973e+006
cellsize      1135.85
NODATA_value  -99999
[rows 60 to 89 of 146, columns 0 to 66 of 217]
4161.13 4389.17 4617.22 4794.3 4908.18 5022.07 5081.76 5089.83 5097.9 5108.06 5119.76 5131.45 5160.03 5197.98 5235.92 5287.41 5344.46 5401.5 5527.33 5673.13 5818.94 5900.63 5970.17 6039.71 6125.76 6213.51 6301.27 6376.8 6451.98 6526.21 6576.29 6626.37 6679.75 6761.8 6843.84 6920.88 6973.29 7025.71 7076.44 7121.68 7166.92 7219.82 7290.57 7361.32 7430.02 7495.17 7560.32 7683.78 7883.95 8084.12 8300.83 8534.23 8767.64 9021.85 9292.19 9562.52 9806.29 10034.4 10262.5 10553.8 10872.8 11191.8 11388.3 11515.4 11643.2 11773 11902.8
3963.22 4177.88 4437.46 4636.66 4761.01 4885.36 4954.7 4971.64 4988.59 5009.78 5034.08 5058.37 5094.54 5137.29 5180.04 5236.18 5297.81 5359.45 5488.52 5637.18 5785.84 5866.66 5934.62 6002.58 6088.63 6176.55 6264.47 6344.86 6425.04 6503.97 6551.18 6598.38 6649.92 6739.08 6828.25 6911.59 6966.34 7021.09 7075.45 7128.51 7181.57 7243.08 7324.24 7405.39 7480.68 7545.81 7610.93 7726.03 7906.84 8087.65 8283.26 8493.82 8704.38 8918.77 9136.12 9353.46 9550.68 9736.01 9921.34 10185.2 10483.5 10781.8 11131.7 11422 11545.7 11669.5 11795
3959.95 3965.81 4254.15 4473.64 4607.76 4741.88 4821.84 4850.23 4878.62 4911.95 4948.89 4985.84 5029.37 5076.54 5123.72 5183.96 5249.56 5315.16 5446.22 5596.3 5746.38 5826.75 5893.91 5961.06 6047.2 6135.3 6223.4 6308.35 6393.22 6476.57 6521.36 6566.14 6616.21 6712.08 6807.95 6897.39 6955.28 7013.17 7071.74 7132.54 7193.33 7263.18 7354.07 7444.96 7526.44 7591.62 7656.79 7764.16 7927.02 8089.88 8265.6 8454.31 8643.02 8820.37 8988.91 9157.45 9310.56 9454.57 9598.58 9835.41 10113 10390.6 10765.6 11171.3 11446.2 11566.3 11686.1
3964.23 3949.7 4020.05 4233.45 4367.29 4501.13 4605.74 4682.49 4759.25 4820.66 4870.86 4921.06 4968.68 5014.87 5061.07 5117.5 5178.13 5238.76 5353.77 5484.59 5615.4 5701.44 5778.99 5856.54 5944.02 6032.52 6121.02 6206.2 6291.28 6375 6424 6473 6526.93 6623.54 6720.15 6812.69 6885.22 6957.75 7029.05 7096.32 7163.6 7237.99 7328.94 7419.88 7501.8 7568.08 7634.36 7743.3 7908.36 8073.41 8246.48 8427.65 8608.82 8789.18 8968.91 9148.63 9292.93 9416.33 9539.73 9756.05 10013.2 10270.3 10621.5 11002.3 11346.8 11461.4 11577.8
3752.31 3952.02 3946.84 3993.26 4126.83 4260.39 4389.63 4514.75 4639.88 4729.37 4792.82 4856.28 4908 4953.21 4998.41 5051.04 5106.7 5162.36 5261.33 5372.87 5484.42 5576.13 5664.08 5752.02 5840.84 5929.75 6018.65 6104.04 6189.34 6273.42 6326.64 6379.86 6437.65 6535 6632.36 6727.99 6815.16 6902.34 6986.36 7060.12 7133.87 7212.81 7303.81 7394.8 7477.16 7544.54 7611.93 7722.45 7889.7 8056.95 8227.37 8401 8574.63 8757.99 8948.9 9139.81 9275.29 9378.09 9480.88 9676.69 9913.37 10150 10477.4 10833.3 11189.2 11356.9 11468.3
3510.92 3754.4 3947.24 3946.11 3941.26 3965.58 4119.15 4289.37 4459.6 4584.37 4675.95 4767.52 4830.67 4878.07 4925.48 4974.58 5024.38 5074.19 5159.62 5255.4 5351.18 5447.24 5543.34 5639.45 5728.63 5817.09 5905.55 5989.48 6073.27 6156.06 6213.24 6270.43 6331.79 6429.29 6526.79 6624.83 6725.46 6826.1 6921.81 7001.48 7081.14 7164.32 7255.67 7347.03 7431.09 7502.51 7573.94 7687.88 7857.75 8027.62 8196.89 8365.57 8534.24 8721.47 8923.08 9124.7 9254.96 9343.14 9431.32 9607.21 9821.65 10036.1 10338.3 10668.1 10997.9 11226.7 11359.1
3078.13 3214.82 3351.5 3497.33 3654.5 3811.66 3939.64 3938.28 3937.95 4082.64 4301.05 4519.46 4642.81 4713.52 4784.22 4831.75 4869.77 4907.8 4996.38 5099.64 5202.9 5294.54 5383.97 5473.39 5556.44 5638.82 5721.21 5792.44 5863.34 5933.82 5993.3 6052.77 6115.78 6209.49 6303.19 6399.02 6505.29 6611.56 6712.08 6793.87 6875.66 6961.04 7054.77 7148.5 7242.68 7337.62 7432.56 7562.21 7737.53 7912.85 8090.94 8271.83 8452.73 8649.54 8858.69 9067.83 9216.73 9330.1 9443.46 9603.39 9783.79 9964.19 10232.4 10528.3 10824.2 11037.1 11232.5
2645.34 2675.23 2705.12 2801.25 2979.49 3157.74 3355.83 3572.82 3789.81 3938.94 3938.11 4271.4 4454.95 4548.96 4642.96 4688.91 4715.17 4741.42 4833.15 4943.89 5054.63 5141.84 5224.59 5307.34 5384.25 5460.55 5536.86 5595.4 5653.42 5711.59 5773.35 5835.11 5899.78 5989.68 6079.59 6173.21 6285.11 6397.02 6502.35 6586.26 6670.18 6757.76 6853.87 6949.98 7054.27 7172.73 7291.18 7436.55 7617.31 7798.08 7984.99 8178.1 8371.22 8577.61 8794.29 9010.97 9178.5 9317.05 9455.59 9599.57 9745.94 9892.3 10126.6 10388.5 10650.5 10847.5 11030.8
2248.33 2190.53 2132.73 2180.3 2358.52 2536.73 2748.31 2991.68 3235.05 3591.94 3943.68 3971.56 4198.99 4308.79 4418.58 4460.43 4474.44 4488.44 4603.84 4748.69 4893.54 4978.95 5053.1 5127.24 5196.58 5265.42 5334.26 5381.72 5428.56 5475.95 5537.5 5599.06 5662.87 5746.3 5829.72 5918.38 6032.73 6147.08 6255 6341.97 6428.94 6519.97 6620.45 6720.93 6835.32 6973.8 7112.29 7274.77 7468.84 7662.91 7861.73 8065.35 8268.96 8480.88 8699.24 8917.59 9097.12 9253.73 9410.35 9542.44 9663.75 9785.06 9993 10228.2 10463.5 10649.6 10825.4
1997.57 1930.2 1862.83 1866.55 1958.41 2050.28 2239.51 2521.49 2803.47 3155.09 3557.6 3949.39 3945.56 3945.51 3947.15 3952.76 3961.42 3970.03 4104.47 4392.26 4680.05 4774.41 4832.09 4889.77 4945.66 5001.36 5057.06 5100.03 5142.62 5185.54 5236.69 5287.83 5340.51 5406.51 5472.51 5544.9 5648.67 5752.45 5853.89 5947.73 6041.57 6141.16 6254.13 6367.09 6491.52 6635.78 6780.04 6965.42 7204.9 7444.38 7667.74 7874.83 8081.92 8282.81 8478.88 8674.96 8839.3 8984.93 9130.56 9267.39 9400.36 9533.32 9746.12 9984.07 10222 10417.9 10604.8
1746.82 1669.87 1592.92 1552.79 1558.31 1563.83 1730.71 2051.29 2371.88 2718.25 3083.45 3448.66 3630.3 3710.26 3790.23 3803.28 3788.91 3774.53 3986.31 4035.83 4466.57 4569.87 4611.08 4652.3 4694.74 4737.3 4779.87 4818.34 4856.69 4895.13 4935.87 4976.61 5018.16 5066.73 5115.3 5171.41 5264.61 5357.81 5452.78 5553.49 5654.21 5762.35 5887.8 6013.25 6147.71 6297.75 6447.79 6656.07 6940.96 7225.85 7473.75 7684.32 7894.88 8084.74 8258.53 8432.33 8581.49 8716.13 8850.78 8992.35 9136.96 9281.58 9499.23 9739.91 9980.58 10186.1 10384.2
1512.45 1434.83 1357.21 1290.71 1238 1185.28 1322.41 1640.35 1958.28 2270.21 2577.74 2885.28 3034.37 3095.72 3157.06 3163.08 3146.42 3129.76 3554.35 3987.17 4159.82 4293.1 4346.87 4400.64 4438.37 4474.44 4510.51 4545.1 4579.65 4614.15 4647.56 4680.98 4714.52 4749.16 4783.8 4826.39 4908.07 4989.75 5077.59 5185.48 5293.38 5409 5542.56 5676.12 5816.63 5969.16 6121.69 6346.85 6667.53 6988.22 7250.31 7453.25 7656.19 7830.23 7981.86 8133.49 8269.13 8395.32 8521.52 8668.44 8824.47 8980.51 9201.42 9442.77 9684.13 9904.16 10119.7
1324.17 1270.93 1217.69 1174.01 1142.16 1110.31 1196.82 1396.07 1595.31 1790.7 1983.26 2175.82 2265.23 2297.51 2329.78 2349.49 2364.04 2378.59 2859.07 3474.86 3981.5 3984.15 3980.6 4109.04 4166.66 4214.94 4263.22 4295.65 4327.62 4359.7 4394.46 4429.21 4463.53 4494.08 4524.63 4561.43 4628.93 4696.43 4775.31 4891.27 5007.24 5127.24 5256.62 5386.01 5521.38 5667.13 5812.87 6037.96 6367.41 6696.87 6944.03 7108.12 7272.2 7416.97 7546.76 7676.55 7803.27 7928.19 8053.1 8207.1 8373.88 8540.67 8760.31 8996.61 9232.91 9481.04 9731.66
1135.88 1107.03 1078.18 1057.3 1046.32 1035.34 1071.24 1151.79 1232.34 1311.18 1388.78 1466.37 1496.09 1499.3 1502.51 1535.9 1581.66 1627.43 2163.79 2842.65 3521.5 3833.21 3988.26 3987.1 3982.14 3976.58 4015.93 4046.2 4075.6 4105.25 4141.35 4177.44 4212.54 4239.01 4265.47 4296.47 4349.79 4403.1 4473.03 4597.06 4721.1 4845.49 4970.69 5095.89 5226.13 5365.09 5504.05 5729.07 6067.29 6405.52 6637.75 6762.98 6888.22 7003.71 7111.66 7219.61 7337.42 7461.05 7584.68 7745.76 7923.29 8100.83 8319.2 8550.45 8781.69 9057.91 9343.6
1007.76 996.467 985.171 980.019 982.483 984.946 986.416 986.939 987.462 987.836 988.101 988.367 978.389 962.737 947.085 983.674 1041.68 1099.68 1662.18 2371.2 3080.21 3461.64 3780.96 3990.17 3988.18 3986.28 3979.15 3974.56 3968.77 3948.06 3904.99 3932.21 3959.48 3987.18 4014.88 4045.39 4089.7 4134.02 4197.08 4321.25 4445.41 4570.08 4695.93 4821.79 4950.49 5084.1 5217.71 5435.82 5765.07 6094.33 6313.04 6420.13 6527.22 6626.41 6719.47 6812.53 6924.44 7047.46 7170.48 7337.43 7523.68 7709.93 7927.21 8154.26 8381.31 8674.79 8982.27
1002.93 995.203 987.477 983.515 984.219 984.922 985.127 984.857 984.587 984.523 984.61 984.696 975.974 962.372 948.77 967.067 998.442 1029.82 1557.45 2229.21 2900.97 3312.14 3673.9 3995.04 3994.76 3993.66 3991.05 3986.47 3978.99 3965.54 3942.92 3871.31 3849.53 3824.87 3812.32 3822.74 3868.67 3914.61 3975.12 4083.11 4191.11 4307.66 4444.09 4580.53 4715.05 4846.24 4977.43 5174.6 5458.54 5742.49 5950.53 6081.94 6213.35 6322.8 6415.22 6507.63 6619.8 6743.61 6867.42 7037.76 7228.54 7419.33 7635.85 7860.49 8085.12 8373.69 8675.71
998.093 993.938 989.783 987.011 985.954 984.898 983.838 982.775 981.713 981.211 981.118 981.026 973.558 962.007 950.455 950.46 955.204 959.947 1452.72 2087.22 2721.73 3162.63 3566.84 3971.04 3996.4 3996.4 3996.01 3992.61 3986.97 3972.65 3948.95 3914.25 3885.77 3844.09 3819.75 3806.18 3800.74 3800.83 3764.39 3844.98 3936.82 4045.24 4192.25 4339.27 4479.61 4608.38 4737.16 4913.38 5152.01 5390.65 5588.03 5743.76 5899.49 6019.19 6110.96 6202.73 6315.15 6439.76 6564.36 6738.09 6933.41 7128.73 7344.5 7566.72 7788.94 8072.58 8369.14
994.538 992.691 990.843 989.941 990.212 990.483 988.789 985.223 981.656 980.005 979.753 979.5 972.928 962.855 952.781 946.292 941.271 936.25 1403.91 2008.85 2613.8 3063.06 3482.82 3902.58 3931.53 3920.08 3908.64 3902.09 3895.67 3887.84 3843.81 3799.79 3766.1 3822.02 3836.61 3808.88 3805.34 3804.11 3802.13 3759.4 3756.87 3863.53 4018.72 4173.9 4316.13 4435.91 4555.69 4709.94 4909.51 5109.08 5293.18 5461.65 5630.12 5757.14 5852.01 5946.88 6059.5 6182.59 6305.68 6477.32 6670.29 6863.26 7070.83 7283 7495.17 7771.31 8060.92
992.954 991.469 989.983 991.998 998.355 1004.71 1003.35 994.646 985.939 982.043 981.661 981.28 975.046 965.571 956.096 961.282 972.478 983.674 1441.26 2028.48 2615.7 3040.41 3434.3 3828.2 3858.6 3851.43 3844.26 3824.34 3804.05 3783.48 3755.85 3728.22 3708.33 3755.53 3802.74 3812.61 3806.79 3807.42 3805.08 3759.19 3746.41 3806.17 3965.8 4125.43 4263.48 4364.15 4464.82 4595.5 4765.62 4935.75 5102.53 5265.92 5429.31 5559.1 5662.84 5766.59 5879.32 5997.34 6115.37 6276.47 6456.5 6636.53 6824.42 7014.77 7205.13 7469.81 7750.13
991.37 990.247 989.123 994.056 1006.5 1018.94 1017.92 1004.07 990.222 984.081 983.57 983.059 977.164 968.287 959.41 976.272 1003.69 1031.1 1478.6 2048.11 2617.61 3017.75 3385.79 3753.82 3785.67 3782.78 3779.89 3746.6 3712.43 3679.12 3667.89 3656.65 3650.56 3689.04 3727.52 3767.09 3811.95 3806.76 3806.71 3773.68 3750.24 3748.81 3912.89 4076.96 4210.83 4292.39 4373.96 4481.06 4621.74 4762.43 4911.88 5070.19 5228.5 5361.06 5473.68 5586.29 5699.13 5812.1 5925.06 6075.63 6242.71 6409.8 6578 6746.54 6915.09 7168.3 7439.34
1032.34 1042.88 1053.42 1065.2 1078.52 1091.84 1088.08 1068.06 1048.04 1037.01 1032.53 1028.06 1021.43 1013.61 1005.8 1047.6 1109.75 1171.9 1582.58 2094.48 2606.38 2972.7 3311.42 3650.15 3689.91 3698.78 3707.65 3674.92 3640.99 3608.39 3609.35 3610.31 3615.23 3654.52 3693.82 3734.3 3780.63 3814.28 3810.61 3779.31 3768.77 3747.47 3897.19 4058.6 4188.72 4264.7 4340.67 4429.76 4536.08 4642.4 4766.03 4907.14 5048.24 5181.11 5307.59 5434.07 5551.56 5663.73 5775.91 5914.03 6063.56 6213.08 6366.89 6522.05 6677.21 6916.84 7174.25
1123.4 1158.91 1194.41 1217.67 1225.73 1233.79 1223.69 1196.29 1168.89 1149.83 1136.88 1123.92 1115.31 1109.1 1102.88 1185.25 1303.93 1422.61 1764.99 2172.33 2579.68 2901.29 3206.64 3511.99 3567.27 3596.71 3626.14 3610.38 3593.32 3577.22 3585.43 3593.64 3606.31 3657.64 3708.96 3760.29 3811.61 3835.35 3815.16 3782.13 3773.57 3774.95 3925.31 4075.66 4202.56 4288.87 4375.17 4452.78 4518.95 4585.11 4672.91 4782.55 4892.19 5022.44 5168.67 5314.91 5442.38 5558.78 5675.18 5798.63 5925.16 6051.7 6197.35 6349.03 6500.71 6724.27 6962.96
1214.46 1274.93 1335.4 1370.13 1372.94 1375.75 1359.3 1324.51 1289.73 1262.66 1241.22 1219.79 1209.19 1204.58 1199.97 1322.9 1498.11 1673.32 1947.4 2250.19 2552.98 2829.88 3101.86 3373.84 3444.63 3494.64 3544.64 3545.85 3545.66 3546.05 3561.51 3576.98 3597.39 3660.75 3724.11 3786.28 3842.59 3831.57 3816.86 3782.52 3774.64 3814.12 3953.42 4092.73 4216.41 4313.04 4409.67 4475.8 4501.81 4527.83 4579.8 4657.97 4736.14 4863.78 5029.76 5195.74 5333.19 5453.83 5574.46 5683.22 5786.77 5890.31 6027.81 6176.01 6324.21 6531.7 6751.67
1374.44 1450.82 1527.2 1568.82 1567.33 1565.83 1541.57 1495.63 1449.69 1396.02 1336.71 1277.39 1253.78 1249.93 1246.08 1388.28 1590.34 1792.4 2034.04 2287.17 2540.3 2795.96 3052.09 3308.22 3386.38 3446.16 3505.93 3515.2 3523.01 3531.25 3550.15 3569.06 3593.16 3662.23 3731.31 3798.62 3857.3 3820.01 3808.38 3787.35 3772.71 3832.72 3966.78 4100.84 4222.98 4324.52 4426.05 4486.73 4493.67 4500.62 4535.57 4598.8 4662.02 4788.42 4963.78 5139.14 5281.34 5403.98 5526.62 5628.41 5721.03 5813.65 5947.28 6093.83 6240.38 6440.23 6651.32
1596.76 1680.86 1764.97 1809.33 1804.39 1799.46 1766.06 1705.55 1645.04 1547.96 1424.17 1300.38 1253.78 1249.93 1246.08 1388.28 1590.34 1792.4 2034.04 2287.17 2540.3 2795.96 3052.09 3308.22 3386.38 3446.16 3505.93 3515.2 3523.01 3531.25 3550.15 3569.06 3593.16 3662.23 3731.31 3798.62 3842.82 3812.74 3808.29 3803.05 3783.13 3832.72 3966.78 4100.84 4222.98 4324.52 4426.05 4486.73 4493.67 4500.62 4535.57 4598.8 4662.02 4788.41 4963.78 5139.14 5281.34 5403.98 5526.62 5628.41 5721.03 5813.65 5947.28 6093.83 6240.38 6440.23 6651.32
1819.08 1910.91 2002.74 2049.83 2041.46 2033.08 1990.54 1915.47 1840.39 1699.9 1511.63 1323.36 1253.78 1249.93 1246.08 1388.28 1590.34 1792.4 2034.04 2287.17 2540.3 2795.96 3052.09 3308.22 3386.38 3446.16 3505.93 3515.2 3523.01 3531.25 3550.15 3569.06 3593.16 3662.23 3731.31 3798.62 3823.58 3810.04 3803.18 3802.73 3797.19 3832.72 3966.78 4100.84 4222.98 4324.52 4426.05 4486.73 4493.67 4500.62 4535.57 4598.8 4662.02 4788.41 4963.77 5139.14 5281.34 5403.98 5526.62 5628.41 5721.03 5813.65 5947.28 6093.83 6240.38 6440.23 6651.32
1910.07 2005.06 2100.05 2148.26 2138.48 2128.7 2082.42 2001.38 1920.34 1780.42 1597.47 1414.52 1340.67 1327.25 1313.82 1442.15 1628.6 1815.04 2058.64 2318.83 2579.03 2804.25 3022.84 3241.43 3314.48 3372.49 3430.49 3448.66 3465.68 3483.6 3524.27 3564.94 3609.68 3689.73 3769.79 3831.53 3819.11 3810.89 3808.25 3804.12 3796.86 3797.35 3915.68 4034 4147.27 4251.77 4356.28 4432.52 4471.58 4510.64 4561.42 4624.01 4686.61 4811.25 4983.98 5156.72 5289.85 5399.63 5509.4 5599.16 5680.11 5761.07 5879.77 6010.37 6140.97 6330.34 6532.08
1910.07 2005.06 2100.05 2148.26 2138.48 2128.7 2082.42 2001.38 1920.34 1811.44 1682.18 1552.93 1487.78 1458.13 1428.49 1533.35 1693.36 1853.37 2100.28 2372.44 2644.59 2818.3 2973.34 3128.38 3192.76 3247.77 3302.79 3336.02 3368.63 3402.93 3480.44 3557.96 3637.65 3736.29 3834.93 3825.72 3816.34 3811.48 3805.6 3803.34 3765.11 3742.93 3829.17 3920.86 4019.09 4128.63 4238.17 4340.75 4434.18 4527.62 4605.17 4666.7 4728.23 4849.9 5018.2 5186.49 5304.27 5392.26 5480.25 5549.64 5610.84 5672.05 5765.49 5869.09 5972.68 6144.3 6330.23
1910.07 2005.06 2100.05 2148.26 2138.48 2128.7 2082.42 2001.38 1920.34 1842.46 1766.9 1691.33 1634.88 1589.02 1543.16 1624.56 1758.13 1891.7 2141.93 2426.04 2710.15 2832.34 2923.83 3015.32 3071.04 3123.06 3175.09 3223.38 3271.58 3322.26 3436.62 3550.97 3665.63 3782.85 3841.64 3820.87 3810.65 3808.33 3803.36 3801.61 3762.76 3715.75 3742.66 3807.72 3890.91 4005.48 4120.05 4248.98 4396.78 4544.59 4648.93 4709.39 4769.86 4888.56 5052.41 5216.26 5318.69 5384.9 5451.1 5500.12 5541.57 5583.03 5651.21 5727.8 5804.4 5958.26 6128.38
2067.93 2150.14 2232.36 2270.53 2254.09 2237.65 2184.31 2095.82 2007.33 1931.1 1863.83 1796.56 1741.4 1692.95 1644.5 1721.04 1848.8 1976.57 2190.88 2430.32 2669.77 2765.82 2834.68 2903.55 2938.21 2969.33 3000.46 3063.99 3128.45 3194.6 3303.7 3412.79 3519.68 3607.39 3695.09 3772.62 3800.16 3804.01 3803 3792.61 3759.26 3677.43 3620.78 3522.96 3534.96 3544.11 3560.93 3754.15 4104.69 4455.23 4676.69 4767.81 4858.94 4986.86 5143.31 5299.76 5382.79 5422.5 5462.22 5491.89 5517.14 5542.4 5591.31 5647.67 5704.03 5824.95 5959.45
