data/map/nodsh8.asc
ncols         217
nrows         146
xllcorner     6.39591e+006
yllcorner     1.68973e+006
cellsize      1135.85
NODATA_value  -99999
[rows 0 to 29 of 146, columns 67 to 133 of 217]
5798.61 5785.89 5765.85 5739.73 5709.44 5677.18 5709.04 5823.38 5927.71 6023.58 5981.25 5931.25 5883.09 5842.95 5816.66 5807.45 5817.06 5831.49 5682.96 5529.13 5379.52 5438.05 5508.86 5586.29 5664.69 5738.53 5667.89 5611.07 5566.62 5533.65 5511.63 5500.04 5497.98 5504.33 5518.26 5539.53 5568.55 5605.85 5651.63 5705.33 5765.66 5830.8 5898.94 5968.7 6039.35 6110.88 6183.78 6258.8 6336.67 6417.96 6502.9 6591.51 6683.71 6779.52 6879.25 6983.41 7092.62 7207.28 7327.25 7421.26 7477.42 7567.3 7695.99 7861.84 7816.32 7767.32 7980.14
5806.52 5793.21 5771.94 5743.9 5711.41 5677.87 5719.12 5782.87 5552.82 5321.32 5074.83 4828.35 4521.34 3883.34 3245.34 3011.06 3075.66 3349.14 3431.16 3406.99 3406.83 3442.23 3593.29 3744.35 3847.91 3885.16 3922.41 3937.32 3928.31 3919.31 3926.53 3947.09 3967.66 4013.56 4075.37 4137.17 4193.25 4246.63 4300.01 4273.4 4219.52 4165.65 4105.63 4044.17 3982.72 4270.74 4607.66 4944.58 5141.08 5329.09 5516.53 5640.02 5763.51 5902.4 6233.26 6564.11 6911.16 7200.55 7321.62 7394.61 7443.69 7528.5 7658.83 7832.99 7810.55 7765.3 7988.57
5822.8 5808.49 5784.81 5752.51 5714.44 5677.01 5741.01 5854.97 5954.14 6041.65 5829.9 5404.44 4948.53 4326.1 3703.67 3203.57 3209.83 3230.53 3423.64 3417.3 3413.88 3561.14 3663.47 3765.8 3834.1 3854.92 3875.73 3863.7 3816.51 3769.33 3758.73 3778.23 3797.72 3871.13 3978.38 4085.62 4168.96 4241.07 4313.17 4279.73 4210.31 4140.9 4061.83 3980.52 3899.22 4063.96 4263.14 4462.31 4720.4 4982.05 5242.34 5346.87 5451.41 5571.56 5886.29 6201.03 6546.85 7083.69 7309.39 7341.63 7374.25 7444.17 7577.85 7770.85 7799.04 7764.87 8009.21
5798.4 5833.14 5806.29 5766.88 5716.83 5667.62 5778.49 5891.33 5983.79 6061.01 6010.09 5930.56 5375.72 4768.86 4162.01 3649.23 3469.45 3289.67 3363.78 3410.37 3550.75 3680.05 3733.65 3787.25 3820.3 3824.68 3829.05 3790.08 3704.71 3619.35 3590.94 3609.36 3627.78 3728.7 3881.39 4034.07 4144.68 4235.51 4326.34 4286.06 4201.1 4116.14 4018.04 3916.88 3815.72 3857.19 3918.61 3980.04 4299.71 4635 4968.14 5053.73 5139.31 5240.72 5539.33 5837.94 6182.55 6809.72 7277.06 7264.82 7267.5 7296.08 7437.57 7665.61 7781.8 7778.03 8050.93
5654.09 5869.47 5840.33 5791.88 5718.4 5695.82 5838 5948.07 6028.68 6088.77 6053.79 5951.39 5800.09 5636.07 5151.24 4640.92 4470.92 4300.91 4151.43 4053.19 3954.95 3898.08 3917.45 3936.82 3971.52 4027.61 4083.71 4063.4 3961.31 3859.23 3815.11 3818.65 3822.19 3899.22 4022.36 4145.51 4226.96 4288.8 4350.64 4310.23 4234.98 4159.74 4050.81 3934.06 3817.31 3801.31 3799.39 3797.48 4047.64 4313.05 4577.3 4708.33 4839.37 4977.14 5198.88 5420.62 5711.31 6425.54 7139.78 7173.1 7134.86 7035.06 7210.75 7502.48 7759.18 7844.8 8128.22
5600.42 5920.18 5893.66 5841.93 5736.86 5778.54 6057.08 6034.26 6094.11 6124.75 6147.38 6021.13 5779.66 5376.28 5516.13 5013.28 4893.57 4987.71 5037.15 4752.9 4377.07 4148.89 4138.84 4128.79 4177.34 4307.7 4438.06 4451.5 4339.8 4228.11 4168.97 4153.05 4137.14 4173.28 4242.08 4310.88 4344.49 4361.56 4378.62 4340.31 4283.13 4225.94 4108.91 3977.99 3847.06 3795.35 3754.72 3714.09 3851.36 3999.4 4147.87 4345.66 4543.46 4735.82 4860.59 4985.35 5204.68 6004.9 6805.13 7084.05 7063.76 7136.43 7359.09 7643.28 7731.76 7960.15 8238.89
5564.69 5986.04 5972.19 5945.32 5904.59 6100.78 6211.83 6285.32 6298.31 6175.81 6152.66 6133.93 5921.13 5698.39 5570.5 5514.81 5485.72 5442.81 5189.28 4994.96 4905.01 4399.7 4210.23 4320.75 4383.16 4587.79 4792.42 4839.6 4718.29 4596.98 4522.83 4487.46 4452.09 4447.33 4461.79 4476.25 4462.02 4434.31 4406.6 4370.39 4331.27 4292.15 4167.02 4021.91 3876.81 3789.39 3710.05 3630.7 3655.09 3685.75 3718.43 3982.99 4247.54 4494.5 4522.29 4550.09 4698.05 5584.26 6470.47 6968.07 6899.71 7193.98 7452.65 7748.8 7701.14 8057.24 8332.1
5527.56 6062 6063.73 6062.59 6065.14 6232.03 6366.03 6445.78 6480.45 6481.63 6345.27 6211.1 6026.38 6103.77 6163.57 6240.73 6456.16 6724.85 6752.59 6458.89 5795.4 5356.24 5330.64 5305.05 5331.58 4875.16 5500.42 5496.74 5361.78 5158.34 4986.79 4946.05 5337.62 5153.47 4895.93 4638.4 4521.18 4469.95 4418.72 4422.82 4445.77 4468.72 4344.85 4186.89 4028.93 3906.37 3788.77 3671.17 3646.85 3628.17 3617.82 4563.69 5509.57 6341.43 5753.01 5164.58 4772.25 5584.51 6396.77 6852.19 6910.05 7225.63 7542.14 7726.33 7720.11 8196.33 8467.96
5724.61 6141.81 6158.14 6176.15 6184.02 6411.47 6574.29 6651.14 6670.88 6656.49 6627.94 6563.37 6379.31 6188.38 6267.12 6440.5 6619.71 6757.68 6740.24 7017.68 6731.7 6470.78 6468.76 6466.75 6446.27 6400.01 6084.36 5619.4 5425.98 5019.32 4653.45 4256.97 5582.2 5865.41 5378.09 4799.82 4567.27 4497.28 4427.29 4480.26 4575.13 4669.99 4549.48 4378.96 4208.45 4050.88 3895.12 3739.37 3680.7 3627.91 3590.83 5355.61 6637.37 6691.87 6610.63 6014.11 4976.49 5678.99 6381.5 6611.59 6927.45 7241.17 7603.97 7680.57 7837.63 8322.72 8592.61
5792.8 6128.78 6250.87 6302.9 6397.54 6634.12 6854.87 6913.55 6895.35 6836.66 6799.92 6748.21 6655.63 6528.49 6422.52 6525.45 6703.34 6843.27 7016.99 7307.25 7168.01 7329.48 7434.24 7541.94 7560.96 7369.15 7177.35 7182.48 7168.77 7502.48 7280.84 6981.88 6797.75 6759.23 5860.24 4961.25 4613.35 4524.61 4435.86 4537.7 4704.48 4871.27 4754.12 4571.04 4387.96 4195.38 4001.48 3807.57 3714.56 3627.66 3563.83 6147.53 6748.99 6675.2 6684.85 6585.07 5180.72 5773.47 6366.22 6794.16 7045.96 7331.48 7642.53 7643.14 7948.38 8433.9 8695.25
5681.72 6111.87 6322.88 6387.01 6506.96 6543.11 6774.81 6864.04 6899.61 6893.6 6878.89 6859.55 6826.34 6775.84 6775.35 6789.54 6982.41 7554.01 7921.26 8210.99 8126.01 8070.41 8068.96 8067.52 8006.02 7932.53 8082.92 8229.63 8414.76 8485.8 8580.74 8588.26 8560.56 8210.54 7671.13 7131.73 6907.42 6831.27 6755.12 6776.36 6830.77 6885.19 6673.59 6345.16 6032.39 5964.02 5816.67 5669.31 5591.56 5518.02 5461.64 6992.67 6942.36 6974.15 7011.92 7057.77 5469.46 5969.41 6469.35 6947.35 7229.77 7500.45 7593.49 7700.03 8063.93 8532.54 8773.23
5565.05 6095.41 6367.14 6457.16 6546.17 6584.41 6660.75 6763.85 6825.97 6853.21 6869.95 6882.41 6897.36 6917.98 6983.59 7137.93 7593.05 8272.73 8877.21 9099.22 9007.47 8965.21 8962.28 8913.34 8824.61 8777.78 8690.29 8623.13 8618.92 8742.21 8944.1 9147.03 9343.85 9531.36 9658.53 9569.09 9500.09 9440.71 9381.33 9304.76 9222.33 8981.09 8626.57 8210.54 7914.68 7840.97 7858.85 7769.31 7713.4 7659.52 7615.13 7858.87 7690.37 7579.5 7533.55 7164.84 5769.42 6178.82 6588.22 6987.12 7320.39 7478.23 7581.42 7846.88 8187.13 8623.61 8840.81
5448.37 6078.95 6351.87 6477.84 6519.96 6569.5 6620.39 6700.51 6743.75 6793.8 6856.91 6909.96 7006.34 7142.72 7338.44 7611.39 8375.59 8837.25 9124.7 9219.25 9121.73 9084.41 9093.97 9044.13 9000.67 8997.36 8911.19 8866.08 8844.07 8879.48 9095.76 9312.61 9608.88 9933.18 10006.2 10068.2 10220.7 10372.5 10491 10551.4 10562.5 10595.8 10614.2 10493.5 10018.9 9932.77 9901.04 9869.3 9835.23 9801.02 9696.01 9354.43 8984.61 8642.35 8154.75 7271.92 6069.38 6388.23 6707.08 7026.89 7295.98 7485.93 7616.24 7922.13 8247.02 8663.6 8867.6
5442.35 6078.1 6402.77 6474.74 6499.82 6548.51 6597.32 6679.22 6728.03 6762.47 6794.91 6850.72 7019.07 7254.32 7560.73 7962.36 8632.88 8958.04 9140.04 9153.63 9124.95 9124.3 9169.87 9180.8 9175.97 9162.76 9081.92 9064.37 8982.56 9036.85 9271.7 9507.03 9948.27 10456.4 10680.8 10887.3 11133 11364.2 11582.1 11463.5 11237.2 11010.9 10927.4 10599 10119.2 10035.1 10006.4 9977.6 9944.66 9911.46 9879.67 10009.7 10139.7 10000.4 8715.31 7277.44 6084.85 6399.03 6713.21 7028.94 7350.68 7553.36 7704.4 7915.66 8315.87 8679.63 8916.75
5442.35 6078.1 6480.1 6431.39 6429.71 6472.24 6532.58 6604.61 6669.86 6711.17 6752.49 6846.46 7076.5 7328.32 7642.98 8006.18 8722.98 9027.18 9140.2 9107.59 9051.94 9084.06 9200.83 9301.47 9347.4 9356.18 9325.47 9296.96 9217.34 9228.58 9485.21 9764.67 10199 10751.4 11025.3 11249.4 11430.4 11577.2 11643 11463.5 11237.2 11250.9 11078.8 10599 10119.2 10035.1 10006.4 9977.6 9944.66 9911.46 9879.67 10009.7 10139.7 10153.2 8715.32 7277.44 6084.85 6399.03 6713.21 7028.94 7350.68 7672.42 7844.15 7997.36 8270.11 8591.32 8804.7
5453.05 6088.9 6514.79 6331.59 6265.06 6291.18 6382.18 6487.78 6588.42 6619.27 6661.71 6900.89 7176 7426.23 7781.79 8196.42 8773.02 8983.97 8983.7 8981.34 8993.94 9031.54 9200.06 9368.87 9464.02 9514.25 9527.65 9525.06 9525.35 9595.07 9782.74 10095.5 10456.9 10872.2 11197.6 11373.1 11466.1 11500.3 11645.4 11473 11486 11520.9 11087.3 10605.4 10123.6 10037.8 10007.5 9977.11 9943.31 9909.31 9876.72 10006.6 10136.5 10150.5 8721.09 7291.66 6106.44 6421.43 6736.42 7051.25 7365.46 7679.67 8000.78 8333.37 8238.05 8515.5 8654.72
6211.82 6855.02 6493.87 6168.45 6024.69 6016.67 6111.78 6304.5 6463.88 6654.79 6974.64 7120.14 7481.18 7794.6 8012.2 8338.14 8790.9 8973.51 8989.39 8986.66 8992.05 9029.29 9209.71 9411.26 9541.28 9629.29 9683.07 9721.75 9805.49 9923.33 10121.4 10392.3 10691.6 11100.8 11299.4 11427.3 11482 11487.3 11490.3 11591.7 11703 11766.5 11683.8 11059.4 10435 10231.4 10086.8 9942.16 9847.83 9756.55 9667.11 9788.9 9910.7 9961.69 9130.77 8299.84 7637.39 8009.86 8382.33 8633.07 8413.69 8193.91 8095.01 8328.58 8350.05 8375.22 8479.22
6970.59 7275.04 6409.48 5965.64 5768.57 5802.18 6087.12 6399.01 6702.46 6839.03 6940.68 7000.65 7376.45 7839.83 8383.13 8604.24 8863.89 9025.15 9016.05 9114.18 9188.34 9251.96 9305.28 9452.93 9600.86 9715.94 9802.5 9877.66 10022.2 10192.6 10472.4 10739.7 10969.7 11205 11363 11457.9 11491.4 11593.2 11695.2 11794.6 11886.2 11966.6 11993.9 11513.3 10746.3 10425.1 10166.1 9907.21 9752.35 9603.79 9457.5 9571.19 9684.89 9772.86 9540.44 9308.02 9168.34 9598.29 9788.93 9373.06 9145.53 8708.96 8195.6 8332.67 8459.17 8547.75 8388.44
7766.15 7394.76 6297.1 5807.52 6040.31 6060.96 6110.69 6293.88 6486.83 6677.24 6826.75 6930.52 7291.55 7785.01 8364.01 8933.03 9184.91 9313.28 9427.87 9536.51 9574.61 9641.72 9751.73 9804.17 9857.95 9926.53 10032.9 10188.6 10393.8 10642.6 10914.1 11167.9 11379.1 11540.6 11652.6 11724.4 11777 11851.8 11924.9 11926.5 11915.9 11928.7 11937 11954.2 11055.8 10624.8 10259.1 9893.48 9686.61 9489.34 9294.66 9395.71 9496.75 9613.61 9927.46 10241.3 10578.3 10786.5 10170.5 9702.6 9380.11 9173.84 8282.11 8334.89 8380.48 8414.23 8451.6
8986 7459.26 6773.9 6290.48 6120.69 6073.21 6093.64 6253.21 6442.67 6643.94 6802.95 6912.11 7273.54 7766.7 8347.57 8918.48 9369.68 9582.71 9579.51 9578.26 9608.04 9679.51 9839.14 10030.3 10184.8 10323.2 10442.9 10553.3 10741.4 10896.4 11080.8 11286.8 11496.4 11771.8 11897.3 11971.2 11996.6 11985.2 11943.9 11915 11895 11884.4 11878.3 11884.7 11343.6 10895 10509.8 10124.5 9963.86 9816.77 9671.27 9707.18 9743.1 9795.49 10053.2 10310.9 10593.5 10858.6 10276.1 9800.11 9466.13 9067.16 8176.68 8217.91 8257.61 8312.6 8435.91
9587.76 8262.4 7010.82 6585.21 6466.77 6386.5 6307.15 6376.74 6523.14 6714.08 6869.36 6964.84 7286.31 7763.54 8317.91 8866.19 9309.2 9564.8 9607.43 9634.91 9681.66 9760.3 9913.05 10095.7 10251 10398.3 10531.9 10655.7 10852.5 11001.8 11170.2 11352.2 11535.1 11778.4 11892.8 11963.8 11993 11988.5 11952.6 11922.1 11897.6 11877.1 11860.8 11850.5 11631.3 11165.2 10760.4 10355.6 10241.1 10144.2 10047.9 10018.7 9989.44 9977.37 10178.9 10380.4 10608.6 10728.2 10021.2 9696.77 9452.94 8959.09 8065.35 8088.48 8230.5 8313.89 8452.06
10622.1 9135.51 8107.24 7612.32 7417.25 7203.1 6966.29 6888.46 6905.69 6977.46 7096.96 7155.15 7452.03 7845.89 8328.5 8827.36 9247.81 9566.65 9641.07 9698.01 9762.66 9848.91 10002.5 10184.8 10341.9 10493.5 10632.8 10760.9 10953.7 11091.1 11241 11399.5 11558.3 11773.6 11879.8 11950.9 11986.3 11990.8 11964.9 11938.3 11914.6 11892.7 11872.9 11855.6 11843.8 11480.8 11068.8 10656.9 10580.2 10523.8 10467.3 10384 10300.8 10234.9 10384.8 10534.7 10712.1 9880.93 9443.87 9410.32 9374.25 9117.38 8258.21 8296.2 8275.28 8260.4 8272.96
11000.8 10182 9884.47 9349.36 9004.01 8412.11 8232.26 7889.54 7676.5 7587.54 7604.72 7630.71 7789.35 8051.74 8432.73 8873.19 9267.92 9585.61 9699.35 9787.03 9869.89 9967.39 10133.5 10325.7 10485.1 10633.8 10766.7 10886.4 11059.8 11178.6 11306.3 11440.8 11576.5 11766.5 11866 11937.8 11979.4 11992.2 11977.4 11958 11939.8 11922.7 11906.5 11890.1 11875.9 11872.7 11717.1 11370.7 11282.7 11210.3 11137.9 11066 10994.1 10936.8 11062 11187.1 10500.6 9637.84 9317.89 9195.17 9208.27 9154.88 9008.68 8813.23 8704.91 8283.83 8420.53
11773.9 11636.8 11422.1 10917.2 10502.1 10224.8 9817.55 9284.73 8857.47 8644.73 8555.96 8472.59 8374.73 8470.2 8723.11 9086.28 9419.11 9695 9836.23 9943.97 10040.3 10152.8 10345.1 10556.7 10714.2 10846.6 10955.5 11050.4 11184.5 11276.1 11375.9 11483.4 11595 11760.3 11853.9 11927.2 11974.4 11993.2 11987.7 11976.3 11966 11957.1 11949.5 11940.2 11929.4 11924.9 11922.5 11920.5 11919 11896.7 11808.5 11747.9 11687.4 11638.8 11715.9 11210.9 10416.8 9672.64 9384.32 9271.55 9170.18 9117.71 8970.76 8931.89 8771.81 8284.45 8349.56
12887.7 12624.2 13074.1 12662.3 12272.9 11773.5 11235.8 10747.7 10448.5 10296.2 10096.7 9844.7 9403.4 9307.46 9379.58 9619.33 9825.53 10030.2 10145.2 10238.6 10330.8 10453.3 10680.6 10914.5 11055.9 11081.8 11155.1 11217.8 11305.3 11367.9 11440.6 11523 11613 11756.7 11845.6 11920.9 11972.9 11994.4 11993.8 11988.3 11984 11981.4 11982 11980.3 11975.3 11972.7 11970.6 11968.5 11966.3 11960.9 11955 11950.4 11950.4 11946.8 11803.7 11421.1 10870.5 10234.8 9802.49 9492.92 9281.52 9190.2 9032.31 9014 8729.22 8704.67 8566.55
13809.6 13619.9 14287.7 13987.6 13663.5 12983.1 12422.7 11970.2 11647.8 11311.6 11048.5 10708.2 10164.5 9943.82 9904.92 10054.8 10192.4 10304.9 10379.6 10450.7 10530.5 10650.3 10892 11133.2 11258.1 11323.9 11352.5 11382.9 11421.5 11455.9 11503.3 11562.4 11632.3 11755.6 11839.8 11917.1 11974.5 11996.3 11997.6 11995.9 11994.8 11994.6 11998.2 12002.7 12004.1 12005 12006 12007.1 12008.2 12010.7 12012.9 12015 12016.2 12014.2 11923.5 11725.2 11325.2 10842.4 10390.5 9826.56 9485.05 9380.74 9070.23 9062.24 8731.78 8921.66 9023.27
14526.7 14578.6 14899 14751.2 14597.9 14415.3 14080.5 13208.1 12989.4 12842.6 12507.3 12292.8 11834.8 11545.9 11363.7 11447.9 11362.3 11169.8 11131 11127.5 11150 11226.7 11468.2 11699.5 11759 11743.4 11678.6 11667.7 11617.4 11607.4 11615 11635.7 11671.3 11757.5 11831.4 11910.4 11978.5 12001 12005.6 12006 12005.7 12005.1 12007.3 12016.2 12026.8 12035.6 12045.5 12056.6 12069.2 12094.1 12115.2 12136.4 12151.1 12151 12124.5 11940.6 11575.2 11040 10491.2 10011.1 9683.56 9581.15 9289.83 9252.1 8841.12 9088.27 9162.3
14795.3 15533.4 15488.2 15420.7 15393.6 15251.1 15100.2 14814.4 14519.4 14230.1 13995.2 13892.1 13924.8 13734.8 13333.2 12943.3 12667.1 12479.7 12345.2 12236.7 12150.8 12108.4 12208.4 12352.4 12313.5 12160.6 12017.1 11986.2 11823.7 11781.2 11750.7 11729.6 11727 11766.6 11822.3 11896.6 11972.5 12011.3 12012.9 12012 12010.3 12007.9 12009 12018 12035.9 12054.3 12076.6 12102.3 12131.9 12188.5 12233.6 12280.2 12320.5 12349.2 12376.7 12296.9 12082 11753.3 11329.6 10822.8 10343.5 9920.56 9641.76 9565.86 9105.87 9160.66 9250.09
15905.7 15905.2 15878.5 15835.7 15786.3 15798.9 15642.8 15511.2 15322.1 15093 14919.3 14741.2 14552.2 14543.7 14577.6 14444.9 14267.3 14117.1 13974.5 13799.4 13586.7 13394.5 13230.7 13127.7 12966.6 12723.9 12491.2 12300.5 12024.1 11985.9 11907.4 11846.2 11805.8 11790.6 11816.5 11872.5 11946.8 11999.2 12005.7 12008.9 12008.3 12004.7 12005 12016.1 12042.6 12072.1 12108.5 12151.2 12201.3 12294.5 12365.4 12438.8 12507.6 12567 12636.3 12606.6 12454.2 12200.6 11891.1 11504.9 11094 10647.1 10221.6 10001.8 9539.42 9192.96 9258.91
16183.7 16188.2 16170.6 16130 16081.3 16028.4 15954.9 15849.2 15766.6 15688.6 15619.9 15551 15436.3 15350 15263.6 15224 15314.8 15260.8 15106.5 14974.4 14805.6 14551.4 14243.9 13966.2 13705.5 13389.7 13081.6 12803.2 12420 12240.7 12090.3 11987.4 11916.1 11845 11829.7 11849.8 11899.9 11943.7 11978.8 11998.1 12003.4 12000.4 12002.7 12019.3 12057 12098.6 12150 12210.9 12282.8 12414.4 12510.5 12608.3 12701.5 12784.9 12881.3 12913.1 12838.4 12668.5 12421 12084.1 11690.1 11318.3 10931.3 10603.1 10073.9 8854.17 9138.39
