data/map/nodsh8.asc
ncols         217
nrows         146
xllcorner     6.39591e+006
yllcorner     1.68973e+006
cellsize      1135.85
NODATA_value  -99999
[rows 0 to 29 of 146, columns 134 to 200 of 217]
8184.51 8373.76 8543.77 8691.77 8815.59 8914.49 8988.58 9038.19 9063.48 9064.38 9040.77 8992.38 8918.59 8818.4 8690.8 8535.29 8352.27 8143.4 7930.05 7869.86 7816.62 7769.77 7728.98 7693.71 7663.66 7638.28 7617.27 7600.1 7586.48 7575.89 7568.1 7562.63 7559.26 7557.57 7557.39 7558.36 7560.33 7563 7566.27 7569.9 7573.81 7577.81 7581.84 7585.78 7589.58 7593.15 7596.46 7599.46 7602.14 7604.46 7606.43 7608.03 7609.27 7610.16 7610.71 7610.93 7610.84 7610.48 7609.84 7608.98 7607.89 7606.63 7605.19 7603.64 7601.96 7600.22 7598.41
8199.64 8393 8565.78 8715.95 8840.51 8939.29 9013.06 9062.51 9087.87 9088.89 9065.55 9017.79 8944.98 8845.8 8718.72 8562.8 8378.11 8166.28 7930.2 7863.06 7810.19 7763.87 7723.41 7688.67 7583.93 7440.73 7302.87 7165 6942.81 6720.09 6627.52 6466.6 6323.58 6234.07 5970.12 5757.6 5459.43 5225.16 4990.88 4740.58 4443.8 4147.02 3842.77 3522.84 3301.1 3279.57 3256.45 2741.96 2287.25 1923.02 1558.78 1260.1 1022.13 784.151 640.585 564.019 487.454 425.607 371.664 317.721 291.968 326.326 354.533 376.522 392.185 401.373 403.883
8232.48 8432.82 8610.41 8765.74 8891.2 8989.12 9061.87 9110.91 9136.6 9137.75 9114.77 9068.23 8997.75 8901.11 8775.46 8619.1 8431.08 8213.42 7968.17 7849.35 7797.53 7751.89 7712.47 7678.38 7649.71 7625.47 7593.38 7381.29 7155.78 6930.19 6705.63 6557.77 6438.96 6267.86 6016.01 5818.78 5493.1 5258.79 5024.49 4772.27 4468.11 4163.96 3855.68 3538.71 3307.89 3279.49 3256.83 2918.96 2508.01 2161.36 1814.71 1544.39 1344.75 1145.1 1017.54 941.14 864.738 785.449 704.609 623.769 467.139 338.654 367.005 389.213 405.186 414.793 417.856
8288.24 8495.39 8677.31 8845.39 8969.42 9064.1 9134.4 9182.66 9209.88 9210.72 9187.56 9142.62 9076.67 8985.43 8862.93 8707.04 8513.7 8288.16 8030.86 7829.12 7778.33 7734.21 7695.77 7663.26 7635.54 7612.91 7594.14 7579.61 7368.75 7140.29 6911.53 6677.98 6488.66 6342.41 6111.18 5879.96 5526.77 5292.43 5058.09 4803.95 4492.43 4180.91 3868.59 3554.59 3304.65 3286.03 3272.84 3095.95 2728.76 2399.7 2070.65 1828.69 1667.37 1506.05 1394.5 1318.26 1242.02 1145.29 1037.55 929.816 690.853 399.907 385.618 408.136 424.549 434.753 438.605
8374.16 8583.19 8758.06 8969.08 9077.02 9163.46 9228.98 9275.44 9309.55 9307.68 9282.12 9238.03 9180.9 9101.01 8983.78 8832.43 8628.51 8394.66 8146.5 7801.95 7753.1 7710.27 7673.89 7642.68 7617.1 7595.73 7579.1 7565.74 7482.96 7249.26 7014.15 6756.73 6499.32 6376.73 6148.13 5919.52 5573.85 5367.84 5161.84 4928.55 4616.18 4303.82 3998.65 3708.62 3418.6 3289.72 3336.88 3327.57 3009.27 2697.73 2386.19 2173.08 2051.11 1929.14 1831.77 1751.86 1671.94 1511.25 1307.17 1103.09 785.921 423.959 410.263 433.161 450.118 461.062 465.892
8477.25 8674.43 8833.76 9018.61 9110.52 9182.96 9236.85 9274.14 9299.17 9293.19 9265.5 9220.81 9164.63 9089 8984.56 8837.89 8638.35 8407.88 8162.22 7772.76 7721.14 7680.78 7646.02 7617.46 7593.52 7574.87 7559.81 7549.08 7540.99 7324.76 7082.59 6801.75 6520.91 6379.68 6165.8 5903.93 5625.37 5457.08 5288.79 5083.88 4772.83 4461.78 4167.47 3908.37 3649.27 3352.17 3302.41 3271.19 3252.67 3015.51 2721.46 2537.36 2455.08 2372.79 2289 2204.14 2119.28 1879.23 1555.83 1232.43 838.425 416.459 440.805 464.126 481.696 493.482 499.426
8563.91 8749.94 8893.98 9053.57 9130.74 9190.92 9235.24 9265.41 9283.74 9274.93 9245.84 9200.48 9143.76 9067.24 8976.94 8832.88 8636.71 8409.4 8166.37 7778.73 7683.2 7644.73 7613.06 7586.54 7565.88 7549.25 7537.46 7528.59 7523.59 7400.27 7151.03 6846.77 6542.51 6382.63 6183.48 5885.43 5676.89 5546.32 5415.75 5239.22 4929.48 4619.75 4336.29 4108.11 3879.94 3607.42 3324.3 3298.94 3273.71 3225.49 3056.72 2901.64 2859.04 2816.44 2746.23 2656.42 2566.62 2247.21 1804.49 1361.77 890.93 447.768 477.084 500.838 519.055 531.738 538.877
8691.2 8859.08 8976.22 9093.5 9147.7 9189.89 9221.04 9241.9 9251.66 9239.41 9209.13 9164.02 9108.94 9039.45 8945.26 8808.85 8618.67 8396.51 8157.9 7771.21 7638.14 7603.06 7573.8 7551.08 7532.93 7520.2 7510.79 7505.7 7502.81 7448.28 7194.79 6875.63 6556.47 6384.65 6194.29 5864.65 5705.48 5584.81 5464.13 5308.28 5050.45 4792.63 4551.46 4345.31 4139.17 3879.51 3535.38 3275.36 3232.77 3200.4 3173.33 3079.76 2998.13 2847.54 2872.74 2801.13 2798.08 2369.12 1825.65 1282.17 823.458 489.392 518.922 543.087 561.945 575.538 583.896
8808.66 8956.42 9040.49 9112.59 9144.98 9171.34 9191.9 9205.78 9209.01 9194.31 9164.21 9122.15 9072.46 9010.78 8915.55 8771.69 8581.52 8363.32 8128.87 7739.84 7586.79 7554.38 7529.37 7509.67 7496.09 7486.34 7481.43 7479.04 7480.34 7483.07 7233.03 6900.87 6568.71 6386.46 6192.78 5870.65 5728.95 5611.94 5494.93 5358.02 5163.44 4968.85 4777 4590.9 4404.8 4155.36 3805.98 3456.6 3206.71 3076.71 3059.7 2968.03 2964.98 2927.24 2718.66 2693.68 2751.42 2435.94 1795.87 1155.8 729.125 536.451 566.121 590.639 610.096 624.567 634.121
8897.31 9021.55 9070.19 9104.84 9120.36 9135.1 9148.6 9158.33 9157.75 9141.95 9113.42 9077.58 9039.23 8980.9 8869.98 8716.88 8523.99 8308.22 8076.53 7681.01 7527.53 7499.7 7478.21 7463.73 7453.81 7449.35 7447.85 7450.45 7454.7 7461.93 7271.27 6926.11 6580.95 6388.26 6187.58 5887.38 5752.41 5639.07 5525.72 5407.76 5276.42 5145.07 5002.55 4836.49 4670.43 4431.22 4076.58 3721.94 3504.96 3453.85 3402.74 3402.02 3447.95 3493.89 3207.79 2686.06 2708.26 2502.77 1766.1 1029.43 634.792 588.768 618.468 643.25 663.23 648.954 618.521
8936.72 9020.06 9057.81 9072.3 9077.35 9085.04 9094.76 9103.12 9102.77 9088.31 9062.61 9032.1 9010.83 8950.54 8807.27 8642.61 8445.2 8229.79 7997.85 7591.59 7461.11 7437.25 7421.63 7411.6 7407.84 7407.63 7412.03 7418.37 7427.96 7438.29 7156.57 6835.95 6515.32 6346.2 6182.08 5878.97 5756.35 5636.31 5516.28 5399.8 5293.63 5187.46 5070.11 4929.24 4788.38 4576.44 4252.33 3928.23 3732.56 3691.64 3650.72 3631.97 3633.74 3635.52 3321.28 2782.77 2853.68 2599.14 1896.75 1194.36 772.236 646.135 675.731 700.66 721.059 652.193 628.401
8978.29 9021.46 9036.85 9030.25 9028.71 9032.06 9039.68 9048.4 9052.27 9042.1 9024.04 9005.36 8977.41 8890.51 8724 8548.05 8344.98 8126.87 7890.44 7470.43 7385.48 7368.12 7357.86 7354.98 7356.5 7363.24 7372.33 7385 7398.52 7328.26 7021.57 6730.46 6440.32 6298.32 6157.78 5867.24 5757.69 5629.59 5501.49 5384.17 5298.12 5212.06 5116.69 5001.7 4886.72 4704.31 4415.49 4126.67 3950.76 3910.91 3871.06 3824.86 3772.77 3720.69 3384.87 2922.1 2904.84 2699.44 2048.71 1397.98 940.468 708.326 737.658 762.596 783.288 663.597 646.801
8987.71 9024.79 9030.84 9013.6 9010 9011.66 9018.18 9026.73 9032.81 9024.38 9009.47 8996.37 8955.58 8855.26 8677.58 8496.29 8289.9 8069.05 7787.32 7402.57 7301.26 7290.36 7288.43 7292.14 7301.87 7314.52 7331.1 7348.72 7368.79 7217.45 6886.56 6624.97 6433.44 6250.43 6127.97 5855.5 5759.04 5622.87 5486.7 5368.55 5302.61 5236.67 5163.26 5074.16 4985.05 4832.17 4578.64 4325.11 4168.97 4130.19 4091.4 4017.75 3911.8 3805.86 3448.45 3044.23 3010.09 2799.75 2200.68 1601.61 1108.7 775.08 803.977 828.773 830.895 675.001 665.2
9004.46 9033.12 9033.9 9006.68 8997.1 8996.89 8998.68 9001.58 9004.8 8996.48 8980.4 8948.27 8886.64 8763.52 8564.53 8371.55 8155.63 7925.04 7561.42 7234.49 7206.24 7205.23 7211.65 7225.17 7242.37 7263.92 7286.74 7312.1 7337.17 7211.73 6879.6 6619.53 6426.85 6247.97 6126.43 5854.89 5745.47 5622.52 5485.94 5367.74 5302.84 5237.93 5165.66 5077.89 4990.13 4838.77 4587.05 4335.34 4180.23 4141.5 4102.77 4027.69 3918.97 3810.25 3451.73 3096.73 3058.29 2804.92 2208.51 1612.11 1117.38 846.106 874.394 898.896 831.517 675.589 666.149
9020.15 9045.96 9055.87 9054.3 9049.95 9049.04 9039.4 9018.92 8983.62 8953.73 8915.13 8861.85 8784.07 8645.76 8430.73 8225.25 7994.75 7747.89 7487.38 7119.04 7101.24 7111.08 7129.52 7152.63 7180.52 7209.96 7241.96 7273.6 7306.36 7211.73 6879.6 6619.53 6421.3 6247.96 6126.43 5854.89 5731.28 5622.53 5485.94 5367.74 5302.84 5237.93 5165.66 5077.89 4990.13 4838.77 4587.05 4335.34 4180.23 4141.5 4102.77 4027.69 3918.97 3810.25 3451.73 3118.6 3023.98 2804.92 2208.51 1612.11 1117.38 921.078 948.593 972.656 831.517 675.589 666.149
8798.47 8928.03 9040.89 9101.21 9110.62 9111.33 9080.5 9017.19 8917.62 8853.32 8795.38 8729.51 8643.9 8499.37 8275.7 8057.79 7807.18 7536.19 7264.38 7059.41 7007.31 7009.94 7040.98 7077.18 7115.13 7155.52 7195.39 7236.09 7274.92 7209.35 6878.06 6618.09 6416.59 6246.71 6125.23 5853.75 5720.31 5620.84 5483.77 5365.19 5300.23 5235.26 5163.03 5075.54 4988.04 4837.15 4586.21 4335.27 4180.47 4141.52 4102.56 4027.24 3918.25 3809.26 3451.08 3101.82 3088.57 2805.74 2208.74 1611.75 1116.67 999.641 1026.24 986.929 831.977 677.025 667.75
8589.55 8692.69 8790.37 8896.58 9042.35 9100.32 9033.99 8913.21 8757.57 8673.27 8610.92 8547.91 8465.63 8325.17 8102.91 7875.63 7603.53 7301.59 7010.46 6973.4 6952.36 6911.91 6948.97 6998.13 7049.26 7099.52 7150.08 7198.29 7245.75 7040.57 6768.93 6515.9 6412.87 6204.94 6040.24 5772.48 5673.06 5501.44 5329.81 5184.37 5114.84 5045.3 4976.28 4908.35 4840.41 4722.71 4526.45 4330.2 4198.05 4143.15 4088.25 3995.25 3866.96 3738.68 3405.12 3158.01 3150.46 2863.68 2225.02 1586.36 1066.4 1081.42 1106.99 950.346 864.602 778.858 781.307
8411.01 8495.5 8587.51 8693.65 8810.63 8916.54 8828.87 8713.46 8551.46 8473.35 8416.24 8357.41 8277.49 8140.94 7926.37 7701.31 7419.46 7083.99 6768.72 6814.03 6874.99 6864.58 6853.71 6918.89 6982.33 7045.2 7105.01 7163.29 7081.61 6871.79 6659.81 6465.52 6317.63 6202.64 5955.25 5691.21 5588.21 5382.03 5175.85 5003.54 4929.45 4855.35 4789.54 4741.16 4692.78 4608.26 4466.69 4325.12 4215.63 4144.78 4073.93 3963.25 3815.68 3668.11 3359.16 3198.05 3185.46 2921.63 2241.3 1560.97 1139.11 1166.01 1033.8 913.763 897.227 880.69 894.865
8364.04 8463.14 8546.45 8638.67 8711.78 8762.13 8773.12 8641.8 8493.86 8435.75 8391.75 8332 8185.78 8055.83 7851.38 7619.98 7334.63 7005.28 6698.22 6690.41 6738.92 6817.62 6795.79 6839.61 6917.82 6991.93 7063.43 6998.55 6848.81 6698.77 6543.56 6456.66 6253.09 6129.67 5867.41 5671.92 5497.8 5261.36 5024.92 4828.62 4748.65 4668.68 4603.82 4570.73 4537.65 4481.5 4388.96 4296.42 4206.3 4119.1 4031.91 3904.74 3740.56 3576.38 3293.69 3207.23 3189.3 2967.67 2254.04 1540.4 1227.65 1253.03 980.239 903.11 943.863 984.616 1008.41
8495.38 8550.71 8568.51 8592.24 8534.33 8448.83 8389.99 8354.16 8333.85 8320.37 8235.18 8161.96 8050.04 7920.59 7702.67 7482.97 7218.35 6922.7 6633.89 6637.41 6631.02 6715.62 6760.53 6764.04 6855.58 6881.76 6806.5 6731.24 6604.26 6561.1 6495.23 6303.61 6241.62 6029.65 5746.66 5613.66 5343.24 5126.11 4908.98 4721.68 4620.8 4519.93 4429.96 4362.94 4295.93 4212.71 4103.93 3995.15 3886.64 3778.45 3670.26 3540.41 3390.49 3240.58 3169.2 3221.48 3240.69 2876.45 2225.89 1575.33 1318.18 1342.09 1309.16 1191.51 1152.1 1112.69 1121.78
8476.95 8393.01 8259.81 8118.41 8052.3 7890.48 8320.01 8395.37 8307.27 8003.31 7899.56 7792.62 7708.32 7665.84 7631.69 7352.82 7138.89 6904.05 6674.84 6509.52 6595.23 6611.6 6729.41 6721.39 6708.02 6689.19 6664.47 6613.93 6509.71 6405.16 6353.65 6280.2 6113.49 5929.63 5638.91 5472.18 5188.67 4990.86 4793.04 4614.74 4492.95 4371.17 4256.1 4155.16 4054.21 3943.92 3818.9 3693.88 3566.97 3437.79 3308.62 3251.5 3246.21 3231.82 3221.05 3244.16 3248.53 2785.23 2197.75 1610.26 1410.29 1432.81 1454 1473.77 1360.34 1240.76 1235.15
8154.47 8465.05 8541.45 8477.35 8455.68 8430.24 8518.84 8514.25 8473.61 8315.77 8117.03 7608.3 7579.97 7549.53 7603.16 7357.87 7107.4 6866.21 6695.04 6389.07 6525.2 6564.33 6560.55 6552.29 6538.99 6521.2 6498.52 6471.21 6439.2 6359.07 6272.89 6135.56 5998.22 5837.87 5660.38 5345.3 5050.11 4865.55 4680.99 4507.02 4363.71 4220.41 4081.05 3950.01 3818.97 3688.77 3559.9 3431.03 3293.9 3264.62 3275.48 3283.48 3278.4 3208.48 3233.85 3265.74 3136.04 2740.35 2225.45 1710.56 1503.59 1524.85 1545.1 1564.19 1582.02 1389.37 1370.44
8521.26 8583.32 8605.83 8627.08 8619.04 8573.57 8515.05 8485.13 8467.68 8451.44 8325.97 8058.2 7898.34 7797.57 7659.87 7376.86 7109.83 6854.36 6579.49 6269.17 6419.97 6451.49 6437.54 6434.28 6431.02 6436.7 6443.08 6449.46 6381.97 6314.03 6241.7 6100.13 5958.56 5794.63 5624.41 5304.19 5005.59 4798.68 4591.77 4394.72 4226.27 4057.82 3898.99 3760.41 3621.82 3513.75 3453.82 3393.89 3294.49 3261.35 3265.8 3291.96 3292.25 3277.13 3273.55 3266.62 3265.25 2967.69 2581.28 2194.86 1927.95 1708.39 1637.35 1655.87 1673.34 1658.67 1634.5
8374.47 8435.71 8566.39 8697.06 8711.44 8590.95 8460.42 8398.75 8390.85 8378.27 8342.38 8242.57 8060.39 7891.71 7682.82 7410.17 7145.32 6880.25 6572.92 6308.51 6327.35 6288.77 6270.07 6265.49 6264.28 6299.1 6336.71 6374.33 6321.94 6268.99 6210.51 6064.7 5918.9 5751.39 5582.24 5263.08 4961.08 4731.81 4502.54 4282.42 4088.83 3895.23 3716.93 3570.8 3424.67 3338.72 3347.74 3356.76 3300.48 3313.82 3323.07 3305.12 3312.39 3299.37 3283.92 3293.49 3275.09 3195.04 2937.1 2679.16 2442.53 2214.34 1986.15 1748.6 1765.81 1782.03 1797.16
8354.19 8304.18 8511.38 8718.57 8755.7 8599.38 8437.79 8363.42 8358.29 8329.65 8266.62 8175.06 8072.44 7929.28 7715.19 7461.41 7214.11 6961.21 6691.07 6421.66 6261.93 6174.18 6150.07 6141.99 6137.08 6192.48 6251.91 6311.33 6271.14 6230.32 6183.3 6038.17 5893.04 5727.16 5566.24 5255.33 4957.69 4716.31 4474.94 4241.45 4030.8 3820.16 3630.32 3484.28 3338.23 3314.5 3321.88 3374.51 3339.53 3318.45 3324.06 3327.89 3310.07 3286.35 3278.95 3291.94 3289.02 3220.25 3064.63 3108.29 2930.46 2693.74 2457.02 2063.62 1859.27 1875.47 1890.7
8896.65 8299.93 8432.72 8565.51 8617.73 8578.51 8539.3 8504.55 8464.6 8397.65 8323.67 8237.67 8137.52 8003.02 7785.9 7543 7307.08 7069.15 6822.95 6586.08 6379.39 6191.37 6169.1 6164.25 6164.09 6201.59 6247.63 6293.67 6254.84 6215.48 6170.96 6044.86 5918.76 5773.92 5648.08 5372.25 5107.98 4892.8 4677.61 4466.97 4269.51 4072.04 3900.36 3782.9 3665.45 3594.17 3595.76 3597.36 3547.8 3436.63 3335.3 3322.97 3299.22 3294.64 3304.69 3304.5 3275.67 3087.71 3043.09 3171.25 3158.82 3073.96 2829.08 2395.09 1953.6 1969.9 1985.29
9207.39 8295.67 8354.06 8412.45 8479.77 8557.22 8634.68 8632.66 8555 8455.6 8377.82 8307.27 8216.71 8081.15 7882.37 7642.22 7414.61 7188.93 6957.12 6726.8 6492.88 6219.69 6196.21 6191.72 6193.91 6210.7 6243.35 6276.01 6238.54 6200.64 6158.62 6051.55 5944.49 5844.85 5729.92 5489.16 5258.27 5069.28 4880.28 4692.49 4508.21 4323.93 4170.4 4081.53 3992.66 3919.09 3869.65 3820.21 3756.08 3674.25 3592.42 3550.06 3544.23 3538.4 3490.96 3413.97 3336.99 3216.62 3201.08 3164.32 3051.42 2982.67 3025.08 2726.56 2190.2 2065.22 2080.87
9319.56 8968.21 8704.82 8441.44 8368.36 8511.26 8654.16 8681.41 8606.09 8515.81 8448.29 8384.72 8298.18 8163.77 7995.4 7757.44 7531.98 7315.49 7094.61 6873.52 6647.64 6412.96 6245.49 6233.57 6230.51 6225.5 6246.66 6267.82 6230.92 6193.67 6153.27 6063.05 5972.83 5930.09 5811.74 5605.4 5406.83 5241.2 5075.58 4910.65 4747.77 4584.89 4450.9 4377.71 4304.52 4223.72 4130.92 4038.12 3959.71 3898.63 3837.56 3803.52 3794.51 3785.5 3754.54 3708.01 3661.47 3561.29 3432.3 3303.31 3089.35 2897.97 2933.44 2922.42 2516.15 2161.4 2177.42
9405.62 9300.38 9160.73 8946.05 8326.32 8399.44 8475.36 8534.87 8581.3 8619.68 8591.56 8507.49 8388.87 8262.21 8122.04 7885.15 7659.37 7445.5 7232.82 7019.81 6800.26 6561.45 6344.27 6312.69 6288.56 6261.41 6269.76 6284.35 6245.97 6207.27 6166.16 6087.09 6008.03 6028.01 5893.5 5719.88 5550.84 5401.23 5251.62 5109.59 4989.55 4869.51 4758.75 4667.5 4576.25 4475.36 4359.25 4243.14 4151.22 4088.43 4025.64 3990.55 3981.11 3971.67 3948.4 3915.3 3882.2 3811.31 3720.13 3628.95 3455.06 3248.39 3041.73 2921.88 2877.52 2374.1 2274.92
9455.9 9316.91 9143.01 9009.88 8275.46 8281.59 8291.71 8388.33 8554.84 8667.93 8611.4 8538.55 8444.71 8336.24 8226.52 8022.12 7794.37 7579.76 7369.62 7157.13 6941.02 6692.26 6445.01 6394.46 6353.59 6300.51 6292.87 6300.88 6261.02 6220.87 6179.06 6111.14 6069.18 6116.17 5975.26 5834.36 5694.85 5561.26 5427.66 5308.53 5231.33 5154.14 5066.59 4957.29 4847.98 4727 4587.58 4448.17 4342.73 4278.22 4213.72 4177.58 4167.71 4157.84 4142.25 4122.59 4102.93 4061.34 4007.97 3954.6 3820.76 3655.06 3489.35 2990.42 2750.11 2687.92 2612.95
