data/map/olig7.asc
ncols         217
nrows         146
xllcorner     6.39591e+006
yllcorner     1.68973e+006
cellsize      1135.85
NODATA_value  -99999
[rows 60 to 89 of 146, columns 134 to 200 of 217]
12743.3 12475.7 12091.3 11650.7 11404.3 10997.9 10673.7 10517.4 10463.8 10504.3 10509.5 10580.5 10693.1 10938.1 11286.9 11705.8 12037.2 12060.2 11960.5 11741.8 11410.6 11130.1 11015 10908.1 10816.8 10739.7 10672.8 10605.3 10537.6 10470.3 10450.5 10439.6 10478.6 10560.2 10657.2 10792.3 10893.3 10966.4 10989.1 11147.5 11238.8 11342.1 11508.1 11692.1 11597.7 11768.9 11947.2 12006.8 12062.4 12125.7 12227.1 12345.4 12460.4 12548.4 12613.9 12526 12487.3 12358.7 12202 11483.3 10946.6 10416.8 9961.62 9653.96 9581.87 9698.44 9752.88
12743.3 12475.7 12091.3 11650.7 11404.3 10997.9 10689.3 10517.4 10463.8 10504.3 10509.5 10580.8 10759.8 10988.8 11280.1 11618.4 11872.2 11886 11801.9 11620.2 11341.3 11093.4 10996 10898.4 10807.9 10730.8 10665.7 10606.3 10541.7 10487.9 10465.3 10489.6 10556.6 10649.7 10782.5 10938 11026.2 11085.9 11152.1 11218.7 11272.6 11364.2 11519.4 11691.5 11847.3 11898.2 12001.1 12088.9 12158.4 12213.9 12317 12425.2 12521.9 12513.5 12611.2 12523.7 12482.1 12034.6 11830.8 11217.7 10824.6 10452.5 10123.6 9876.8 9805.41 9856.17 10047.2
12811.5 12534.1 12184.3 11791.3 11572.3 11203.2 10910 10747.3 10608.2 10588 10598.3 10662.9 10805.3 10996.3 11227.7 11474.3 11640.1 11645.9 11586.1 11456.2 11267.8 11102 11027.1 10947.5 10872.1 10807.7 10754 10708.8 10639.1 10590.7 10587.7 10634.3 10735 10864.3 11052.3 11215 11289.8 11313.4 11327.9 11368 11418.6 11504.4 11629.8 11759 11908.5 11994.6 12147 12267.8 12347.2 12451.2 12496.7 12511 12499 12467.2 12419.7 12301.2 12203.8 12033 11829.8 11216.9 10823.9 10452.1 10123.7 9878.35 9806.85 9853.6 10039.8
12879.7 12625.8 12309.7 11951.3 11763.6 11452.3 11187 10987.5 10761.1 10699.9 10674.8 10715.9 10867.6 11015.1 11182.2 11346.4 11452.7 11471.2 11443.9 11372.9 11270.9 11184.5 11146.3 11106.6 11064.9 11024.9 10989.5 10960.2 10909.4 10881.5 10905.7 10971.4 11098.4 11243.9 11401.5 11521.4 11577.3 11566.3 11508.3 11473.6 11487.8 11542.1 11632.7 11748.7 11913.9 12080.2 12254.3 12379.7 12481 12543 12518.2 12445.9 12335.5 12199.8 12052.1 11878.5 11762.7 11566.3 11355.1 10840.4 10559.8 10308.2 10090 9910.32 9841 9821.15 9874.65
13058.7 12716.4 12406.6 12074 11921.7 11627.4 11355 11128.2 10845.5 10761.2 10710.4 10744.4 10882.2 11029.6 11118.7 11210.7 11268 11300.2 11314.8 11315.5 11308.5 11314.6 11344 11364.4 11373 11369.4 11359.1 11346.7 11314.1 11302.4 11339.8 11424.3 11539.8 11659 11776.7 11845 11847.4 11778.6 11665 11555.7 11535.3 11561 11632.6 11740.3 11914.5 12104.3 12286.6 12412.4 12516.5 12548.8 12490.5 12381.9 12229.1 12042.9 11847.8 11643.9 11521.3 11318.4 11108.6 10637 10402.1 10196.8 10027.2 9882.31 9822.07 9784.03 9784.22
13351.2 12977.9 12614.4 12325.7 12185.7 11918.6 11633.4 11358.3 10994.8 10874.8 10790.7 10804.8 10903 10971.9 11039 11101.2 11119 11168.7 11230 11303.8 11386.8 11481.9 11594.6 11692.6 11764.7 11800.8 11811.2 11804.4 11786.6 11787.2 11834.7 11927 12030.6 12124.3 12208.5 12227.3 12171.9 12029.8 11841.4 11643 11562 11551.8 11608.5 11714.4 11898.1 12103.9 12288.9 12411.9 12506.6 12467.6 12343 12160.8 11928.1 11655 11386.8 11141.5 11011.5 10805.3 10605.9 10236 10093.6 9959.47 9885.06 9799.35 9770.54 9745.14 9675.54
13442.9 13106.2 12791 12551.6 12416.7 12148.8 11921.5 11595.4 11132.6 10979.4 10874.9 10863.6 10911.8 10915.5 10929.6 10956.6 11035.1 11111.7 11223.3 11372.8 11544.4 11726.5 11915.7 12071.6 12183 12260.8 12292.9 12288.8 12276.3 12282.3 12334.4 12435.5 12533.6 12609.6 12668.1 12647.3 12535.8 12319 12049.5 11769.7 11629.4 11581.6 11618.5 11708.4 11866.4 12053.9 12220.9 12335.5 12408 12299.8 12121.3 11876.2 11583.5 11243 10926.6 10675.6 10550.9 10367.8 10199.2 9933.7 9893.93 9823.92 9781.13 9737.17 9698.37 9645.56 9563.74
13569.3 13330.1 13085.5 12908 12613.9 12332.8 12102.1 11836.8 11275.1 11074.5 10958.9 10909 10914.2 10873.7 10857.5 10880.7 10976.8 11097.9 11250.5 11457.8 11697.1 11948.6 12198.6 12391.1 12519.1 12618 12662.7 12605.4 12585.2 12595.7 12658.6 12789.6 12940.8 13016.8 13069.7 13031.3 12885.6 12605.1 12268.5 11925.9 11728.5 11637.2 11641.7 11708.4 11827.1 11965.8 12104.2 12206.5 12250.5 12076 11855.4 11564.2 11233.9 10844 10521 10307.5 10204.2 10098.1 10005.5 9837.52 9783.58 9739.53 9693.96 9642.42 9600.89 9523.01 9417.74
13774.5 13605.4 13449.8 13292 12811.9 12509.5 12229.6 11993.8 11437 11163.6 11026.8 10918.2 10895.3 10826.5 10793.2 10808.6 10947 11088.8 11259.2 11496.2 11774.7 12072.1 12352.9 12560.4 12687.3 12771.2 12801.2 12780.6 12777.3 12798.4 12870.8 13008.5 13150 13270.5 13338.2 13304.4 13150.8 12838.2 12463.8 12090.1 11846.4 11712.9 11683.2 11711 11783.9 11862.6 11970 12055.3 12064.3 11818.1 11563.6 11239.5 10878.3 10490.5 10233.4 10132.6 10057.1 10003.6 9922.23 9762.24 9702.81 9655.72 9606.61 9547.68 9497.3 9396.56 9263.18
14109.4 13686.1 13648.3 13560.8 13221.6 12736.5 12381.3 12117.3 11612.3 11294.1 11090.9 10937.2 10893.5 10798.7 10745.2 10702.3 10795.2 10947.9 11137.1 11393.7 11698.8 12030.7 12332.7 12551.1 12677.1 12778.9 12810.5 12792.4 12801.7 12835 12918.9 13053.4 13189.6 13306.9 13430.6 13425.6 13291.3 12975.7 12591 12215 11946.7 11774.4 11702 11677.2 11700.5 11755.4 11830.3 11896.4 11863.5 11539.4 11257.9 10924.6 10572.2 10253.3 10112.2 10060.6 10021.4 9973.29 9897 9704 9626.55 9566.18 9512.85 9441.35 9387.92 9271.78 9116.75
14201.7 13569.3 13729.1 13787.4 13549.2 13077.6 12637.5 12268 11821.4 11466.2 11217.1 11014.5 10936.5 10802.9 10722.4 10609.7 10690.5 10854.4 11052.3 11311.5 11623.7 11970.7 12268.7 12478 12599 12710.3 12739.8 12730.5 12765 12823.2 12911.8 13036.5 13166.4 13288.6 13438.3 13488.8 13395.7 13102.5 12734.6 12380.4 12113 11925.3 11817.2 11738.3 11697.2 11666.6 11692.1 11729.7 11641 11248.9 10973.5 10674.5 10390.2 10172 10077 10049.2 10030.6 9999.03 9907.02 9637.71 9531.82 9462.45 9399.68 9321.08 9266.94 9144.37 8978.71
14450.3 13743.9 13928.2 13968.4 13766.9 13364.3 12889.9 12520.5 11995.1 11636.2 11372.9 11132 11024.9 10838.9 10720.1 10564.6 10634.4 10790 10968.8 11212.5 11513.9 11855.1 12118.7 12304.8 12412.2 12531.5 12570.4 12589.1 12649 12727.1 12824.4 12942.4 13071.1 13201.8 13376.2 13462.5 13418.5 13164.7 12837.5 12519.9 12262.8 12071.9 11939.2 11818.7 11734.1 11673.4 11625 11539.3 11368.3 11066.8 10688.1 10460.1 10267.4 10135.6 10048.8 10030 10044.4 10043.1 9906.78 9520.8 9401.34 9310.09 9238.46 9153.88 9101.91 8981.2 8820.85
15755.2 15233.1 14775.2 14176.8 13752.4 13537 13142.3 12690.1 12225.6 11890.2 11575.8 11281.4 11147 10903.7 10729.2 10582 10604 10687 10780.1 10988.3 11264.5 11567.3 11759.3 11888.3 11952.2 12101 12188.1 12270.2 12358.6 12457.8 12570.3 12715.3 12866.1 13026.7 13201.5 13296.1 13276.7 13066.5 12782.8 12502.8 12245.6 12041.3 11884.6 11747.1 11638.9 11527.7 11375.6 11184.5 10962.1 10709.4 10438.7 10218.6 10132 10085.9 10052.5 10045 10067.8 10017.8 9822.8 9572.29 9210.43 9090.91 9012.71 8926.17 8878.34 8760.12 8611.05
17007.9 16540.2 15333.6 14055.2 13428.6 13473.6 13266.5 12870.9 12413.2 11953.9 11581.8 11290.2 11148.7 10905 10730.3 10567 10549.4 10575.9 10604.3 10791.5 11044.4 11306.1 11427.6 11489.8 11501.3 11677.2 11810.8 11944.4 12057.2 12176.6 12306 12482.5 12663.3 12855.2 13031.4 13134 13132.4 12954.3 12707.3 12458.7 12198.6 11981.4 11806.3 11660.2 11535.9 11380.9 11144.4 10884.8 10645 10435.7 10228.2 10102.2 10133.6 10086.1 10053.7 10047 10070.7 10021.5 9833.13 9589.09 9218.46 9120.74 9048.69 8962.03 8766.89 8339.15 8432.83
17709.8 17256.8 15724.4 14238.4 13553.6 13613.7 13387.9 13021.5 12631.5 12219.1 11760.5 11440.3 11241.7 10961.4 10753 10584 10530.9 10503.7 10473.4 10622.9 10825.1 11012.6 11070.3 11074.3 11044.1 11225.5 11382.5 11542.1 11675.2 11812.3 11957.3 12156.2 12357.4 12565.4 12743.8 12853.1 12863.4 12703.6 12484.7 12259 11991.7 11762 11568 11401.2 11254.6 11067.2 10787.3 10506.7 10291.9 10136.7 9983.83 9923.83 9972.53 9963.82 9971.72 9982.67 10030.5 9990.84 9748.53 9488.19 9114.95 9016.09 8939.37 8850.29 8795.33 8023.23 8102.95
17442.8 17107 16246.2 15553.8 15048 14518.6 13713.5 13185.3 12936.2 12575.2 11982.8 11627.1 11424.1 11087.2 10809.2 10684.9 10591.9 10493.4 10383.6 10443.8 10534.1 10584.1 10600.6 10587.5 10552.4 10705 10846.3 10988.6 11137.2 11288.3 11445 11645.7 11845.4 12036.6 12216.7 12330.2 12344.2 12182.1 11982.1 11770.2 11492.7 11252.9 11055.3 10862.6 10699 10520.8 10289.8 10056.7 9881.82 9748.32 9613.12 9582.67 9649.35 9693.62 9633.88 9704.42 9766.6 9649.83 9388.36 9136.71 8799.85 8690.95 8599.45 8507.08 8447.94 8316.18 8191.44
17382.6 17167.5 16944 16997 16625.6 15494 14138.2 13475.9 13375.6 13070.7 12467.8 11881.9 11651.4 11259.6 10937.9 10744.9 10601.7 10419.7 10235.2 10218 10208.1 10130.1 10114.9 10091.5 10054.8 10181 10309.4 10433.6 10596.7 10761.3 10930.6 11135.9 11342.7 11528.5 11715.9 11837.6 11858.3 11691 11503.5 11304.2 11018.1 10775.7 10574 10356 10175.5 10004 9812.02 9620.66 9472.45 9347.36 9225.92 9238.84 9400.52 9457.91 9452.52 9440.82 9378.05 9186.99 8808.32 8627.83 8402.48 8285.7 8172.34 8102.1 8046.69 7885.26 8078.54
17485.1 17290 17375.9 17830.3 17519.8 16035.5 14386.5 13717.7 13763.7 13491.7 12854.7 12188.3 11928.1 11478.8 11106.6 10841.1 10734.3 10409.7 10145.5 10059.9 9959.47 9773.2 9726.71 9688.57 9643.63 9730.43 9819.48 9904.01 10071.6 10240.7 10414.9 10629 10851.9 11038.6 11238.9 11373.5 11402.7 11225.5 11045.8 10855.8 10578 10353.3 10167.6 9944.94 9766.65 9618.18 9475.98 9332.18 9220.31 9125.49 9051.24 9167.82 9258.2 9293.2 9282.84 9233.8 9125.99 8919.92 8573.42 8005.35 7951 8022.66 8017.62 7961.77 8049.74 8052.55 8121.26
17662.2 17372.1 17342.9 17743.2 17423.5 15954.2 14354.9 13814 13986.9 13739.8 13146.4 12575.9 12239.6 11738.4 11316.7 10997.7 10810.2 10509.3 10190.9 10045.7 9866.2 9582.75 9497.5 9434.34 9366.16 9382.78 9400.25 9413.65 9571.13 9730.54 9896.56 10119.9 10351.8 10540.9 10749.8 10895.3 10934.9 10753.4 10578.5 10403.6 10166.4 9989.25 9849.42 9648.2 9497.86 9395.11 9319.06 9233.13 9178.21 9140.63 9100.36 9140.16 9170.98 9173.04 9144.12 9080.59 8964.21 8794.51 8551.81 8262.07 8105.33 8114.31 8109.97 8101.48 8129.37 8150.43 8187.58
17870.6 17563.3 17490.5 17881.2 17555.1 16064.2 14456.2 13986.2 14258.8 14040.3 13491 12975.2 12621 12019.9 11563.6 11195.9 10938.8 10624.3 10234.5 10020.7 9760.16 9383.47 9266.8 9185.29 9095.99 9041.59 8984.99 8924.79 9069.54 9217.29 9372.81 9602.46 9838.42 10027.9 10245.6 10404.4 10460.1 10286.2 10128.2 9980.67 9796.01 9675.18 9581.96 9398.38 9267.27 9199.48 9180.93 9143.77 9121.07 9116.5 9097.16 9097.2 9115.5 9034.34 8985.54 8916.56 8794.64 8667.62 8519.21 8369.6 8210.8 8206.61 8203.54 8203.5 8215.47 8232.49 8255.83
18033.8 17788.3 17705.3 18111.9 17811 16325.8 14727.9 14303.1 14631.9 14418.2 13871.5 13354.1 13000 12412.9 11842 11430.4 11114.5 10739.9 10296.2 10035.2 9725.12 9297.03 9165.88 9064.32 8959.47 8863.99 8764.48 8660.59 8794.65 8933.18 9081.07 9311.3 9545.64 9740.86 9967.68 10141.7 10219.4 10068.8 9932.89 9826.14 9696.41 9629.8 9559.15 9373.57 9227.53 9148.97 9130.24 9112.76 9115.17 9092.92 9078.33 9056.39 9072.98 9044.98 8999.93 8791.98 8665.29 8576.6 8494.21 8440.28 8300.45 8294.23 8291.13 8291.11 8296.85 8307.54 8322.84
18158.5 17944.4 17832 18216.9 17930 16469.1 14893.5 14491 14840.1 14641.8 14098.1 13571 13199.3 12610.9 12041.8 11674.2 11330.4 10814 10314.6 10038.2 9722.96 9302.21 9184.47 9088.48 8976.67 8877.96 8772.98 8660.9 8785.24 8918.81 9063.91 9290.23 9514.47 9708.63 9936.04 10116 10207.6 10082.5 9966.66 9881.67 9782.17 9739.63 9679.26 9499.01 9354.33 9263.93 9235.5 9235.09 9179.39 9133.51 9119.82 9085.01 9040 9005.23 8960.04 8898.94 8709.94 8645.91 8601.66 8500.43 8382.45 8376.73 8372.77 8371.1 8372.47 8378.5 8387.33
18261.7 18072.6 17880.8 18146.4 17815.6 16296.2 14656.6 14208.9 14574.3 14463.1 14047 13635.2 13354.7 12826.6 12285.1 11978.1 11602.7 10859.1 10264.7 9946.5 9625.87 9227.75 9146.58 9088.23 8993.95 8899.11 8788.76 8663.78 8768.31 8897.72 9044.29 9271.1 9486.81 9684.03 9922.02 10116.4 10230.6 10140.5 10048.9 9982.16 9897.16 9858.57 9790.12 9598.89 9440.54 9330.96 9271.47 9202.34 9152.45 9110.32 9188.58 9144.95 9012.12 8977.42 8934.33 8881.95 8816.91 8768.76 8763.06 8559.55 8458.25 8452.48 8448.06 8444.26 8443.22 8444.93 8449.7
18335.1 18165.4 17995.2 17808.9 17689.6 16453.1 15070 14668.8 14989.7 14979.5 14545.9 13966.1 13482.4 13008.2 12568.3 12178.8 11768.6 11127.4 10541.5 10162.7 9792.26 9376.76 9233.34 9112.42 8948.55 8871.46 8777.78 8661.04 8717.37 8803.54 8911.27 9104.91 9287.76 9459.79 9696.73 9885.73 10000.8 9939.82 9869.8 9820.27 9768.7 9754.38 9703.4 9539.34 9406.84 9303.78 9211.04 9161.38 9119.04 9081.4 9048.99 9130.19 8988.95 8956.21 8919.69 8875.64 8825.06 8765.42 8822.01 8619.66 8529.18 8523.49 8517.81 8512.91 8509.24 8508.49 8509.08
18394.8 18241.6 18092.9 17926.9 17745.2 17078.3 16269.7 16031.5 16249 16291.4 15611 14520.5 13503.3 13065.4 12881.8 12670.2 12129.7 11710.6 11133.8 10653.2 10179.8 9701.59 9400.69 9124.18 8816.71 8774.56 8723.23 8639.67 8628.48 8637.59 8673.7 8806.08 8932.03 9057.47 9282.21 9456.35 9564.63 9538.41 9490.56 9464.68 9461.75 9485.98 9477.43 9379.51 9316.14 9264.4 9196.91 9147.99 9106.48 9068.05 9019.71 9012.6 8967.19 8865.57 8848.35 8831.57 8718.68 8713.12 8743.45 8701.96 8596.9 8590.21 8583.99 8577.22 8572.37 8568.58 8566.95
18437.1 18300.7 18166.9 18021.5 17858.7 17712.9 17464.1 17380.7 17474.7 17528.2 16544 14901.4 13332.2 12945.2 13059.3 13068.1 12590.6 12099.2 11651.5 11052.3 10446.1 9883.09 9410.64 8982.01 8538.03 8553.68 8569.98 8546.26 8493.23 8450.42 8428.38 8513.9 8599.22 8689.13 8916.1 9089.13 9201.6 9215.66 9198.06 9189.92 9227.72 9282.96 9311.96 9272.32 9269.81 9250.8 9160.37 9100.14 9042.73 8973.57 8917.32 8886.42 8857.1 8800.66 8786.98 8762.93 8661.22 8658.71 8688.11 8668.9 8661.41 8654.22 8646.45 8639.07 8632.09 8626.97 8622.13
18463.2 18344.5 18225 18097 17957 17796.7 17703.2 17598.2 17581.4 17607.2 16738.7 15305.8 13968.4 13506.7 13363.3 13087.9 12734.9 12412.3 11953.4 11378.2 10732.7 10201.7 9644.77 9151.33 8685.66 8648.15 8617.9 8545.27 8485.35 8426.32 8382.41 8452.2 8517.66 8584.55 8781.63 8921.57 9009.86 9047.64 9043.44 9043.37 9098.51 9162.3 9201.3 9176.81 9187.76 9178.63 9096.23 9051.57 9007.14 8942.75 8892.61 8869.54 8851.43 8810.74 8804.34 8791.23 8718.22 8726.63 8753.58 8732.14 8723.87 8715.04 8706.74 8697.88 8690.27 8682.57 8676.44
18465.1 18362.2 18256.7 18140 18018.4 17878.2 17514.8 17269.6 17158.5 17110.4 16610.4 15865 15243.9 14563.4 13739.5 12798.2 12506.3 12410.2 12246.5 11643.9 11076.1 10686 10084.6 9557.87 9122 8947.27 8784.44 8581.76 8522.9 8458.55 8407.65 8482.85 8549.88 8608.14 8753.12 8838.13 8879.38 8922.62 8916.56 8913.7 8982.04 9053.17 9096.13 9063.24 9063.76 9059.47 9010.14 8999.51 8984.67 8945.26 8922.71 8908.35 8883.42 8842.03 8841.32 8846.64 8808.28 8825.64 8843.63 8795.51 8785.63 8776.13 8765.96 8756.55 8746.62 8737.97 8728.83
18450.2 18365.9 18276.4 18174.7 18068.5 17947.1 17560.8 17275.2 17092 16931.7 16715.4 16561.9 16560 15585.2 14048.7 12445.3 12243 12450.5 12522.7 12161.5 11688.6 11325.9 10640.1 10056 9633.52 9304.41 8989.55 8654.31 8515.16 8434.16 8375.94 8457.31 8526.03 8571.14 8658.58 8688.87 8686.26 8739.7 8741.97 8749.37 8840.79 8929.73 8990.94 8951.74 8955.11 8963.37 8949.11 8967.36 8972 8946.46 8940.5 8924.69 8884.55 8835.58 8834.11 8850.67 8839.19 8859.33 8875.59 8858.26 8847.69 8836.33 8825.49 8813.81 8803.08 8791.6 8781.4
18401.1 18333.1 18257.1 18167 18070.8 17960 17653.6 17387 17176.2 16939.1 16741.7 16690.8 16797 15962.6 14630.3 13288.9 12921.7 12785.9 12489.4 12232.9 11999.8 11634.8 10895.7 10247.3 9830.38 9452.57 9119.38 8799.81 8686.73 8561.09 8437.06 8488.18 8520.79 8522.57 8566.01 8552.67 8519.19 8600.29 8628.51 8650.93 8742.32 8826.86 8886.13 8856.51 8858.12 8868.62 8870.17 8894.89 8904.3 8888.8 8893.32 8887.56 8861.34 8834.37 8841.36 8863.65 8873.52 8903.81 8932.76 8921.37 8909.06 8897.01 8883.94 8871.49 8858.03 8845.61 8832.2
