data/map/olig7.asc
ncols         217
nrows         146
xllcorner     6.39591e+006
yllcorner     1.68973e+006
cellsize      1135.85
NODATA_value  -99999
[rows 90 to 119 of 146, columns 134 to 200 of 217]
18315.8 18262 18197.7 18117.1 18028 17923.9 17756.5 17470.1 17246.2 16980.7 16714.7 16557.3 16536.8 16074 15401.4 14764.3 14071.6 13246.8 12267.2 12061.9 12002.4 11893.6 11182 10558.4 10148.5 9797.77 9522.24 9295.95 9056.98 8807.88 8567.92 8556.64 8521.23 8458.75 8459.5 8404.98 8345.43 8464.39 8525.1 8565.85 8645.41 8714.58 8762.25 8739.41 8737.64 8747.51 8759.76 8785.87 8800.26 8799.31 8815.88 8829.09 8833.58 8844.27 8864.07 8887.51 8911.85 8950.12 8996.93 8984.01 8971.06 8956.9 8943.06 8927.97 8913.61 8898.03 8883.6
18193.2 18152 18098.1 18026.2 17941.1 17841.8 17683.2 17491.3 17267.6 17004.1 16721.6 16499.7 16378.1 16282.4 16236 16251 15198.8 13682.5 12044.5 11932.6 12133.5 12267.4 11742.9 11202 10779.2 10417.7 10163.5 10003.4 9549.97 9128.88 8738.35 8641.69 8526.51 8390.75 8341.75 8240.57 8149.15 8296.29 8382.86 8438.67 8506.16 8562.25 8593.42 8581.07 8580.72 8596.44 8626.86 8662.53 8689.71 8709.23 8740.83 8773.73 8808.08 8854.16 8883.71 8903.17 8933.08 8961.81 8973.8 8945.28 8905.43 8853.35 8802.36 8830.75 8967.86 8951.27 8860.7
18062.8 18031.8 17986.4 17921.6 17837.6 17738.5 17586.4 17404.6 17198.4 16964.2 16710.8 16482.2 16322.3 16279.2 16334.9 16458.9 15601.4 14354.5 13031.3 12678.4 12493.6 12222.5 11827.7 11440.6 11142.1 10704 10399.3 10226.1 9730.83 9272.22 8892.79 8765.02 8623.14 8462.93 8368.07 8226.83 8102.47 8235.21 8307.67 8352.3 8419.4 8486.57 8510.04 8513.75 8522.23 8544.73 8583.42 8619.47 8649.02 8675.75 8708.84 8740.93 8777.81 8830.5 8858.06 8872.43 8905.37 8948.99 8937.27 8926.92 8899.99 8849.2 8797.95 8844.38 9023.19 9003.06 8743.76
17900.1 17878.3 17841.1 17783.6 17705.5 17608.9 17463.3 17292.5 17102.5 16896.3 16693.9 16487.1 16327 16230.2 16196.2 16226.7 15764.4 15128.1 14464.8 13724.4 12896.6 11975.7 11709.9 11521.1 11339.6 10935.3 10571.6 10363.6 9889.71 9462.85 9117.3 8956.97 8795.73 8621.51 8474.74 8288.53 8123.23 8218.01 8253.48 8268.15 8327.31 8389.26 8424.63 8446.95 8467.46 8498.44 8543.25 8579.24 8610.88 8644.73 8680.3 8711.16 8746.65 8799.64 8822.86 8830.03 8856.13 8893.25 8896.97 8912.18 8908.97 8851.13 8805.73 8843.63 8973.65 9000.44 8685.72
17708.5 17695.1 17665.5 17616.3 17545.4 17455.8 17320.4 17163.8 16992.8 16812.5 16638.4 16519.2 16381.5 16248.7 16140.2 16084.9 16003 15941.4 15896.8 14731.8 13236.3 11659.3 11536.3 11580.8 11584.3 11228.5 10905.3 10637.2 10165.8 9754.5 9418.75 9211.21 9017.15 8820.97 8615.7 8376.26 8161.17 8209.24 8198.45 8169.17 8204.56 8248.19 8286.68 8327.31 8361.63 8404.35 8459.13 8500.08 8540.27 8588.54 8635.52 8675.04 8717.98 8777.42 8799.32 8798.16 8811.81 8837.75 8848.24 8832.52 8826.41 8786.43 8748.82 8791.78 8920.1 8957.92 8635.04
17549.1 17541.9 17518.2 17475.8 17411 17327.6 17200.9 17056.2 16901.5 16742.4 16590 16462.6 16345.5 16206.7 16072.8 15977.4 15937.1 15954.4 16014.7 15114.3 13953.5 12731.6 12363.3 12047.4 11656.9 11354.2 11095.1 10926.5 10434.9 10021.2 9691.35 9463.21 9240.47 9040.55 8798.94 8524.08 8276.77 8301.24 8268.57 8192.75 8197.17 8205.29 8222.75 8267.89 8304.63 8349.55 8410.32 8453.42 8496.49 8550.82 8601.64 8641.57 8681.4 8735.17 8758.25 8761.38 8773.24 8777.35 8768.86 8741.87 8731.88 8712.04 8693.07 8744.34 8866.28 8916.35 8698.63
17373.8 17370.7 17352.6 17318.6 17260.7 17186.5 17073.6 16946.7 16812.8 16675.5 16543.1 16431.7 16312.8 16175.8 16037.6 15925.4 15844.5 15809.1 15825.7 15351.4 14761.8 14137.2 13389.4 12536.1 11585.9 11337 11156.7 11058.6 10572.8 10190.6 9901.29 9673.24 9461.33 9256.58 8998 8694.48 8420.87 8431.48 8364.84 8268.44 8232.45 8198.17 8183.02 8224.47 8255.61 8294.85 8354.4 8400.19 8445.79 8506.04 8561.33 8601.67 8637.35 8683.36 8709.35 8722.47 8745.15 8708.73 8683.41 8635.42 8617.62 8628.44 8617.54 8689.16 8813.14 8880.1 8802.47
17143.2 17151 17142.8 17118.5 17070.7 17010.2 16917.1 16813.4 16703.2 16588.9 16476.3 16377.5 16270.2 16159.9 16031.7 15913.9 15807.9 15733.4 15706.6 15639.9 15586.8 15519.3 14352.5 12927.9 11397.2 11189.9 11071.6 10983.4 10576.6 10256.5 10050 9848.22 9654.38 9453.6 9166.87 8839.76 8547.97 8545.08 8467.95 8353.44 8277.53 8200.89 8154.87 8189.37 8207.06 8233.17 8284.86 8326.9 8374.15 8444.65 8509.07 8553.96 8588.63 8629.11 8659.11 8680.63 8700.97 8652.03 8596.07 8497.97 8475.58 8487.33 8534.5 8659.99 8768.38 8853.17 8920.62
16865.6 16891.9 16900 16891 16858.6 16815.3 16745.1 16665.7 16578.5 16483.8 16386.1 16295.5 16196.2 16091.7 15988.2 15873.8 15752.9 15644.6 15574.3 15495.1 15438 15372.1 14465.2 13344.1 12120.8 11914.5 11763.1 11628.3 10993 10504.1 10157.3 10008.5 9842.16 9645.79 9358.32 9039.46 8759.78 8737.34 8644.54 8515.04 8418.02 8309.9 8236.15 8254.79 8252.56 8257.45 8289.95 8317.59 8356.97 8426.08 8490.51 8541.15 8580.89 8622.48 8654.49 8676.92 8692.43 8641.39 8526.66 8285.32 8298.99 8311.29 8322.68 8598.87 8746.59 8844.6 8917.07
16539.2 16588.5 16618 16629.1 16617.2 16594.2 16548.1 16492.9 16425.6 16345.8 16259.5 16174.7 16082.9 15989.7 15900.1 15810.1 15699 15570.6 15465.8 15311.9 15157.2 14989 14441.1 13753.7 12969 12750.2 12553.7 12380.7 11521.2 10771.2 10229.3 10132.2 10003.9 9827.65 9550.02 9243.43 8970.1 8922.51 8817.77 8692.42 8570.17 8479.61 8342.46 8340.71 8315.01 8296.74 8309.94 8320.94 8347.58 8410.17 8469.65 8521.26 8565.84 8612.82 8651.6 8680.37 8698.05 8657.25 8584.21 8492.02 8473.96 8489.15 8538.65 8665.94 8775.2 8861.1 8894.32
16119.2 16192.2 16245 16280.2 16293.8 16296.5 16280.3 16254.4 16211.1 16149.8 16078 16001.3 15920.3 15842.9 15775.2 15709.5 15647.4 15501.3 15366.7 15150.5 14907.5 14641.8 14446.3 14182 13825.5 13587.8 13345.6 13136.3 12028.2 11000.4 10252.9 10210.4 10136.3 9996.03 9734.03 9437.21 9160.8 9081.51 8957.51 8808.47 8709.44 8607.29 8525.41 8471.41 8428.75 8391.16 8345.46 8332.32 8304.87 8388.08 8450.83 8507.73 8564.66 8611.89 8658.71 8698.03 8715.06 8698.12 8660.73 8623.78 8614.78 8631.86 8675.91 8750.49 8826.97 8892.83 8948.35
15684.4 15774.6 15845.4 15900 15938.4 15966.1 15977.6 15977.4 15954.3 15909.4 15850.9 15782.9 15715.1 15656.5 15611.7 15572.1 15533.4 15455.4 15347.3 15138.6 14875.2 14580.5 14377.2 14105.7 13746.4 13454.3 13157.7 12899.7 12016.7 11240.8 10625.1 10429.4 10209.8 9958.1 9765.17 9522.88 9275.42 9179.31 9051.19 8910.13 8795.52 8730.89 8634.88 8586.69 8540.28 8500.24 8466.94 8446.21 8427.55 8450.59 8441.68 8495.58 8558.98 8617.34 8677.12 8742.19 8749.63 8748.26 8737.03 8726.34 8728.18 8746.22 8781.38 8831.73 8886.63 8937.59 8863.22
15301.1 15397.5 15477.2 15546.9 15605 15653.1 15686.7 15707.2 15700.9 15670.6 15624.7 15566.1 15511.3 15470.2 15446.2 15429.1 15410.3 15347.7 15290.1 15120.4 14837.7 14521.4 14286.3 13981.7 13595.7 13259.8 12919.7 12614.7 11982.7 11445.1 11021.8 10638.9 10239 9858.15 9755.08 9583.29 9379.66 9273.32 9140.95 9002.11 8894.33 8759.99 8707.03 8651.03 8597.18 8558.71 8543.47 8530.26 8541.9 8535.05 8529.29 8500.54 8558.31 8617.46 8686.59 8765.73 8791.88 8807.48 8811.42 8814.95 8823.79 8841.76 8870 8906.81 8947.49 8844.6 8731.76
14969.2 15060.5 15138.8 15211.1 15276.4 15335.2 15384.9 15420.7 15428.7 15410.7 15376 15325.3 15280.6 15253.2 15247.4 15250.2 15246.9 15194.3 15107.6 14984.1 14734.4 14409.4 14154.6 13838.6 13448 13086.8 12719.2 12376.2 11989.3 11646.4 11206.8 10808.7 10246.9 9735.17 9721.66 9628.55 9478.36 9366.77 9228.58 9084.83 8977.33 8842.25 8729.53 8713.38 8651.79 8603.48 8574.71 8548.22 8559.4 8615.51 8634.94 8631.55 8646.18 8624.89 8686.03 8792.57 8844.78 8872.86 8886.3 8896.6 8908.39 8925.23 8948.04 8976.18 8875.34 8727.29 8597.69
14691.5 14772.3 14841.7 14910.3 14976.2 15036.7 15093.9 15138.2 15155.1 15141.5 15113.2 15065.1 15022.8 15000 15007.2 15026 15034.5 15050.1 15017.4 14816.3 14645.9 14359.4 14093.8 13785.9 13420.9 13094.3 12764.7 12453.8 12126.3 11814.9 11403.8 10977 10433.2 9982.94 9870.93 9687.37 9463.23 9369.83 9243.07 9107.78 9024.02 8911.34 8812.29 8784 8734.28 8684.12 8649.46 8617.15 8616.24 8652.48 8690.77 8742.97 8763.4 8786.86 8824.75 8843.16 8921.85 8950.57 8964.45 8974.84 8986.13 9000.51 9018.9 8906.66 8757.91 8609.08 8456.63
14460.1 14527 14581.5 14640.5 14693.2 14750.2 14809.3 14856.7 14877.9 14863.9 14833.3 14777.9 14726.3 14695.4 14704.5 14729.4 14745.5 14796.7 14743.8 14550.9 14389.1 14311.5 13997.9 13707.4 13383.9 13092.9 12813.6 12560.6 12324.8 11997.5 11628.1 11226.4 10602.8 10198.8 9973.27 9690.13 9404.9 9350.97 9245.66 9117.22 9056.29 8966.96 8884 8857.58 8811.52 8761.94 8722.47 8684.56 8671.57 8688.12 8707.02 8748.77 8802.03 8867.64 8928.99 8979.11 8986.5 8986.04 8980.95 8975 8957.49 8934.62 8910.39 8788.86 8639.79 8490.62 8315.25
14243.9 14294.8 14340.1 14392.7 14434 14470.6 14516 14560.3 14578.9 14558.3 14518.2 14446.3 14373.5 14321.8 14316.6 14331.4 14366.2 14474.5 14394.2 14311.3 14175.8 14005.1 13812.8 13590.7 13348.2 13050.4 12825.2 12670.4 12454.2 12183 11871.4 11517.6 10810.6 10543.7 10072.3 9673.69 9321.16 9304.19 9238.26 9116.34 9076.49 9010.05 8944.88 8921.67 8881.27 8834.04 8791.22 8747.5 8722.81 8720.45 8721.21 8753.98 8812.5 8876.24 8927.52 8953.98 8948.58 8937.23 8922.2 8905.87 8876.2 8840.46 8803.46 8677.57 8526.68 8375.65 8177.14
14037.2 14071.2 14098.8 14129.5 14150.2 14188 14243 14286.6 14307.4 14278.7 14227.6 14138.3 14043.5 13969.8 14033.5 14107.1 14114.7 14118.1 14142.4 14072.5 13958.1 13813.9 13645.1 13445.3 13224.5 13065.2 12860.4 12739 12584.4 12381.4 12143.4 11855.9 11447.3 11022.7 10371 9725.9 9204.27 9233.28 9222.39 9122.5 9100.32 9055.12 9003.66 8970.94 8922.69 8870.47 8825.12 8774.95 8743.11 8733.18 8727.44 8761.51 8831.69 8903.71 8977.49 8974.95 8972.09 8958.71 8938.88 8917.6 8892.58 8865.32 8837.04 8689.85 8509.43 8328.86 8101.82
13821.1 13825.8 13820.1 13817.7 13816.2 13840.8 13886 13933.3 13971.8 13931.2 13847 13776.5 13731.2 13707.3 13740.4 13812 13839.5 13867.1 13910.3 13857.2 13766.8 13657.2 13521.7 13363.3 13185.1 13043.9 12897.7 12748.7 12698.1 12562.4 12396.3 12178.4 11785.6 11641.7 10673.1 9785.17 9075.18 9133.99 9169.48 9098.71 9099.96 9080.63 9047.04 9008.66 8955.33 8900.72 8854.61 8798.68 8759.36 8741.67 8729.85 8766.22 8846.13 8925.79 8994.82 8996.05 8996.02 8980.33 8955.6 8929.25 8908.76 8890.09 8870.66 8702.27 8492.34 8282.24 8026.7
13702.7 13688.5 13674.6 13670.6 13671.4 13696.1 13738.3 13781.5 13813.7 13762.7 13661.9 13499.7 13424 13422.9 13452.6 13516.2 13568.7 13629.3 13702.9 13672.8 13609.4 13534.3 13430.9 13309.6 13174.1 13063.3 12955.4 12818.4 12803.2 12716.8 12620.9 12475.1 12110.4 11703.1 10961.1 9845.62 8955.71 9020.82 9079.26 9053.92 9083.5 9091.36 9077.09 9036.79 8980.8 8925.71 8880.2 8819.05 8772.31 8748.67 8733.25 8773.78 8866.25 8959.53 9015.31 9018.16 9019.11 9000.31 8970.27 8938.63 8919.92 8905.99 8891.51 8695.84 8449.53 8203.03 7926.29
13509.9 13477.4 13430.6 13404.7 13411.5 13449 13496.9 13515.7 13504 13487.6 13461 13438.3 13434.3 13438 13461.5 13511.4 13551.5 13597.6 13654.9 13627.1 13574.4 13515.1 13430.6 13334.5 13226.4 13117.6 13004.2 12888.3 12894.5 12843.7 12800 12713 12378.8 11870.6 11197.6 9979.07 9053.71 9054.17 9075.62 9048.33 9088.62 9106.87 9100.86 9063.14 9008.25 8954.07 8908.36 8841.08 8793.16 8780.31 8778.91 8826.53 8926.94 9057.68 9053.63 9045.39 9034.6 9007.48 8971.41 8934.05 8895.26 8855.68 8815.77 8545.21 8210.17 7874.9 7632.31
13340.3 13285.7 13282.5 13289.8 13323.2 13383.4 13452.7 13478.3 13463.9 13452.1 13434.3 13419.5 13420.1 13425.2 13444 13483 13516.1 13554.8 13603.1 13583.6 13546 13505.1 13440.4 13366.4 13285.9 13180.8 13072.7 12958.2 12953.1 12941.9 12929.3 12881.7 12578.9 12066.6 11434.8 10119.5 9161.85 9100.44 9056.56 9021.91 9081.64 9114.8 9117.37 9083.61 9030.19 8976.65 8930.62 8857.78 8806.43 8800.54 8810.43 8858.87 8956.02 9106.35 9093.35 9072.45 9049.22 9013.76 8971.86 8929.01 8870.35 8805.35 8740.19 8394.78 7971.02 7547.01 7338.62
13159.8 13111.8 13148.3 13193.2 13253 13328.1 13411.5 13442.7 13428.2 13419.2 13405.5 13393.8 13395 13399.3 13413.7 13444.1 13472.3 13506.2 13548.6 13539 13516.6 13493.4 13447.6 13395.1 13338.7 13238.6 13132.8 13025.7 13021.1 13015 13014.2 12984.3 12714.7 12248.1 11513 10397.9 9317.01 9177.91 9034.14 8984.53 9065.74 9115.95 9126.55 9097.87 9047.91 8996.48 8952.47 8877.03 8821.16 8812.33 8820.63 8855.93 8923.47 9028.96 9128.85 9101.29 9066.17 9020.16 8968.54 8916.35 8835.56 8743.47 8651.21 8232.62 7722.8 7212.68 7030.17
12949.5 13015 13116 13224.7 13304.8 13351.1 13405.2 13425.8 13417.5 13416 13405.3 13392.6 13391 13392.3 13401.9 13424.2 13443.5 13467.1 13498.2 13488.8 13470.3 13452.3 13418.5 13380.4 13340.2 13257.5 13169.5 13080.8 13080.5 13083.6 13090.2 13072.3 12834 12375.3 11727.4 10785.9 9813.39 9427.96 9040.54 8950.46 9055.16 9118.23 9133.1 9115 9074.49 9032.56 9000.46 8932.84 8871.49 8843.86 8828.95 8834.58 8832.79 8940.33 9041.53 9124.48 9097.48 9030.12 8950.67 8871.01 8756.98 8629.25 8501.33 8017 7432.98 6848.57 6654.81
12805.1 12911.3 13075.8 13247.9 13348.3 13366.4 13391.9 13402.2 13400 13405 13395.6 13380.2 13374.5 13372.3 13377.2 13392.7 13404.9 13420.7 13443 13436.1 13423.4 13412.2 13391 13367.8 13343.6 13277.4 13206.7 13136 13139 13143.5 13159.7 13147.4 12933.3 12517.4 11918.3 11229.5 10306.9 9821.71 9329.34 8928.59 9081.36 9146.34 9162.44 9150.85 9114.2 9076.63 9052.25 8989.18 8921.03 8876.6 8843.87 8834.63 8837.86 8856.67 8957.72 9039.66 9104.27 9039.36 8932.42 8825.64 8678.47 8515.24 8351.77 7801.77 7143.55 6484.81 6275.52
12722.3 12856.5 13069.9 13290.5 13407.3 13405.2 13410.3 13413.8 13416.8 13426.9 13418.6 13400.9 13391.8 13386.5 13387.7 13397.6 13404.2 13413.6 13428.9 13423.2 13414.3 13407.3 13394.8 13381.6 13368.4 13313.3 13255.1 13197.9 13201.4 13207.4 13224.2 13212 13014.9 12632.9 12079.9 11472.6 10687.8 10121.2 9546.71 9190.86 9173.69 9186.35 9188.69 9180.33 9143.21 9105.58 9083.8 9021.27 8946.46 8889.55 8843.37 8821.35 8810.37 8777.45 8876.19 8957.4 9020.6 9046.14 8918.89 8791.9 8620.11 8430.4 8240.63 7641.38 6927.34 6208 5990.19
12826.4 12965.4 13183.3 13408.2 13529.1 13530.8 13539.4 13546.3 13552.4 13565.4 13559.3 13543.3 13534.7 13528.7 13527.8 13534.4 13536.3 13540.3 13549.4 13537.4 13522 13509 13490.9 13472.8 13455.3 13396.6 13335 13274.2 13276.7 13280.2 13285.2 13275.9 13090 12731.3 12210.3 11528.2 10739.1 10169.1 9592.84 9073.24 9166.03 9153.91 9151.08 9144.78 9107.83 9068.47 9043.6 8976.72 8898.2 8838.74 8787.28 8763.62 8759.87 8762.8 8798.52 8879.21 8941.91 8992.95 8919.97 8793.52 8622.41 8433.86 8245.46 7646.68 6927.34 6208 5990.19
12923.7 13067.2 13289.6 13518.8 13643.9 13649.5 13661.7 13672 13681.2 13696.8 13692.8 13678 13669.9 13663.2 13660.6 13664.2 13662.5 13661.8 13665.8 13648.3 13627.5 13609.1 13586.1 13563.4 13541.8 13479.3 13414.6 13350.5 13350.4 13351.5 13354 13362 13371.7 13275.1 12427.5 11581.1 10786.2 10215 9637.3 9144.2 9123 9126.38 9116.22 9107.33 9071.59 9030.19 9001.83 8931.17 8849.76 8791.61 8738.89 8713.2 8710.99 8721.85 8752.89 8802.57 8864.51 8916.04 8920.67 8794.74 8624.36 8437.13 8252.06 7646.68 6927.34 6208 5990.19
12970.9 13116.6 13339.2 13568.8 13697.6 13710.9 13730.6 13747.1 13761.3 13781.3 13780.7 13768.4 13761.7 13755.8 13753 13755.7 13751.2 13746.8 13746.5 13724.9 13699.8 13677.4 13650.5 13624.4 13599.5 13539.8 13478.4 13418.1 13416.3 13416.2 13417.4 13422.5 13428.9 13333.3 12516.1 11700.3 10932.8 10372.4 9808.46 9330.32 9103.45 9112.66 9139.72 9099.55 9063.92 9027.08 8993.98 8918.76 8834.85 8776.21 8724.04 8692.74 8684.4 8689.59 8708.62 8730.42 8791.94 8843.01 8883.26 8770.17 8593.46 8400.76 8209.48 7605.25 6888.88 6172.51 5955.59
12916.7 13059.1 13273.2 13494.2 13625.9 13655.2 13690.6 13719.4 13742.9 13771.5 13777.6 13770.1 13767.6 13765.4 13765.8 13770.8 13765.1 13757.9 13754.5 13730.1 13702.6 13677.5 13648.9 13621.1 13595.1 13552 13509 13467.1 13466.9 13468.2 13470.8 13471.8 13474.4 13388.3 12675.7 11964.3 11290.6 10774.6 10259.3 9797.99 9443.92 9095.14 9171.12 9204.51 9126.29 9097.12 9059.36 8980.67 8895.87 8835.79 8782.64 8741.78 8715.39 8703.96 8703.43 8707.53 8723.64 8775.01 8814.72 8689.85 8491.96 8282.51 8073.63 7473.08 6766.19 6059.29 5845.19
