data/map/paleo8.asc
ncols         217
nrows         146
xllcorner     6.39591e+006
yllcorner     1.68973e+006
cellsize      1135.85
NODATA_value  -99999
[rows 0 to 29 of 146, columns 0 to 66 of 217]
8959.03 -779.736 -272.155 215.464 604.803 856.9 960.009 918.3 738.36 414.621 -84.0999 -817.914 -294.572 76.6299 292.802 342.387 177.405 -322.561 -52.368 356.483 678.807 942.09 1166.32 1340.98 1467.5 1555.49 1615.73 1656.5 1682.23 1694.99 1696.6 1690.22 1679.23 1665.81 1649.88 1629.96 1605.24 1581.97 1595.66 7168.09 7400.04 7604.83 7771.05 7890.77 7959.84 7977.71 7946.82 7871.93 7759.43 7616.76 7452.05 7273.86 7090.83 6911.37 6743.25 6593.17 6466.35 6366.14 6293.84 6248.93 6229.59 6233.25 6257.15 6298.52 6354.69 6423.04 6500.88
-1448.36 -953.01 -252.211 313.712 742 1005.83 1104.76 1056.47 882.103 589.561 150.968 -547.721 -142.432 231.658 459.387 556.951 512.386 341.522 262.857 442.985 737.779 981.01 1215.68 1388.8 1505.61 1582.77 1634.63 1670.93 1694.56 1705.49 1703.97 1694.21 1681.12 1667.86 1653.47 1634.47 1603.59 1544.9 1363.38 1738.47 2113.56 2550.3 3130.54 3710.79 4095.86 4143.13 4190.4 4263.04 4369.04 4475.04 5160.23 6430.21 6900.19 6899.73 6724.87 6569.55 6439.35 6337.79 6265.99 6222.9 6206.07 6212.49 6239.13 6283.16 6341.95 6412.99 6493.68
-280.117 -126.473 -97.4001 549.572 1043.62 1319.62 1396.7 1320.66 1143.97 910.517 646.116 404.604 473.595 533.049 756.14 913.651 973.67 913.413 838.433 838.701 848.274 1028.4 1326.41 1492.69 1583.03 1634.92 1668.62 1697.48 1719.04 1727.88 1719.01 1701.02 1682.72 1670.6 1661.35 1650.62 1629.61 1630.58 1934.13 2337.62 2741.11 3403.21 4667.27 5931.34 6698.32 6604.99 6511.66 6425.46 6348.63 6271.8 6589.4 6696.1 7078.66 6875.4 6686.65 6520.44 6383.32 6279.28 6208.99 6170.12 6158.8 6170.99 6203.19 6252.48 6316.42 6392.72 6479.07
734.468 824.625 897.946 938.338 1563.26 1832.28 1841.69 1685.46 1462.57 1262.38 1118.35 1046.41 1099.15 1162.49 1118.47 1367.84 1555.22 1500.02 1338.76 1225.11 1148.56 1163.5 1568.79 1672.32 1698.66 1704.94 1707.09 1730.95 1755.81 1767.57 1742.75 1707.76 1677.78 1670.19 1670.45 1676.89 1633.57 2069.72 2504.88 2936.77 3368.66 4256.11 6204 7351.89 8281.89 8266.86 8032.92 7787.88 7528.22 7268.57 7218.57 7300.28 7064.6 6836.29 6625.56 6441.92 6293.87 6186.6 6120.16 6089.36 6087.54 6109 6149.64 6206.65 6277.98 6361.89 6456.51
1658.9 1792.56 1926.22 2003.88 2438.79 2604.53 2452.32 2116.87 1758.45 1558.06 1518.48 1563.51 1714.09 1899.29 2008.08 1884.01 2379.37 2192.68 1791.46 1574.41 1357.36 1483.65 1675.02 1929.04 1834.22 1778.94 1723.66 1763.2 1805.46 1843.6 1776.44 1709.28 1650.25 1661.76 1673.27 1752.83 2166.75 2580.67 3117.35 4054.13 4990.9 6117.39 6885.46 8452.39 8517.62 8498.8 8408.74 8261.57 8065.97 7739.56 7550.71 7316.55 7042.96 6779.36 6537.13 6327.49 6163.3 6052.75 5995.3 5979.21 5992.56 6027.37 6079.25 6146 6226.47 6319.85 6388.58
2834.56 3124.68 3414.8 3577.89 3583.5 3589.12 3246.18 2571.23 1896.29 1692.9 1833.99 1975.08 2294.43 2712.5 3130.58 3287.66 3337.75 3099.88 3086.29 2682.61 2278.93 2478.16 2791.67 3105.19 3036.8 2928.95 2821.09 2793.57 2768.35 2738.05 2577.74 2417.43 2278.11 2320.78 2363.46 2454.77 2785.07 3115.36 3743.63 5342.94 6942.25 7512.29 8348.63 8782.95 8837.36 8787.57 8656.49 8466.1 8126.68 7771.9 7519.88 7335.72 7011.14 6700.84 6415.88 6167.37 5978.79 5865.5 5828.74 5839.24 5875.72 5928.26 5993.56 6071.17 6161.61 6223.5 6236.96
4010.22 4456.79 4903.37 5151.9 5154.9 5157.89 4618.1 3561.31 2504.51 2201.83 2450.04 2698.26 3190.72 3818.45 4446.19 4679.43 4750.94 4822.46 4381.11 3790.81 3200.51 3472.66 3908.32 4343.98 4239.38 4078.95 3918.52 3823.94 3731.25 3632.49 3379.04 3125.58 2905.97 2979.8 3053.64 3156.71 3403.39 3650.06 4369.91 6631.76 8093.6 8736.73 9055.14 9225.91 9261.26 9157.56 8963.48 8570.53 8187.38 7804.24 7489.06 7434.76 7000.48 6596.83 6257.98 5947.12 5718.78 5601.47 5606.26 5608.35 5688.06 5767.77 5811.49 5843.88 5876.26 5973.93 6085.34
4760.75 5182.43 5604.12 5854.18 5891.44 5928.71 5507.2 4648.69 3790.19 3488.13 3592.56 3697 4018.7 4460.72 4902.75 5034.49 5039.02 5043.56 4696.81 4248.04 3799.27 4148.33 4648.64 5148.95 5552.01 5809.5 5795.57 5835.48 5851.31 5449.44 5244.93 4921.16 4957.95 4991.96 5134.09 5388.06 6179.05 6369.38 6912.96 8607.69 9185.18 9681.16 9997.68 10252.9 10047.7 9794.5 9456.99 8907.67 8525.31 8142.95 7735.5 7302.73 6898.86 6463.49 6071.96 5644.2 5347.57 5206.76 5355.13 5403.03 5499.37 5595.72 5653.41 5698.91 5744.42 5862.91 5996.77
5416.09 5772.29 6128.49 6361.28 6441.08 6520.88 6288.2 5757.87 5227.55 4948.48 4852.96 4757.44 4831.38 4999.18 5166.99 5157.45 5075.2 4992.96 4793.29 4559.52 4325.75 4752.61 5304.7 5856.79 5210.89 5407.33 5520.34 5716.8 5845.78 5044.58 5057.06 5246.75 5580.73 6143.6 6824 7405.05 8283.37 9142.73 9734.39 10091.7 10379.3 10642.1 10807.8 11004.6 11056 10965.1 10516.9 10100.4 9725.3 9350.25 8844.02 8205.35 7510.21 6291.05 5922.12 5250.97 4943.86 4736.4 5103.69 5266.32 5377.18 5488.03 5554.28 5606.48 5658.67 5782.91 5922.31
6071.44 6362.15 6652.86 6868.39 6990.72 7113.05 7069.2 6867.05 6664.9 6408.82 6113.35 5817.87 5644.06 5537.64 5431.22 5280.4 5111.39 4942.36 4889.78 4871.01 4852.24 5356.89 5960.76 6564.64 7081.42 7027.68 6906.54 6826.79 6712.21 6608.1 6549.33 6616.2 6902.71 7533.92 8078.62 8716.93 9230.93 9672.91 10126.3 10507.9 10794.8 11040 11215.1 11358.4 11500.3 11365.7 10910.5 10493 10125.3 9757.54 9152.53 8307.97 7463.41 6880.16 6499.5 6118.84 5802.91 5463.87 5258.68 5204.36 5457.83 5475.15 5455.15 5514.04 5692.11 5879.52 6163.21
6177.47 6452.5 6727.54 6940.5 7076.51 7212.52 7228.33 7129.65 7030.97 6834.48 6566.52 6298.57 6108.19 5960.79 5813.38 5688.94 5573.92 5458.9 5867.42 6428 6988.58 7534.94 8078.61 8089.24 8412.45 8252.8 8028.05 8597.68 8396.09 8198.89 7996.11 8071.01 8348.85 8739.51 9234.81 9771.77 10153 10461.7 10744.3 10964 11119.4 11276 11403 11494.8 11700.9 11788.1 11382.9 11004.7 10662 10319.2 9712.91 8840.42 7967.93 7361.93 6962.51 6563.1 6325.12 6182.37 6039.62 5867.47 5775.01 5769.43 5781.72 5993.23 6197.25 6390.74 6546.75
6210.54 6476.51 6742.48 6954.83 7100.69 7246.55 7304.87 7279.8 7254.74 7122.68 6912.47 6702.25 6526.02 6368.62 6211.21 6135.42 6093.09 6050.76 6962.12 8150.44 8586.23 8515.35 8442.49 8372.49 8518.7 8789.53 9248.25 9002.17 8966.09 9357.28 8994.76 8829.09 8966.48 9671.05 10001.9 10430.2 10690.8 10890.7 11073.1 11223.5 11357.7 11519.3 11419.7 11577.3 11785.1 11916.9 11848.9 11532.1 11216.8 10901.5 10306.8 9429.97 8553.2 7935.7 7519.21 7102.72 6785.55 6526.97 6268.38 6128.78 6041.47 5954.15 6006.93 6103.85 6200.77 6319.18 6442.11
6243.6 6500.51 6757.43 6969.15 7124.86 7280.58 7381.4 7429.96 7478.51 7410.89 7258.42 7105.94 6943.85 6776.44 6609.03 6581.9 6612.26 6642.62 8056.81 8791.72 8744.85 8700.35 8661.88 8637.72 8802.24 9138.39 9588.3 10210.8 9920.82 9714.2 10245.1 9966.22 9870.27 10136.3 10394 10688.6 10913 11043.1 11168.1 11286.6 11435.7 11568.1 11796.9 12394.4 12674.5 12638.7 12348.6 12059.5 11771.6 11483.7 10900.6 10019.5 9138.46 8509.47 8075.91 7642.35 7245.99 6871.57 6497.14 6243.08 6041.9 5840.73 5881.26 5997.96 6114.67 6226.57 6337.47
6106.61 6758.28 7409.95 7899.87 8189.25 8478.64 8712.82 8894.43 9076.04 9090.69 8983.36 8876.02 8745.84 8603.01 8460.18 8448.29 8490.09 8531.89 8962.05 8929.98 8901.38 8878.71 8867.15 8873.81 9059.98 9373.41 9755.79 10205 10655.9 10464.3 10359.7 10943.1 10626.1 10613.9 10707.2 10810.3 10970.4 11058.3 11136.9 11235.4 11348.7 11597.6 12221.9 12685.1 12947.6 12660.6 12373.5 12086.7 11800.2 11513.7 10931.2 10049.9 9168.65 8539.07 8104.62 7670.18 7269.73 6889.34 6508.94 6248.97 6041.92 5834.88 5874.78 5992.5 6110.23 6221.8 6332.07
5960.38 7028.76 8097.15 8880.42 9310.21 9346.27 9334.4 9320.94 9305.32 9288.27 9269.15 9248.85 9226.72 9203.77 9179.48 9155.02 9130.16 9106.35 9083.96 9065.09 9051.31 9046.19 9053.71 9080.29 9264.65 9539.51 9856.33 10197.5 10510.3 10688.5 11017.1 10765.3 10691.9 10863.1 10674.9 10683.4 10782.9 10917.3 11038.5 11106.8 11187.1 11404.3 12230.2 12965.2 12947.6 12660.6 12373.5 12086.7 11800.2 11513.7 10931.2 10049.9 9168.65 8539.07 8104.62 7670.18 7269.73 6889.34 6508.94 6248.97 6041.92 5834.88 5874.78 5992.5 6110.23 6221.8 6332.07
5816.2 7295.43 8774.65 9417.26 9410.58 9402.05 9392.17 9380.45 9367.59 9353 9337.54 9320.6 9303.18 9284.77 9266.51 9248.13 9230.99 9215.26 9202.73 9194.38 9192.84 9200.46 9221.33 9259.74 9423.82 9663.43 9932.61 10218.3 10499.4 10762.4 11078.5 11436.4 11252.6 11079.1 10891.1 11233.5 10913.8 10907.1 10945.1 11008.6 11058.7 11159.2 12040.7 13060.2 12952.1 12666 12379.9 12093.9 11808.1 11522.2 10940.4 10059.8 9179.19 8550.05 8115.86 7681.66 7280.96 6900.02 6519.07 6258.64 6051.17 5843.7 5883.07 6000.22 6117.37 6229.91 6341.48
5816.2 7295.43 8774.65 9472.32 9466.5 9459.55 9451.05 9441.62 9430.74 9419.2 9406.46 9393.45 9379.66 9366.2 9352.73 9340.51 9329.54 9321.37 9316.56 9317.16 9324.59 9341.66 9370.96 9416.12 9547.34 9757.94 9992.13 10243.8 10506.4 10783.2 11098.1 11451.8 11785.8 11579.7 11302.5 10986.6 10913.8 10907.1 10945.1 11008.6 11058.7 11159.2 12040.7 12982.7 13270.3 13052.5 12834.7 12607.3 12367.1 12126.8 11592 10759.6 9927.26 9329.16 8912.67 8496.18 8077.52 7657.57 7237.62 6944.44 6706.97 6469.5 6470.93 6547.64 6624.36 6805.6 7008.66
5816.2 7295.43 8774.65 9528.48 9523.87 9517.97 9511.31 9503.44 9495.08 9485.72 9476.23 9466.12 9456.4 9446.71 9438.2 9430.75 9425.71 9423.34 9425.31 9432.45 9446.87 9470.14 9504.79 9552.97 9642.92 9828.46 10034.4 10258 10499.4 10765.7 11079.1 11486.7 12142.7 11923.1 11601.8 11199.5 11018.7 11239.6 11020.6 11010.2 11059.5 11243.7 11963.9 12860.8 13444.4 13439 13289.5 13120.6 12926 12731.5 12243.6 11459.4 10675.3 10108.3 9709.49 9310.7 8874.07 8415.12 7956.17 7630.24 7362.77 7095.3 7058.79 7095.05 7131.44 7381.54 7675.86
5796.64 7267.92 8739.2 9585.82 9581.99 9577.53 9572.08 9566.25 9559.61 9552.92 9545.73 9538.95 9532.21 9526.55 9521.75 9519.02 9518.41 9521.31 9528.19 9540.69 9559.77 9587.31 9624.7 9673.79 9735.91 9878.84 10058.7 10254.7 10467.2 10701.1 10965.9 11273.4 11617.9 11831.2 11538 11154.2 10987.6 11091.1 11127.9 11058.4 11129.3 11388.5 11944.5 12630 13244.5 13672.6 13740.3 13625.1 13478.5 13337.6 12899.3 12166.5 11433.7 10899.2 10518.5 10137.8 9686.07 9192.43 8698.79 8343.8 8049.75 7755.7 7685.71 7686.33 7687.34 8003.22 8384.31
5551.39 6923.12 8294.85 9350.51 9641.02 9637.47 9633.64 9629.15 9624.67 9619.79 9615.33 9610.9 9607.45 9604.69 9603.69 9604.38 9607.95 9614.61 9625.69 9641.78 9664.32 9694.22 9732.89 9781.34 9840.49 9912.03 10067.3 10234.5 10413.8 10605.4 10810 11023 11224.4 11360.9 11432.6 11048.2 10942.6 11009.1 11038.2 11025.6 11127.4 11381.4 11861.6 12386.6 12915.1 13299.6 13578.1 13800.1 13873.3 13849.5 13582.1 12947.5 12310.2 11826.2 11468.2 11110.1 10676.2 10197.6 9719.04 9377.58 9096.4 8815.21 8763.18 8783.38 8804.32 9152.8 9568.83
5306.15 6578.32 7850.5 8890.57 9642.87 9698.04 9695.22 9692.46 9689.4 9686.74 9684.11 9682.36 9681.18 9681.5 9683.18 9687.23 9693.71 9703.73 9717.62 9736.54 9761.07 9792.33 9831.05 9878.02 9933.77 9998.38 10071.6 10202.6 10347.8 10497 10645.4 10784.3 10895.6 10955.4 10963.3 10841.2 10907.3 10962.4 10870.8 10913.2 11000 11213.4 11770.9 12140.4 12574.8 12923.7 13241.8 13514.3 13743.7 13950.8 14057 13723.3 13173.1 12753.3 12417.9 12082.4 11666.4 11202.9 10739.3 10411.4 10143 9874.71 9840.64 9880.44 9921.33 10302.1 10753.4
5120.92 6275.28 7429.63 8432.18 9246.52 9758.57 9757.11 9755.43 9754.14 9752.92 9752.46 9752.49 9753.82 9756.24 9760.63 9766.97 9776.18 9788.42 9804.65 9825.24 9851.08 9882.71 9920.79 9965.8 10017.9 10077.3 10143.3 10215.4 10292 10388.9 10490.8 10572.9 10618.6 10687.1 10758 10823.7 10846.7 10717 10679.6 10747.4 10961.8 11194.4 11485.8 11763.2 12165 12507.4 12858.9 13217.2 13522.6 13767.9 14326.6 14469.7 14028.1 13678.4 13388.6 13083.7 12696.1 12259.6 11823.1 11518.1 11270.9 11023.8 11005.9 11060.4 11115.4 11506.3 11968.8
5288.3 6217.51 7146.73 7982.91 8703.73 9424.56 9818.64 9818.37 9818.19 9818.71 9819.65 9821.72 9824.68 9829.32 9835.52 9844.08 9855.06 9869.25 9886.88 9908.68 9935.02 9966.48 10003.5 10046.2 10094.9 10149.2 10209.1 10273.5 10341.6 10412 10483.5 10554.4 10623.9 10690.5 10753.6 10801.1 10533.7 10521.3 10550.6 10622.7 10751.8 10884.4 11084.3 11362.8 11723.9 12109.5 12445.4 12859.4 13241.8 13571.7 14062.9 14380.4 14681.6 14681.6 14482.8 14255.2 13957.6 13618.8 13279.9 13053.4 12876.2 12699 12686.9 12727 12767 13041.9 13366.2
5455.67 6159.75 6863.82 7533.63 8160.94 8788.25 9367.54 9880.67 9881.88 9883.48 9886.06 9889.41 9894.19 9900.25 9908.28 9918.25 9930.86 9946.21 9964.93 9987.28 10013.7 10044.6 10080.1 10120.6 10165.8 10215.8 10269.9 10327.9 10388.5 10451.1 10514.2 10577.2 10638.5 10697.6 10753.4 10723.9 10555.4 10427.3 10458.9 10579.7 10681.7 10772.5 10869.2 10988.8 11087.3 11499.9 11998.4 12512.4 12905.7 13312.2 13646.4 14088.1 14453.7 14736 15125.4 15318.6 15219.1 14978 14736.8 14588.6 14481.4 14374.2 14368 14393.7 14419.4 14577.5 14484.8
5605.66 6116.16 6626.65 7143.79 7669.14 8194.5 8676.37 9116.81 9557.26 9924.57 9951.14 9955.96 9961.86 9969.42 9978.58 9989.92 10003.5 10019.8 10039.1 10061.6 10087.8 10117.8 10151.8 10189.8 10232 10277.8 10327.1 10379.2 10433.6 10489.2 10545.5 10601 10655.4 10707.5 10756.9 10660.2 10536.7 10430.7 10486.4 10558.4 10623.2 10674.8 10705.1 10728.6 10728.9 10736.1 11415.1 11998.8 12552.8 13049 13387.7 13753.5 14148.4 14583.8 14953.8 15227.7 15450.5 15625.1 15762 15863.3 15910.5 15887.1 15878.6 15868.8 15786.4 15646.6 15355.3
5690.71 6125.54 6560.38 6976.02 7367.88 7759.74 8126.14 8468.29 8810.45 9102.29 9357.38 9612.47 9732.2 9776.96 9821.73 9878.68 9940.63 10002.6 10109.8 10132.3 10157.9 10186.9 10219.2 10255 10294 10336.3 10381.1 10428.4 10477.1 10527 10576.9 10626.4 10674.3 10720.4 10700.9 10603.3 10500.6 10476.2 10501 10540.6 10581.6 10608.2 10606.8 10584.5 10552.6 10544.6 10591.3 11530.9 12153.8 12707.7 13050.9 13446.5 13851 14383.9 14794.7 15140.1 15417.8 15594.2 15800.8 15971.6 16096 16144.6 16274.6 16307.9 16306.5 16239.1 16109.9
5775.77 6134.93 6494.1 6808.26 7066.62 7324.98 7575.92 7819.78 8063.64 8280.01 8476.3 8672.59 8807.54 8908.51 9009.48 9098.01 9181.44 9264.86 9302.39 9326.58 9350.77 9629.95 9957.48 10285 10353.1 10391.8 10432.9 10475.6 10519.8 10564.3 10609 10652.8 10695.4 10717.6 10642.1 10551.8 10452.6 10476 10496.6 10524.9 10550.7 10569.6 10570.1 10548.9 10524.1 10553.5 10742.7 11263 11812.5 12329.9 12748.9 13044.3 13705.6 14170.7 14633.9 14984.8 15320.5 15578.3 15809.7 16037.1 16228.3 16311.6 16532.1 16630.7 16710.7 16732.6 16713.8
5827.55 6109.92 6392.28 6615.77 6766.26 6916.75 7068.43 7221.26 7374.08 7519.21 7658.71 7798.21 7932.95 8065.06 8197.17 8309.12 8412.8 8516.49 8478.22 8398.72 8319.23 8690.59 9147.42 9604.26 10086.2 10445.2 10482.7 10521.7 10561.4 10601.7 10641.5 10680.7 10718.2 10672.3 10598.1 10509 10475.4 10474.6 10488.4 10507.3 10530 10547.3 10556.9 10552.5 10551.2 10599.3 10786.2 11155.2 11613.5 12084.5 12523.5 12891.7 13258.1 13823.5 14362.8 14766.6 15175.9 15516.8 15809.7 16037.1 16228.3 16311.6 16582.3 16684.6 16757.5 16803.3 16830
5792.43 5995.03 6197.63 6358.69 6468.25 6577.8 6672.6 6753.35 6834.1 6919.01 7006.96 7094.91 7189.17 7286.93 7384.69 7498.75 7619.5 7740.24 7781.98 7800.76 7819.54 8126.8 8488.74 8850.69 9376.39 9919.02 10461.7 10566.6 10602.9 10639 10675 10709.8 10701.8 10643.1 10569.2 10479.8 10462.3 10461.7 10471.1 10489.5 10510.7 10534.9 10556.5 10576.8 10598 10654.6 10809.7 11046.9 11469.2 11883.3 12296.3 12657.9 12988.7 13323.6 13954.7 14484.8 14943.4 15366.2 15759.5 16044.4 16290.3 16403.2 16798.4 16967.8 17107.2 17205.8 17264.1
5757.31 5880.15 6002.99 6101.62 6170.24 6238.86 6276.77 6285.45 6294.12 6318.81 6355.21 6391.61 6445.39 6508.8 6572.21 6688.38 6826.19 6964 7085.73 7202.79 7319.85 7563 7830.06 8097.12 8666.63 9267.41 9868.18 10427.7 10643.8 10676.9 10709.2 10733.5 10687.9 10629 10555.9 10467.4 10434.5 10435.8 10447.8 10465.2 10491.3 10521.9 10558.5 10599 10649.9 10719.9 10845.9 11034 11274.3 11694.5 12041.7 12347.5 12594.8 12711.5 13422.1 14031.2 14557.2 15060.8 15570.9 15939 16262.6 16403.8 16912 17149.9 17361.6 17518.2 17605
