data/map/paleo8.asc
ncols         217
nrows         146
xllcorner     6.39591e+006
yllcorner     1.68973e+006
cellsize      1135.85
NODATA_value  -99999
[rows 60 to 89 of 146, columns 67 to 133 of 217]
12973.4 13093.3 13246.9 13411.1 13696.8 14114.5 14379.1 14509.8 14636.9 14765.8 15539.1 16065.4 16905.4 17699.6 18657.1 19430.4 20136.4 20607.1 21049 21455.1 21805.7 22103.2 22396.3 22667.5 22889.7 23074 23214.1 23325 23381.2 23415.3 23429.2 23435.3 23424.2 23384.4 23333.4 23264.5 23173 23057.7 22929.6 22769.5 22582.5 22372 22144.7 21886.6 21623.9 21330.7 21006.2 20670.9 20140 19533.7 19010.9 18509.1 18088.7 17776.4 17096.6 16524.8 16016.2 15547.8 15232 14960.6 14669.3 14424.9 14202.2 13970.9 13771.4 13530.3 13229.1
12836.8 12959.1 13104.1 13272.3 13453.7 13749.5 14115.2 14541.9 14754.6 14907.2 15054.6 15588.3 16465.3 17280 18256.3 18952.1 19681.2 20151.8 20606.5 21036 21419.7 21756 22089.7 22404.6 22666.8 22887 23058.4 23200.2 23280.1 23335.2 23367.2 23391.1 23395.4 23372.1 23335.8 23282.2 23206.9 23108.6 22995.3 22851.9 22682.1 22488.9 22277.8 22033 21781.5 21505.8 21178 20773.5 20316.5 19813.1 19301 18805.8 18383.8 17860.4 17389.6 16856.1 16340.1 15831.8 15456.5 15144.6 14850 14602.6 14373.5 14128.6 13920 13660.4 13229.1
12700.6 12843.4 12984 13137.3 13248.1 13422.5 13672 14008.1 14344.3 14767.1 15271.3 15551.3 16401.4 17167.8 18034.3 18653.7 19305.5 19775.6 20196.4 20633.2 21038.5 21407.5 21786.7 22143.4 22444.6 22699.8 22901 23061.7 23164.4 23239.8 23288.9 23329.8 23348.4 23340.4 23317.7 23278.3 23218.1 23135.7 23036 22907.6 22752.6 22573.6 22375.1 22138.6 21890.6 21622.9 21314.2 20938.2 20515 20040.2 19550.7 19072.5 18662.1 18158.9 17808.7 17287.8 16761.8 16220.5 15787.8 15428.7 15116.4 14861.2 14621.6 14358.8 14136.4 13868.6 13454.8
12540.2 12710.2 12864 13009.7 13114.3 13137.3 13294.9 13581.2 13867.5 14230 15374.5 15759 16216.4 16978.5 17762.1 18336.4 18902.5 19347.1 19776 20198.2 20602.3 20985.8 21404.7 21800.9 22144.7 22442.6 22681.8 22864.8 22995.2 23095.1 23165.1 23226.3 23261.7 23271.1 23263.6 23239.7 23195.8 23130.2 23044.5 22931.2 22790.1 22623.2 22434.2 22203.1 21957.9 21695.2 21403.9 21057.6 20674.4 20242 19788.6 19337.1 18945.2 18474.1 18272.5 17623.6 17086.1 16522.2 16035 15623.2 15278.2 14992.2 14730.4 14441.7 14192.1 13917.6 13535.1
12356.1 12553.6 12726.7 12912.8 13048.8 13117.7 13157.8 13223.6 13390.7 13693 14670.4 15647.9 16302.6 16998 17648.2 18141.6 18616.3 18965 19376.3 19774.6 20156.4 20527.2 20960 21376.8 21755 22095.4 22377.6 22589.1 22754.7 22885.9 22983.1 23069.4 23125.6 23156.7 23168.3 23163.6 23141.1 23097.1 23029.3 22934.9 22811.2 22659.5 22482.4 22258.8 22018.8 21764.8 21494.5 21185.3 20852.8 20475.5 20071.3 19659.5 19295.2 18863.4 18475.8 17994.5 17514.2 16945 16402.7 15925.5 15536.7 15222.2 14946.5 14655.1 14398.9 14124.7 13755.6
12141.7 12372.8 12566.9 12796.4 12993.8 13139.4 13186.8 13245.6 13314.8 13385.7 14011.7 14828.5 15609.6 16195.2 16780.7 17335.4 17780.9 18226.4 18717 19227.8 19586.2 19938.5 20373.6 20798.8 21202.1 21579.8 21904.1 22153.3 22368.3 22546.2 22686.6 22816.4 22908.2 22972.9 23012.9 23033.3 23033.6 23011.8 22961.4 22885.8 22779.3 22642.3 22476.8 22261.9 22029.9 21787.2 21537.1 21263.9 20982.2 20664.1 20315.7 19950.9 19620.1 19229.9 18857.3 18407.1 17974.7 17416 16858.3 16326 15895.6 15568.3 15295.6 14983.2 14704.3 14423 14076
11928 12159.6 12378.2 12576.3 12810.2 12987.3 13164 13257.5 13318.4 13384.7 13654.4 14353 15015.2 15477.7 15940.2 16481.6 17014.8 17533.1 18056.8 18652 18996.3 19325.5 19751.3 20165.6 20572.1 20964.7 21309.5 21577.9 21833.2 22058.3 22252.8 22441.6 22587.6 22702.7 22783 22835.1 22861.7 22863.5 22830.8 22774.9 22687.2 22566.9 22415.7 22213.6 21994.3 21767.1 21540.5 21303.3 21068.8 20806.1 20514.7 20198.8 19904.4 19553.1 19206.8 18822.3 18418.3 17940.2 17427.4 16916.2 16502.7 16215.8 15918.6 15333.6 14775 14348.4 14114
11714.2 11939.5 12169.9 12387.3 12587.9 12777.1 12964.2 13131.7 13308.2 13379.9 13456.3 13877.6 14420.8 14760.2 15099.7 15590.4 16279 16855.2 17396.5 18014.9 18280.4 18603.7 19022.9 19430.2 19835.2 20231.4 20583.9 20861 21135.7 21394.2 21637.7 21887.5 22103 22290.5 22429.5 22529.8 22595.7 22628.5 22618.1 22587.9 22524.4 22427.1 22297.6 22115.8 21916.9 21714.1 21518.5 21321 21134.6 20926.4 20690.3 20424.1 20169.9 19859.7 19547.3 19226 18880.3 18457.5 17992.1 17509 17119.6 16850.1 16485.3 15584.3 14732.6 14180.6 14114.2
11501.3 11724 11952.4 12180.8 12381.1 12580.3 12778.6 12940.6 13102.7 13291.6 13429.2 13517.9 13848.6 14081.4 14314.2 14650 15350.5 16051 16729.8 17354.1 17611.9 17842.5 18274.8 18686 19089.8 19481.3 19828.3 20099.8 20373.3 20641 20908 21195.1 21463.5 21722.4 21926.9 22090.8 22212.3 22290.4 22311.7 22315.6 22281.4 22214.5 22116.6 21964.8 21797.8 21629.6 21468.4 21309.3 21163.7 20998.9 20807.2 20586.6 20371.3 20101.3 19829.5 19554 19263.3 18905.8 18500.4 18047.3 17679 17418.3 16989.6 15880.4 14874.4 14267.2 14270.2
11291.8 11527.1 11763.6 11995.3 12222 12430.6 12651 12802.9 12954.8 13124.9 13380.8 13436.6 13500.6 13566.3 13753.6 14051 14716.7 15382.3 16036.2 16660.8 16987.3 17166.3 17518.3 17952.1 18368 18759.7 19099.1 19354.4 19610.6 19867.9 20133.8 20430.4 20723.9 21031.2 21285.6 21506.4 21686.9 21822.5 21888.7 21938.8 21946.7 21921 21864.1 21755.1 21632.4 21508.1 21388.5 21268 21157.2 21027.9 20872.9 20690.6 20510.7 20280.9 20047.4 19809.9 19565.4 19267.4 18954.1 18528.3 18170 17891.3 17523.4 16762.6 16167.4 15675.1 15131.1
11082.4 11301 11540.8 11785.6 12026.2 12246.1 12445.2 12665.2 12807 12958.1 13205.4 13347.2 13354.6 13323.6 13195.1 13452 14082.8 14713.6 15342.7 15967.5 16402.6 16558.2 16880.6 17252 17696.6 18104.1 18447.7 18683.2 18908.5 19137.9 19381.9 19663.5 19957.6 20283.1 20561.9 20819 21045 21231 21346.1 21448.9 21508 21533.1 21527.3 21475.3 21409.2 21338.7 21267.5 21189.3 21111.4 21013.6 20890.6 20741.8 20593.5 20402.1 20206.2 20007 19799.3 19548.5 19286.4 18966.9 18609.8 18320.7 18008.4 17581 17347 16894.8 15749.8
10835.3 11041.1 11298.1 11559.4 11816.7 12051.3 12263 12509 12649.5 12793.8 12978.7 13163.5 13247 13178.5 13035.4 12997 13568 14138.9 14724.8 15348 15818 15984.4 16311.3 16660.7 17139.4 17574.6 17944.3 18178.9 18384.2 18586.7 18799.1 19045 19316.6 19638.7 19926.1 20208.4 20471.8 20701.9 20861.6 21011.8 21116.5 21186.8 21226.8 21226.2 21211.4 21189 21158.6 21114.4 21060.9 20985.6 20885.1 20761.4 20636.8 20475.3 20309.5 20139.5 19959.1 19741.3 19514.2 19236.4 18905.4 18638.2 18352.1 18128 18103.1 17668.3 16200.9
10482.3 10765 11028.8 11306.3 11580.3 11830.8 12057.7 12266.8 12464.7 12636.4 12888.5 13140.6 13182.4 13107.8 12983.4 12947.2 13388 13828.8 14319.8 14936.2 15552.6 15574.5 15926 16280.9 16724.4 17191.5 17587.8 17830.7 18025.5 18204 18379.2 18582.9 18819.7 19109.4 19379.6 19662.3 19941.8 20193.6 20389.1 20578.7 20724.9 20837.5 20920.8 20971.7 21007.9 21032 21040.3 21027.9 20996.3 20940.5 20859.9 20758 20653.6 20516.5 20374.6 20227.4 20068.7 19875.5 19671.7 19423.4 19130.4 18832 18505.8 18191.5 18042 17690.4 16806.4
10129.3 10432.3 10737.3 11022.2 11310 11575.3 11818.1 12043.7 12278.9 12478.9 12798.3 13117.7 13153.4 13086.7 12988.3 12897.5 13208.1 13518.6 13914.7 14524.3 15134 15299.6 15654.9 16003.1 16420.4 16841.2 17262.3 17522.5 17723.6 17895.8 18051.4 18228.8 18437.4 18685.5 18921.2 19177 19444.1 19693 19903.9 20116.2 20294.7 20442.5 20564.3 20667.8 20755.4 20826.2 20875.6 20899 20893.3 20861.9 20804.9 20726.1 20641.8 20526.9 20405.3 20276.9 20135.7 19961.3 19773.8 19545.4 19281.2 19015.5 18718.3 18342.7 18091.2 17815.8 17462.7
9789.75 10104.2 10419.5 10713.5 11011.9 11290.4 11548.7 11792.3 12059.3 12284.5 12682.1 13079.6 13150.8 13097.5 13023.9 12932.3 13111.2 13324.7 13632.8 14177.4 14721.9 15203.4 15534.3 15839.3 16215.5 16586.9 16942.8 17217.8 17432.1 17611.1 17766 17937.1 18135.7 18355.7 18584.6 18789.9 19031.9 19258 19465 19681.3 19874.6 20045 20195.6 20341.2 20472.2 20585.2 20673.6 20734.2 20758.5 20754.8 20723.8 20669.1 20605.3 20510.9 20407.1 20294.2 20166.9 20007.6 19833.6 19622.2 19379.1 19137.2 18873.3 18513.4 18216.9 17960.4 17880.1
9477.73 9785.75 10094.5 10403.2 10697.6 10983.5 11252.6 11510.3 11768.4 12014.7 12512.7 13010.6 13166.8 13128.4 13077.7 13016.6 13184.7 13368.9 13603.4 13963.3 14323.2 14673.3 15005.2 15337.2 15694.4 16087 16479.5 16898.1 17124.2 17316 17480.6 17658.5 17861.9 18072.1 18274.5 18485.4 18697.1 18899.7 19095.6 19307.7 19505.8 19689.9 19859.4 20031.6 20191.6 20334.9 20453.8 20547 20600.8 20625.2 20620.6 20590.3 20546.8 20472.1 20384.8 20285.4 20169.9 20023.2 19860.6 19662.9 19435.1 19209.9 18971.3 18648.9 18346.7 18026.3 17799.8
9165.71 9467.29 9769.49 10071.7 10382.9 10642.4 10914.2 11179.8 11476.6 11744.9 12343.2 12941.6 13194.9 13171.5 13141.6 13107.7 13258.2 13413.2 13573.9 13749.2 13924.5 14143.2 14441.7 14740.2 15059.7 15408.3 15757 16325 16728.7 16919.8 17087.7 17275.3 17488.4 17693.4 17885.5 18077.9 18248.4 18450.9 18635.9 18845.4 19052.3 19255.8 19450.9 19654.9 19847.4 20022.9 20173.9 20302 20389.8 20447.9 20475.7 20475.8 20458 20408.7 20342.5 20260.4 20159.5 20028.5 19879.5 19698.6 19490.2 19286.3 19076.5 18797.9 18504 18189.8 17885.1
8850.53 9143.49 9435.05 9730.23 10028.4 10271.5 10539 10807.3 11124.4 11411.5 12076.5 12741.5 13168.4 13221 13209.7 13199.5 13216.1 13372.9 13502 13561.8 13621.5 13764.6 14002.9 14256.5 14532 14838.2 15144.4 15659.2 16270 16453 16621.1 16812.2 17028.5 17237.9 17437.6 17628 17791.9 17964.7 18153.4 18360.6 18574.4 18795.3 19016.2 19253.2 19476.9 19682.8 19864.3 20024.3 20141.9 20232.7 20293.4 20325.2 20334.8 20312.9 20269.9 20206.6 20121.4 20006.8 19871.8 19708.2 19521.3 19339.1 19156.4 18920.7 18672.2 18403.1 18085.4
8530.45 8811.43 9092.5 9373.56 9633.07 9891.62 10150.3 10414.6 10678.9 10980.2 11659.9 12339.7 12936.9 13161.8 13276.5 13285.7 13304.7 13341.4 13408.6 13528.4 13732.9 14003.4 14066.7 14125.5 14171.7 14435.2 14701.2 15152.8 15803 15997.3 16145.5 16321.3 16530.6 16744.6 16958.5 17156.8 17327.4 17506.6 17693.1 17896.8 18127.7 18364.8 18608.9 18873.3 19124.7 19356.2 19563.9 19750 19890.8 20006 20094.3 20153.4 20187.7 20192 20171.9 20127.6 20058 19959.6 19838 19690.4 19523.4 19361.9 19202.3 19002.3 18792.2 18562.8 18287.9
8210.37 8479.38 8748.13 9016.89 9237.76 9456.5 9676.62 9955.03 10233.4 10548.8 11243.3 11921 12563.7 12814.9 13066.1 13318.5 13396.7 13449.2 13528.3 13644.9 13807.2 14004.1 14210.4 14205.2 14153.7 14176.3 14257.9 14646.3 15208.8 15624.7 15708.5 15843.4 16021.1 16211.6 16431.8 16649.5 16828.2 17031.1 17226.1 17427.6 17663.6 17945 18211.7 18501.5 18779.5 19038.1 19274.6 19486.3 19647.1 19781.7 19889.8 19968.5 20022.4 20050.5 20052.4 20027.1 19974 19892.7 19784.5 19652.5 19504.4 19362.1 19223.9 19054.5 18876.9 18681.8 18445.7
7931.67 8191.61 8451.85 8712.1 8909.45 9104.01 9300.57 9581.47 9862.38 10180.5 10880.5 11580.6 12214.2 12485.1 12756 13033.1 13332.3 13530.4 13610.5 13715.7 13846.7 13995.7 14147.5 14270.4 14188.9 14156.2 14135.9 14372.5 14887.6 15340.3 15375.6 15443.3 15548.5 15680.3 15871.9 16084.4 16277.9 16525.6 16744 16952.4 17206.3 17499.6 17807.3 18122.8 18428.1 18715.6 18984.7 19225.6 19409.1 19562.6 19687.7 19781.8 19849.4 19895.6 19916.5 19909.3 19873.3 19810.1 19716.3 19600.5 19471.3 19348.3 19230.4 19087.8 18938.1 18771.9 18568.7
7701.66 7955.97 8212.17 8468.37 8660 8848.77 9039.42 9309.16 9578.91 9886.43 10581.2 11275.9 11905.1 12175.5 12445.9 12730 13062.3 13394.6 13667.6 13760.5 13868.3 13984.2 14096.8 14189.1 14230.8 14183.1 14150.4 14372.5 14887.6 15157.9 15162.8 15180.2 15199 15251.6 15364 15532.1 15701.5 15967.4 16236.1 16511.2 16801 17082 17379.6 17687.4 18113.1 18427.1 18728 18998.3 19203.7 19375.6 19515.5 19621.4 19699 19758.5 19792.9 19800 19779.4 19732.8 19652.6 19552 19440 19334.6 19235.3 19115.1 18987.4 18844 18666.5
7471.65 7720.32 7972.48 8224.64 8410.56 8593.53 8778.26 9036.85 9295.44 9592.33 10281.8 10971.3 11595.9 11865.9 12135.8 12426.9 12792.3 13157.8 13480.2 13695.1 13881.7 13976.2 14066.2 14141.6 14191.9 14220 14181.3 14372.5 14887.6 15065.3 15055.1 15044.8 15019.3 14991.8 14954.6 15033.9 15153.9 15401.2 15698.9 16026.2 16374.9 16690.5 16996 17269.5 17801.3 18134.2 18454.8 18750.4 18981.8 19175.2 19334.1 19455.6 19546.8 19620.2 19667 19685.6 19678.3 19646.7 19580.4 19497.6 19404.9 19317.7 19236 19136 19026.4 18901.4 18745.9
7362.4 7608.4 7858.64 8108.88 8292.08 8472.31 8654.22 8907.52 9160.81 9452.64 10139.6 10826.6 11449 11718.8 11988.6 12282.9 12664.1 13045.3 13391.4 13649.7 13891.6 13972.6 14050.3 14119.1 14175.4 14220.7 14258.2 14319.1 14809.4 14961.1 15044.3 15037 15000.2 14948.4 14825.4 14764.6 14856 15093 15412.3 15771.2 16154.4 16526.2 16875.4 17132.7 17476.6 17953.4 18235.2 18551 18805.6 19020.6 19196 19330.5 19432 19514.9 19569.6 19595.8 19598 19577.7 19522.4 19454.3 19377.7 19305.1 19236.8 19151.7 19054.6 18942.4 18802.4
7362.4 7608.4 7858.64 8108.88 8292.08 8472.31 8654.23 8907.52 9160.81 9452.64 10139.6 10826.6 11449 11718.8 11988.6 12282.9 12664.1 13045.3 13396.2 13671.5 13899.8 13972.5 14043 14109.1 14169.6 14229.3 14304.6 14287.5 14660.4 14881 14969.6 15121.7 15076 14991.2 14850.5 14617.5 14610.7 14741.2 15024.8 15359.1 15735.7 16144.9 16563.7 16955.4 17200.3 17613 17960.3 18325.9 18595.4 18829.2 19024.2 19178.5 19295.1 19392.6 19458.5 19494.4 19506.9 19499.7 19457.3 19405.3 19345.9 19288.6 19232 19158.4 19072.1 18971 18844.9
7362.4 7608.4 7858.64 8108.88 8292.08 8472.31 8654.22 8907.52 9160.81 9452.64 10139.6 10826.6 11449 11718.8 11988.6 12282.9 12664.1 13045.3 13401.1 13693.3 13907 13974.1 14040.5 14009.1 14075.7 14222 14272.2 14287.5 14511.4 14788.7 14831.2 14864.9 14833.4 14815.2 14847.5 14568.7 14551.8 14675.5 14962 15307.2 15701.4 16128.4 16539.2 16913.5 17148.7 17541.1 17868.3 18178.2 18357.3 18599.8 18808.7 18981.8 19117.1 19234.3 19316.5 19366.8 19392.7 19401.6 19374.5 19339.7 19297.9 19255.3 19209.9 19147.5 19071.9 18982.1 18870.2
7233.82 7459.51 7688.11 7916.7 8094.08 8269.19 8446.24 8705.31 8964.39 9259.05 9918.53 10578 11179.8 11466.2 11752.6 12060.2 12442.7 12825.2 13188 13501.6 13815.3 13976.7 13998.3 13983.3 14076.7 14221.7 14274.5 14317.4 14361.1 14646.5 14694.8 14533.4 14411.1 14454 14302.1 14297.4 14438.2 14521 14719.9 14970 15303.4 15720.2 16159.3 16566.3 16885 17252.5 17547.5 17846.1 18109.7 18315.9 18529.5 18717.3 18869.7 19008.6 19112.3 19183.1 19227.6 19258 19250.4 19235.9 19214.1 19187.7 19155.9 19107.8 19046 18970.7 18876.7
7016.17 7207.47 7399.42 7591.38 7758.9 7925.34 8094.16 8363.02 8631.88 8931.33 9544.29 10157.3 10724.1 11038.7 11353.3 11683.3 12067.9 12452.5 12823.8 13162 13500.2 13763.1 13887.2 14011.3 14165.3 14226.5 14286.8 14346.3 14409.7 14479.1 14512.7 14556.3 14625.6 14716.6 14257.1 13827 14161.8 14482.5 14616.4 14723.5 14973.6 15346.6 15761.3 16184.2 16581.6 17010.8 17254.4 17545.3 17793.7 18028 18241.3 18430.7 18588 18741.9 18865.6 18959.2 19026 19081.6 19095.7 19101 19098.3 19088.1 19071 19038.5 18993.4 18934.7 18859.4
6798.51 6955.42 7110.74 7266.05 7423.72 7581.5 7742.07 8020.73 8299.38 8603.61 9170.06 9736.51 10268.4 10611.2 10953.9 11306.4 11693.1 12079.8 12459.6 12822.3 13185 13512.8 13776 14039.2 14167.2 14232.4 14299.6 14371.6 14452.2 14548.2 14670.7 14607.4 14442.2 14326.4 14241.5 13705.5 13666.2 14161.5 14587.2 14655.9 14808.3 15072.8 15415.5 15809.6 16211.6 16672.8 16967.8 17245.1 17462.6 17684 17893.8 18087.3 18248.1 18413.2 18555.4 18672.7 18763.6 18847.5 18887.4 18916.8 18937.4 18947.2 18948.6 18936.1 18911.9 18873.7 18821.4
6593.95 6729.87 6865.95 7002.03 7153.71 7306.08 7461.4 7740.68 8019.97 8322.46 8862.95 9403.43 9914.57 10265.2 10615.8 10974.5 11361.6 11748.8 12131.6 12503.6 12875.7 13226.9 13539.7 13852.5 14103.9 14235.5 14308.2 14387.8 14479.6 14545.4 14468.9 14321.3 14173.8 14058.5 13963.4 13868.3 13553.9 13754.1 14180.3 14716.6 14803.5 14950.3 15191.3 15517.7 15878 16335.1 16654.6 16930.1 17163.3 17378.8 17575.7 17765.3 17922.5 18089.3 18239.5 18371 18479.3 18585.4 18648.4 18700.2 18742.4 18771.2 18791.5 18801.1 18798.3 18780.8 18750.8
