data/map/paleo8.asc
ncols         217
nrows         146
xllcorner     6.39591e+006
yllcorner     1.68973e+006
cellsize      1135.85
NODATA_value  -99999
[rows 0 to 29 of 146, columns 134 to 200 of 217]
9950.54 10148.7 10330.8 10489.7 10616.5 10704.7 10766 10873.4 11353.8 11317.7 11255.2 11166 10953.7 10814.5 10703.6 10608 10523.3 10447.6 10380.1 10319.9 10266.6 10219.8 10179 10143.7 10113.7 10088.3 10067.3 10050.1 10036.5 10025.9 10018.1 10012.6 10009.3 10007.6 10007.4 10008.4 10010.3 10013 10016.3 10019.9 10023.8 10027.8 10031.8 10035.8 10039.6 10043.1 10046.5 10049.5 10052.1 10054.5 10056.4 10058 10059.3 10060.2 10060.7 10060.9 10060.8 10060.5 10059.8 10059 10057.9 10056.6 10055.2 10053.6 10052 10050.2 10048.4
9960.72 10164.5 10353.9 10521.7 10655 10635.3 10519.7 10500.3 10564.8 10629.3 10681.7 10726 10770.4 10786.2 10688.3 10597.2 10514.3 10439.6 10372.7 10313.1 10260.2 10213.9 10173.4 10138.7 10033.9 9890.73 9752.87 9615 9392.81 9170.09 8949.72 8766.6 8583.48 8384.07 8070.83 7757.6 7459.43 7225.16 6990.88 6740.58 6443.8 6147.02 5842.77 5522.84 5202.9 4801.56 4271.76 3741.96 3287.25 2923.02 2558.78 2260.1 2022.13 1784.15 1640.58 1564.02 1487.45 1425.61 1371.66 1317.72 1243.42 1161.06 1078.7 1107.62 1167.56 1227.51 1252.7
9980.25 10194.5 10398.3 10588.1 10750.3 10846.1 10882.1 10917.9 10986.6 11055.3 11113.3 10962.6 10860 10761.2 10666.4 10578 10497.2 10423.9 10358.1 10299.3 10247.5 10201.9 10162.5 10128.4 10099.7 10075.5 10043.4 9831.29 9605.78 9380.19 9155.63 8947.29 8738.96 8513.24 8166.01 7818.78 7493.1 7258.79 7024.49 6772.27 6468.11 6163.96 5855.68 5538.71 5221.74 4847.62 4383.29 3918.96 3508.01 3161.36 2814.71 2544.39 2344.75 2145.1 2017.54 1941.14 1864.74 1785.45 1704.61 1623.77 1467.14 1280.49 1093.83 1086.34 1128.82 1171.3 1174.15
10007.9 10234.7 10456.6 10681.9 10912.1 11020.7 11106.1 11164 11194.8 11167.7 11111.4 10954.3 10835.5 10732.3 10638 10551.5 10472.4 10400.9 10336.4 10279.1 10228.3 10184.2 10145.8 10113.3 10085.5 10062.9 10044.1 10029.6 9818.75 9590.29 9361.53 9127.98 8894.44 8642.41 8261.18 7879.96 7526.77 7292.43 7058.09 6803.95 6492.43 6180.91 5868.59 5554.59 5240.59 4893.67 4494.81 4095.95 3728.76 3399.7 3070.65 2828.69 2667.37 2506.05 2394.5 2318.26 2242.02 2145.29 2037.55 1929.82 1690.85 1399.91 1108.96 1065.07 1090.07 1115.08 1095.6
10044.1 10279.7 10511.5 10770.7 10832.2 10947.2 11031.4 11086.5 11114.9 11086.8 11033.3 10907.7 10795.5 10694.3 10602.1 10517.4 10440.4 10370.4 10307.9 10251.9 10203.1 10160.3 10123.9 10092.7 10067.1 10045.7 10029.1 10015.7 9932.96 9699.26 9464.15 9206.73 8949.32 8676.73 8298.13 7919.52 7573.85 7367.84 7161.84 6928.55 6616.18 6303.82 5998.65 5708.62 5418.6 5096.92 4725.28 4353.65 4009.27 3697.73 3386.19 3173.08 3051.11 2929.14 2831.77 2751.86 2671.94 2511.25 2307.17 2103.09 1785.92 1423.96 1062 995.507 1011.42 1027.33 998.039
10096.1 10328.4 10538.9 10692.3 10769.3 10877.5 10953.8 11002.8 11027.5 10998.2 10947.5 10847.9 10744.4 10647.7 10558.2 10476.2 10401 10333.2 10272.1 10218.4 10171.1 10130.8 10096 10067.5 10043.5 10024.9 10009.8 9999.08 9990.99 9774.76 9532.59 9251.75 8970.91 8679.68 8315.8 7951.92 7625.37 7457.08 7288.79 7083.88 6772.83 6461.78 6167.47 5908.37 5649.27 5352.17 4995.1 4638.04 4309.56 4015.51 3721.46 3537.36 3455.08 3372.79 3289 3204.14 3119.28 2879.23 2555.83 2232.43 1838.43 1416.46 994.492 909.97 919.555 929.139 894.196
10188.4 10399 10568.9 10697.1 10745 10816.1 10875.1 10914.2 10933.5 10903.3 10855 10771.3 10686.9 10593.4 10507.3 10427.6 10354.8 10288.6 10229.8 10177.8 10133.2 10094.7 10063.1 10036.5 10015.9 9999.25 9987.46 9978.59 9973.59 9850.27 9601.03 9296.77 8992.51 8682.63 8333.48 7984.33 7676.89 7546.32 7415.75 7239.22 6929.48 6619.75 6336.29 6108.11 5879.94 5607.42 5264.92 4922.43 4609.84 4333.28 4056.72 3901.64 3859.04 3816.44 3746.23 3656.42 3566.62 3247.21 2804.49 2361.77 1890.93 1408.96 926.986 824.433 827.692 830.952 790.352
10265.5 10450.1 10585 10681.9 10724.9 10773.4 10806.6 10828.4 10838.4 10805.8 10760.5 10688.2 10615.9 10532.1 10449.8 10372.7 10301.3 10237.2 10180 10130.7 10088.1 10053.1 10023.8 10001.1 9982.93 9970.2 9960.79 9955.7 9952.81 9898.28 9644.79 9325.63 9006.47 8684.65 8344.29 8003.92 7705.48 7584.81 7464.13 7308.28 7050.45 6792.63 6551.46 6345.31 6139.17 5879.51 5535.38 5191.26 4908.46 4699.57 4490.67 4384.13 4372.36 4360.59 4229.53 4013.8 3798.08 3369.12 2825.65 2282.17 1823.46 1398.32 973.189 848.139 806.776 765.413 727.027
10323.5 10478.9 10577.8 10646.3 10681.6 10714.9 10737.1 10749.4 10750.4 10713.1 10669.7 10605.2 10538.8 10467.2 10387.5 10311.4 10241.4 10178.2 10123.3 10075.9 10036.8 10004.4 9979.37 9959.67 9946.09 9936.34 9931.43 9929.04 9930.34 9933.07 9683.03 9350.87 9018.71 8686.46 8353.55 8020.65 7728.95 7611.94 7494.93 7358.02 7163.44 6968.85 6777 6590.9 6404.8 6155.36 5805.98 5456.6 5206.71 5076.71 4946.7 4893.07 4910.16 4927.24 4718.66 4349.93 3981.2 3435.94 2795.87 2155.8 1729.13 1386.99 1044.85 896.302 801.742 707.183 672.774
10348 10470.5 10541.2 10589.1 10617.6 10640.6 10656.5 10663.9 10661.1 10624.7 10584.1 10524 10461.1 10397.9 10321.3 10244.5 10174 10111.9 10058.2 10013.9 9977.53 9949.7 9928.21 9913.73 9903.81 9899.35 9897.85 9900.45 9904.7 9911.93 9721.27 9376.11 9030.95 8688.26 8362.82 8037.38 7752.41 7639.07 7525.72 7407.76 7276.42 7145.07 7002.55 6836.49 6670.43 6431.22 6076.58 5721.94 5504.96 5453.85 5402.74 5402.02 5447.95 5493.89 5207.79 4686.06 4164.33 3502.77 2766.1 2029.43 1634.79 1375.65 1116.51 944.465 796.709 648.954 618.521
10307.1 10422.1 10479.2 10514.7 10538.5 10554.7 10567.2 10575.3 10572.1 10536.6 10499.6 10446 10383.2 10319.9 10251.9 10170.9 10098.8 10036.2 9984.67 9942.83 9911.11 9887.25 9871.63 9861.6 9857.84 9857.63 9862.03 9868.37 9877.96 9888.29 9606.57 9285.95 8965.32 8646.2 8337.59 8028.97 7756.35 7636.31 7516.28 7399.8 7293.63 7187.46 7070.11 6929.24 6788.38 6576.44 6252.33 5928.23 5732.56 5691.64 5650.72 5631.97 5633.74 5635.52 5321.28 4782.77 4244.27 3599.14 2896.75 2194.36 1772.24 1461.14 1150.05 961.343 806.768 652.193 628.401
10268.9 10375.5 10422.8 10451.9 10473.1 10489.2 10501.7 10507.3 10504.5 10477.7 10445.6 10376.8 10306.5 10238.1 10176 10089.1 10013.2 9950.58 9900.43 9862.88 9835.48 9818.12 9807.86 9804.98 9806.5 9813.24 9822.33 9835 9848.52 9778.26 9471.57 9180.46 8889.35 8598.32 8307.78 8017.24 7757.69 7629.59 7501.49 7384.17 7298.12 7212.06 7116.69 7001.7 6886.72 6704.31 6415.49 6126.67 5950.76 5910.91 5871.06 5824.86 5772.77 5720.69 5384.87 4847.68 4310.5 3699.44 3048.71 2397.98 1940.47 1559.5 1178.53 974.066 818.831 663.597 646.801
10244 10332.8 10357.6 10373.7 10392 10406 10419.2 10430 10436.3 10415.7 10392.8 10309.4 10227.1 10150.9 10083.9 9994.96 9915 9851.6 9804.68 9771.55 9751.26 9740.36 9738.43 9742.14 9751.87 9764.52 9781.1 9798.72 9818.79 9667.45 9336.56 9074.97 8813.38 8550.43 8277.97 8005.5 7759.04 7622.87 7486.7 7368.55 7302.61 7236.67 7163.26 7074.16 6985.05 6832.17 6578.64 6325.11 6168.97 6130.19 6091.4 6017.75 5911.8 5805.86 5448.45 4912.59 4376.73 3799.75 3200.68 2601.61 2108.7 1657.85 1207 986.789 830.895 675.001 665.2
10218.2 10304.7 10325.8 10337.4 10351 10367.3 10377.1 10381.5 10381.9 10356.8 10318.2 10240.7 10142.4 10053.7 9981.06 9884.94 9799.6 9737 9694.11 9668.65 9656.24 9655.23 9661.65 9675.17 9692.37 9713.92 9736.74 9762.1 9787.17 9661.73 9329.6 9069.53 8809.47 8547.97 8276.43 8004.89 7759.11 7622.52 7485.94 7367.74 7302.84 7237.93 7165.66 7077.89 6990.13 6838.77 6587.05 6335.34 6180.23 6141.5 6102.77 6027.69 5918.97 5810.25 5451.73 4915.94 4380.15 3804.92 3208.51 2612.11 2117.38 1662.92 1208.47 987.445 831.517 675.589 666.149
10022.1 10212.9 10320.8 10337.4 10351 10367.3 10375.4 10364.4 10343.3 10305.6 10259.6 10193 10047.5 9941.15 9861.39 9751.95 9662.08 9601.91 9567.12 9551.5 9551.24 9561.08 9579.52 9602.63 9630.52 9659.96 9691.96 9723.6 9756.36 9661.73 9329.6 9069.53 8809.47 8547.96 8276.43 8004.89 7759.11 7622.53 7485.94 7367.74 7302.84 7237.93 7165.66 7077.89 6990.13 6838.77 6587.05 6335.34 6180.23 6141.5 6102.77 6027.69 5918.97 5810.25 5451.73 4915.94 4380.15 3804.92 3208.51 2612.11 2117.38 1662.92 1208.47 987.445 831.517 675.589 666.149
9789.61 9926.11 10040.9 10155.7 10341.8 10350.3 10333.6 10302 10250.3 10192.2 10130.3 10055.9 9913.91 9801.22 9719.76 9585.83 9494.36 9442.19 9420.02 9420.2 9434.75 9459.94 9490.98 9527.18 9565.13 9605.52 9645.39 9686.09 9724.92 9659.35 9328.06 9068.09 8808.12 8546.71 8275.23 8003.75 7757.91 7620.84 7483.77 7365.19 7300.23 7235.26 7163.03 7075.54 6988.04 6837.15 6586.21 6335.27 6180.47 6141.52 6102.56 6027.24 5918.25 5809.26 5451.08 4916.08 4381.07 3805.74 3208.74 2611.75 2116.67 1661.96 1207.25 986.929 831.977 677.025 667.75
9547.16 9659.47 9761.38 9863.29 10010.3 10208.6 10199.8 10153.5 10089.3 10022.4 9957.15 9884.98 9750.68 9630.87 9518.75 9359.84 9287.75 9251.8 9251.46 9273.4 9308.95 9351.41 9398.97 9448.13 9499.26 9549.52 9600.08 9648.29 9695.75 9490.57 9218.93 8965.9 8712.87 8458 8190.24 7922.48 7673.06 7501.44 7329.81 7184.37 7114.84 7045.3 6976.28 6908.35 6840.41 6722.71 6526.45 6330.2 6198.05 6143.15 6088.25 5995.25 5866.96 5738.68 5405.12 4925.88 4446.64 3863.68 3225.02 2586.36 2066.4 1593.46 1120.52 950.346 864.602 778.858 781.307
9304.7 9392.84 9481.88 9570.91 9678.86 9808.27 9918.48 9875.33 9824.95 9768.19 9716.87 9657.54 9573.28 9421.14 9306.08 9131.07 9044.73 9026.37 9059.85 9114.03 9174.99 9239.25 9303.71 9368.89 9432.33 9495.2 9555.01 9613.29 9531.61 9321.79 9109.81 8863.72 8617.63 8369.29 8105.25 7841.21 7588.21 7382.03 7175.85 7003.54 6929.45 6855.35 6789.54 6741.16 6692.78 6608.26 6466.69 6325.12 6215.63 6144.78 6073.93 5963.25 5815.68 5668.11 5359.16 4935.68 4512.21 3921.63 3241.3 2560.97 2016.14 1524.97 1033.8 913.763 897.227 880.69 894.865
9072.33 9137.78 9209.61 9281.44 9350.62 9416.79 9482.96 9474.23 9456.77 9435.64 9419.32 9382.18 9229.06 9135.65 9083.43 8922.24 8733.89 8748.66 8848.22 8946.93 9038.92 9125.44 9209.32 9289.61 9367.82 9441.93 9513.43 9448.55 9298.81 9148.77 8993.56 8756.66 8519.75 8279.67 8017.41 7755.14 7497.8 7261.36 7024.92 6828.62 6748.65 6668.68 6603.82 6570.73 6537.65 6481.5 6388.96 6296.42 6206.3 6119.1 6031.91 5904.74 5740.56 5576.38 5293.69 4926.9 4560.11 3967.67 3254.04 2540.4 1979.9 1480.07 980.239 903.11 943.863 984.616 1008.41
8956.3 9016.29 9020.87 9025.44 8980.28 8925.45 8918.34 8932.81 8965.75 9000.26 9037.93 9032.89 8994.59 8927.68 8807.38 8713.54 8571.9 8386.42 8636.85 8787.41 8907.15 9015.62 9116.97 9214.04 9305.58 9331.76 9256.5 9181.24 9054.26 8926.96 8795.23 8593.43 8391.62 8179.65 7896.66 7613.66 7343.24 7126.11 6908.98 6721.68 6620.8 6519.93 6429.96 6362.94 6295.93 6212.71 6103.93 5995.15 5886.64 5778.45 5670.26 5540.41 5390.49 5240.58 5003.21 4703.76 4404.32 3876.45 3225.89 2575.33 2105.54 1707.35 1309.16 1191.51 1152.1 1112.69 1121.78
8732.48 8626.31 8505.75 8668.02 8362.34 8281.02 8684.93 8811.96 8837.73 8788.04 8615 8646.63 8650.02 8635.09 8594.75 8531.69 8443.04 8411.43 8525.81 8657.9 8787.72 8911.6 9030.32 9112.29 9065.28 9015 8964.47 8913.93 8809.71 8705.16 8596.91 8430.2 8263.49 8079.63 7775.91 7472.18 7188.67 6990.86 6793.04 6614.74 6492.95 6371.17 6256.1 6155.16 6054.21 5943.92 5818.9 5693.88 5566.97 5437.79 5308.62 5176.08 5040.43 4904.78 4712.72 4480.63 4248.53 3785.23 3197.75 2610.26 2231.17 1934.63 1638.08 1479.91 1360.34 1240.76 1235.15
8264.55 8575.06 8663.75 8560.6 8533.23 8591.87 8650.51 8695.38 8728.23 8698.87 8493.17 8070.12 8155.7 8234.01 8438.52 8462.72 8409.46 8290.68 8396.54 8531.41 8673.19 8771.11 8758.39 8753.08 8747.76 8724.31 8699.44 8674.58 8592 8509.07 8422.89 8285.56 8148.22 7987.87 7666.58 7345.3 7050.11 6865.55 6680.99 6507.02 6363.71 6220.41 6081.05 5950.01 5818.97 5688.77 5559.9 5431.03 5293.9 5146.8 4999.7 4868.14 4750.98 4633.82 4483.55 4309.8 4136.04 3740.35 3225.45 2710.56 2413.38 2202.44 1991.5 1789.19 1589.28 1389.37 1370.44
8545.36 8601.3 8615.07 8628.83 8623.45 8596.33 8569.21 8574.97 8609.41 8643.86 8588.21 8414.13 8383.5 8404.81 8462.33 8471.35 8441.19 8397.11 8405.21 8397.21 8560.65 8599 8587.54 8584.28 8581.02 8586.7 8593.08 8599.46 8531.97 8464.03 8391.7 8250.13 8108.56 7944.63 7624.41 7304.19 7005.59 6798.68 6591.77 6394.72 6226.27 6057.82 5898.99 5760.41 5621.82 5513.75 5453.82 5393.89 5294.49 5147.53 5000.56 4891.54 4817.66 4743.77 4614.63 4446.27 4277.92 3967.69 3581.28 3194.86 2927.95 2708.39 2488.82 2221.06 1939.87 1658.67 1634.5
8374.47 8435.71 8566.39 8697.06 8713.66 8600.78 8487.91 8454.56 8490.6 8526.63 8567.82 8612.44 8559.71 8538.7 8534.97 8518.49 8487.09 8451.03 8430.06 8418.9 8450.36 8426.9 8416.69 8415.49 8414.28 8449.1 8486.71 8524.33 8471.94 8418.99 8360.51 8214.7 8068.9 7901.39 7582.24 7263.08 6961.08 6731.81 6502.54 6282.42 6088.83 5895.23 5716.93 5570.8 5424.67 5338.72 5347.74 5356.76 5295.09 5148.26 5001.43 4914.94 4884.34 4853.73 4745.71 4582.75 4419.79 4195.04 3937.1 3679.16 3442.53 3214.34 2986.15 2652.94 2290.45 1927.97 1898.56
8354.19 8304.18 8511.38 8718.57 8755.7 8599.81 8443.91 8385.65 8412.57 8439.48 8463.25 8484.91 8506.58 8499.85 8478.85 8457.86 8457.11 8463.82 8444.67 8398.07 8347.96 8286.47 8280.28 8283.68 8287.08 8342.48 8401.91 8461.33 8421.14 8380.32 8333.3 8188.17 8043.04 7877.16 7566.24 7255.33 6957.69 6716.31 6474.94 6241.45 6030.8 5820.16 5630.32 5484.28 5338.23 5269.25 5321.88 5374.51 5339.53 5199 5058.48 4992.28 4994.92 4997.56 4910.4 4759.5 4608.6 4454.81 4299.45 4144.1 3930.46 3693.74 3457.02 3063.62 2626.53 2189.43 2155.18
8896.65 8299.93 8432.72 8565.51 8617.73 8578.51 8539.3 8509.16 8486.94 8464.71 8468.99 8490.96 8512.93 8498.72 8466.34 8433.95 8420.65 8414.38 8408.1 8366.26 8259.04 8264.42 8272.53 8290.06 8307.59 8351.59 8397.63 8443.67 8404.84 8365.48 8320.96 8194.86 8068.76 7923.92 7648.08 7372.25 7107.98 6892.8 6677.61 6466.97 6269.51 6072.04 5900.36 5782.9 5665.45 5594.17 5595.76 5597.36 5547.8 5436.63 5325.45 5271.17 5269.58 5267.98 5200.68 5086.74 4972.8 4835.71 4686.19 4536.68 4318.85 4073.96 3829.08 3395.09 2908.37 2421.64 2383.96
9207.39 8295.67 8354.06 8412.45 8479.77 8557.22 8634.68 8632.66 8561.3 8489.95 8474.74 8497.01 8519.28 8497.6 8453.82 8410.05 8384.2 8364.94 8345.68 8313.45 8277.91 8242.37 8264.79 8296.45 8328.11 8360.7 8393.35 8426.01 8388.54 8350.64 8308.62 8201.55 8094.49 7970.69 7729.92 7489.16 7258.27 7069.28 6880.28 6692.49 6508.21 6323.93 6170.4 6081.53 5992.66 5919.09 5869.65 5820.21 5756.08 5674.25 5592.42 5550.06 5544.23 5538.4 5490.96 5413.97 5336.99 5216.62 5072.94 4929.26 4707.24 4454.18 4201.13 3726.56 3190.2 2653.85 2612.74
9319.56 8968.21 8704.82 8441.44 8368.36 8511.26 8654.16 8681.41 8607.76 8534.12 8511.29 8522.38 8533.47 8503.44 8452.74 8402.03 8367.25 8338.31 8309.37 8284.96 8261.69 8238.43 8270.69 8311.8 8352.91 8375.5 8396.66 8417.82 8380.92 8343.67 8303.27 8213.05 8122.83 8018.08 7811.74 7605.4 7406.83 7241.2 7075.58 6910.65 6747.77 6584.89 6450.9 6377.71 6304.52 6223.72 6130.92 6038.12 5959.71 5898.63 5837.56 5803.52 5794.51 5785.5 5754.54 5708.01 5661.47 5561.29 5432.3 5303.31 5089.35 4841.73 4594.11 4090.78 3516.15 2941.52 2883.07
9411.33 9529.95 9625.79 8946.05 8326.32 8400.84 8475.36 8534.87 8581.3 8627.73 8628.29 8598.22 8568.15 8527.5 8481.52 8435.55 8401.26 8371.27 8341.28 8319.98 8300.89 8281.81 8312.24 8350.56 8388.89 8405.18 8419.76 8434.35 8395.97 8357.27 8316.16 8237.09 8158.03 8067.12 7893.5 7719.88 7550.84 7401.23 7251.62 7109.59 6989.55 6869.51 6758.75 6667.5 6576.25 6475.36 6359.25 6243.14 6151.22 6088.43 6025.64 5990.55 5981.11 5971.67 5948.4 5915.3 5882.2 5811.31 5720.13 5628.95 5455.06 5248.39 5041.73 4540.6 3957.35 3374.1 3261.92
9594.19 9684.77 9806.71 9450.65 8284.29 8290.42 8296.55 8388.33 8554.84 8721.35 8745.29 8674.06 8602.83 8551.55 8510.3 8469.06 8435.27 8404.23 8373.19 8355 8340.09 8325.18 8353.79 8389.33 8424.87 8434.86 8442.87 8450.88 8411.02 8370.87 8329.06 8261.14 8193.22 8116.17 7975.26 7834.36 7694.85 7561.26 7427.66 7308.53 7231.33 7154.14 7066.59 6957.29 6847.98 6727 6587.58 6448.17 6342.73 6278.22 6213.72 6177.58 6167.71 6157.84 6142.25 6122.59 6102.93 6061.34 6007.97 5954.6 5820.76 5655.06 5489.35 4990.42 4398.55 3806.68 3640.78
