data/map/paleo8.asc
ncols         217
nrows         146
xllcorner     6.39591e+006
yllcorner     1.68973e+006
cellsize      1135.85
NODATA_value  -99999
[rows 30 to 59 of 146, columns 67 to 133 of 217]
17908.3 17931.6 17957.4 17955.5 17938.2 17898.8 17865.1 17824.9 17781.5 17745.4 17715.3 17705.9 17665.9 17619.3 17572.4 17453.4 17340.2 17215.9 17067.9 16974.3 16762.9 16488 16207.6 15927.3 15628.4 14888.9 14556 14231.8 14071.9 13799.9 13566.8 13389.6 13282.3 13186.4 13117.5 13106.4 13108.9 13116.9 13129.5 13144.8 13137 13119.2 13111.1 13115.8 13135 13181.3 13234.6 13302.4 13386.1 13482.7 13585.8 13688.4 13783.3 13864.5 13891.2 13944.4 13911.8 13809.7 13583.2 13319.2 13061.8 12739 12280.6 11788.4 11065.7 10176.3 10076.2
18098.1 18122.1 18150.9 18146.3 18144.4 18119.7 18103.4 18092.8 18081 18072 18066.6 18069.8 18057.8 18044.1 18033.9 18001.1 17909.4 17804.5 17712.1 17650.4 17476.8 17254.2 17008 16727 16394.3 15647.6 15326.2 14948.8 14748.8 14388 14071.5 13791.7 13554.5 13373 13259.6 13164 13152.8 13114.7 13119.1 13153 13155.5 13155.1 13160.2 13175.2 13205.5 13272.4 13343.5 13433.9 13543.6 13666.6 13794.1 13918 14031 14126.3 14158.7 14229.4 14213.8 14154.8 14030.9 13818.1 13510.5 13143.3 12799.9 12386.8 11773.1 11013.7 10529.6
18194.6 18204.8 18209.2 18201.9 18238.1 18224.3 18228.6 18237.2 18243.1 18248.2 18253.3 18261 18259.6 18256.4 18255 18246.1 18142.4 18041.4 17981 17937 17781.7 17589.4 17387.9 17127.7 16812.1 16161.2 15801.3 15413.3 15144.8 14750.8 14406.6 14088.3 13802.4 13561.8 13374.6 13246.3 13226.5 13150.7 13145.7 13179.3 13182.3 13198.8 13210.8 13230.1 13265.4 13341.4 13420.3 13521 13642.8 13778.1 13917.4 14052 14173.5 14274.4 14308.7 14386.2 14378 14329.7 14217.9 14020.5 13731.7 13374.7 13034 12853.2 12363.3 11541.9 10960.2
18376.2 18402.9 18415.8 18424.6 18454.8 18451.9 18489.6 18526.9 18560.3 18589.9 18616.7 18635 18657.8 18678.9 18695.5 18674.7 18521.7 18480.3 18478.3 18464.1 18306.9 18185.7 18103.8 17895.9 17662.5 17110.7 16752.9 16308.4 16047.9 15602.7 15228.9 14836.2 14480.2 14196 13933.7 13622 13497.2 13361.4 13321.5 13317.1 13330.9 13343.5 13353.3 13374 13415 13503.7 13593.7 13710 13851 14007.5 14170.1 14329.2 14471.1 14581.5 14616.2 14694.1 14697.8 14668 14578.9 14414 14170.4 13861.8 13521.4 13307.4 12807.5 12241.7 11710.3
18547.4 18619.3 18656.9 18697.8 18734 18766.5 18799.2 18840.2 18883.3 18927.4 18973 19002.1 19050.2 19098.8 19138.8 19133.6 19061.2 19027.5 19002.3 18963.8 18823.4 18762.9 18715.6 18523.9 18439.5 18123.1 17848.3 17460.5 17218.5 16731.6 16286.8 15833.2 15462.5 15101.9 14755.9 14376.6 14118.2 13890.2 13723.8 13656.7 13620.3 13594.9 13581.5 13593.4 13634.6 13726.4 13817.9 13943.1 14099 14269.1 14450.4 14637.2 14810.1 14932 14961.6 15012.8 15022.5 15007 14935.2 14803.6 14609.4 14355.3 14042.3 13856.6 13451.3 12832.4 12396.1
18635.9 18773.8 18842.4 18935 19010.1 19102.4 19142 19187.7 19238.4 19295 19357.3 19395.6 19463.4 19530.8 19587.8 19641.2 19629.5 19612.4 19578.9 19544.4 19455.8 19382 19301.3 19184 19117.3 18897.9 18753.3 18489.3 18343.7 17966.6 17537.1 17033.5 16596.9 16149.7 15749.5 15349.6 14956 14612 14350.4 14142.9 14034.3 13953.5 13903.2 13898.2 13934.8 14014.9 14107.7 14230.8 14371.5 14532.1 14715.1 14918.1 15134 15308.5 15324.3 15324.1 15328.5 15319.2 15245.4 15149.3 15009.6 14819.1 14566.9 14410 14009.3 13267.5 12895.6
18610.3 18825.7 18930.2 19089.2 19224.3 19414 19484.1 19551.9 19621.8 19697.9 19779.8 19827 19909.8 19985.7 20046.3 20142.8 20162 20158.5 20136.7 20114.9 20058.7 19983.5 19891.4 19791.9 19711.8 19532.8 19416.7 19249.6 19142.8 18895.9 18518.1 18028.3 17503.3 17011.9 16570.5 16138.3 15731.8 15364.2 15073.3 14795 14588.9 14444.2 14341.1 14310.5 14338.3 14386.9 14435.4 14518.9 14628.4 14770.1 14947.5 15149.2 15387.2 15567.8 15641.1 15624.2 15592.4 15529.6 15457.9 15396.9 15330 15206.7 14987.9 14800.6 14443.5 13820.7 13397.4
18478.8 18771 18914.2 19145.9 19349.2 19663.5 19784.8 19894.2 19998.2 20103.1 20208.7 20265.1 20361.6 20441.9 20490.5 20608 20632.3 20628.5 20619.1 20610.5 20586.5 20513.7 20415.4 20314.8 20226.9 20046.2 19942.2 19811.3 19727.4 19549.6 19200.6 18763.6 18287.4 17850.4 17422.6 16984 16551.1 16169.1 15924.1 15649.2 15354.7 15145.5 14952.8 14886.1 14898.8 14850.8 14811.8 14846.3 14925.1 15054.5 15224.1 15397.1 15544.8 15637.4 15644 15624.2 15592.4 15529.6 15457.9 15396.9 15330 15206.7 15037.7 14919.7 14618.2 13820.7 13397.4
18233.7 18629.8 18914.2 19145.9 19349.2 19663.5 19784.8 19894.2 19998.2 20103.1 20208.7 20265.1 20361.6 20441.9 20490.5 20608 20632.3 20628.5 20619.1 20610.5 20586.5 20513.7 20415.4 20314.8 20226.9 20046.2 19942.2 19811.3 19727.4 19549.6 19389.9 19205.4 18962.6 18586.1 18210.3 17809.1 17395.7 16972.7 16516.5 16081.6 15741.6 15488.6 15299.8 15154.7 15043.5 15097.9 15193.2 15261.3 15315.2 15429.9 15589.3 15750.5 15888.4 15967.5 15978.4 15926.5 15846.2 15741.3 15643.2 15559.7 15514.4 15459.5 15381.8 15316.3 15087.3 14386.6 13950.8
18233.7 18629.8 18812.2 19114.4 19382.6 19828.4 20011.8 20174.5 20321.7 20459.6 20587.3 20649.6 20754.3 20847.8 20869.5 21000.7 21017.9 21015.3 21011.9 21007.7 21000.9 20904.1 20825.2 20722.7 20652.3 20468.3 20364.8 20244.7 20170.7 20020.6 19858.5 19678.4 19458.5 19157.9 18854.9 18522.7 18168 17805.6 17432 16933.6 16584.7 16320 16103.5 15919.4 15762.5 15760.5 15801 15820.1 15842.2 15930.7 16064.7 16194.9 16306.5 16366.3 16379 16233.7 16103.1 15967 15845.4 15748.4 15676.3 15622.9 15562.6 15535.5 15278.5 14882.4 14482.8
17975 18420.4 18639.6 19005.7 19327.8 19898.7 20146.6 20365.3 20555.9 20723.3 20865.4 20923.6 21011.8 21090.5 21145.5 21247.9 21326.1 21352.4 21349.9 21336.1 21279.2 21158.9 21075 20989.9 20972.5 20793.6 20692.7 20581.2 20513.9 20379.6 20225.6 20044.6 19843.5 19575.9 19327.1 19064.5 18818.9 18609.3 18423.9 18172.6 17804.2 17487.9 17171.6 16964.8 16800.9 16537.1 16459.5 16487.1 16490.1 16556 16661.9 16754.5 16836.7 16857.8 16811.4 16527 16334.6 16159.4 16014.3 15901.7 15817 15752.4 15693.8 15628.7 15362.4 15112.5 14852.5
17589 18182.3 18425.8 18819 19178 19868 20180.2 20453.4 20683.8 20870.1 21008.6 21059.8 21145.9 21264.7 21369.8 21535.5 21615 21655.4 21654.2 21635 21564.8 21454.5 21339.7 21244 21159.4 20977.7 20909.9 20824.2 20770 20658 20534.6 20390.4 20236.8 20055 19874.6 19651.2 19506.3 19356.2 19225.8 19019.3 18775.6 18570.1 18304.6 18130.5 17884.9 17566.9 17315.2 17193.8 17160.8 17188.2 17245.1 17320.2 17296.7 17194.6 17056.5 16762.6 16502.7 16283.9 16114 15988.9 15897.7 15828.5 15771.5 15615.3 15332 15051.9 14763.4
17111.3 17761.7 18056.2 18516.9 18921.6 19735 20111.9 20440.4 20713.7 20929.2 21066.3 21138.3 21284.2 21437.3 21578.6 21802 21884.9 21931.9 21936.2 21919.1 21855.5 21756.2 21641.5 21529.1 21417.6 21181.2 21063.6 20966.1 20948.2 20862.8 20766.2 20661.2 20545.3 20415.8 20286.5 20084.4 20006.5 19901.4 19755.1 19591.3 19421.5 19248.4 19053.9 18865.8 18652.2 18450.9 18166.4 17999.8 17908.1 17869.3 17879 17806.8 17683.3 17526.2 17338.4 16890.1 16572.1 16315.3 16125.8 15995.4 15907 15842.4 15788.7 15550 15246.5 14943.9 14674.5
16848.9 17515.5 17828.7 18335.7 18765.1 19638.9 20047.1 20404.7 20703.6 20937.2 21106.4 21190.8 21356.2 21524.9 21681.5 21928.7 22015.5 22066.4 22075.3 22060.8 22004 21911.7 21801.4 21684.9 21566.6 21383.9 21249.6 21115.4 21013.7 20948 20863.7 20771.1 20677.4 20584.2 20483.3 20276.8 20215.8 20097.6 19963.3 19819.3 19669.3 19509.8 19332.3 19148.3 18956.9 18736.4 18553.8 18449.4 18381.5 18312.1 18248.9 18177.5 17996.7 17783.7 17543 16909.4 16569.1 16298.5 16104.1 15975.5 15893 15834.5 15758.7 15460.5 15135.3 14829 14562.2
16341.3 16996.3 17336.3 17963 18422.5 19381.2 19839.6 20257.6 20624.2 20920.5 21156.5 21269.1 21473.5 21670.7 21853.4 22142.2 22240.2 22301.6 22323.1 22316 22276.1 22201 22101.5 21988.3 21865.9 21649.7 21503.3 21355.8 21237.5 21126.5 21024 20934 20859.9 20796.8 20723.6 20563.8 20513.6 20417.6 20307.6 20190.2 20065.8 19926.5 19767.3 19592.6 19412.3 19158.9 19001.4 18872.9 18751.8 18600 18420 18258 18115.7 17855.7 17671 16833.1 16460.1 16175.9 15986.1 15872.2 15810.7 15771.5 15680.9 15366.2 15032.4 14705.1 14417.4
15910.5 16457.4 16853.6 17488.1 18095.2 19073.5 19550.3 20030.6 20492.6 20894.3 21196.8 21327.7 21563.8 21786.9 21991.6 22317.7 22430.5 22506.1 22543.4 22545.2 22524.8 22469.4 22385.9 22282.7 22165.1 21928.1 21775.8 21618.6 21488.3 21364.5 21250.5 21133.7 21000.7 20922.2 20903 20790.1 20744.1 20671.9 20583.8 20489.4 20383.6 20260.7 20113.7 19942.1 19752.8 19457.6 19273.5 19093.3 18894.1 18653.3 18381.6 18141.4 18055.3 17752.7 17549.6 16643.6 16248.7 15973 15813.8 15726.3 15695.4 15681.8 15570.2 15267.7 14929.8 14593.3 14313.3
15460.9 15965 16406.8 17066.5 17709.4 18700.4 19182.6 19723.8 20288 20818.8 21180.4 21330.5 21612.4 21865.8 22111.2 22453.4 22584.4 22678 22733.8 22745.1 22745.1 22710.3 22645.1 22556 22448.2 22229.1 22077.2 21915.2 21784.5 21640.6 21514.5 21386 21272.7 21113.7 21036 20929.3 20873.3 20853.9 20780.3 20715.8 20630 20526.7 20394.7 20226.5 20023.3 19677.4 19446.1 19207.4 18944.4 18645.8 18338.7 18138.7 17909.3 17571.3 17356.4 16392.4 15980.7 15742.2 15647.5 15580.9 15575.8 15573.8 15472.6 15161.4 14841.2 14520.5 14236
14979.3 15510.7 15962.1 16637.1 17306.4 18368.5 18777.3 19409 19986.7 20599.9 21091.5 21285.7 21617.5 21900.5 22191.8 22546.7 22699 22814.3 22891 22923.3 22934.9 22918.9 22873.7 22799.9 22704.8 22516.5 22372 22214.3 22077.7 21933.1 21798.5 21659 21533.9 21405.6 21293.7 21120.8 21057.6 20972.6 20907.3 20837.2 20787.1 20714.8 20607.5 20448.6 20232.3 19833.6 19551.7 19260.2 18955.2 18632.8 18306.3 18038.7 17760 17385.1 17158 16214 15806.4 15597.3 15536.1 15495.2 15455.3 15431.8 15388.5 15060.1 14778.8 14441.1 14105.6
14596.9 15081.5 15606.8 16292.2 16977.9 17936.8 18466.7 19156.9 19733.6 20280.5 20916.7 21203.1 21573.8 21914.2 22238.3 22594.3 22771.6 22911.8 23011.3 23066.8 23093 23090.5 23063.8 23008.2 22928 22739.7 22603.6 22452.6 22350.6 22195 22037.6 21893 21758.5 21629.3 21519.6 21373.8 21260.3 21167.2 21065 20967.1 20884.1 20816.3 20753 20606.4 20377.2 19927.2 19597 19260.8 18933 18621.5 18320.2 18011.4 17659.1 17238 16999.3 16074.1 15677.4 15503.1 15430.6 15372.1 15312 15253.9 15190.7 14952.2 14578 14197.4 13852.4
14311.4 14757.6 15265.1 15956.9 16656.5 17514.5 18139.5 18871.6 19468.7 20019.8 20573 21061.6 21487.2 21873.6 22237.5 22592 22798.1 22990 23102.5 23178.8 23220 23228.8 23215.4 23175.2 23111.6 22938 22812.9 22672 22594.4 22451.5 22305.2 22162.4 22028.6 21904.6 21788.1 21575.8 21495.1 21372.7 21262.2 21131.3 21008.2 20825.4 20753 20606.4 20377.2 19927.2 19597 19260.8 18933 18621.5 18320.2 18011.4 17659.1 17238 16999.3 16011.1 15625.7 15503.1 15430.6 15372.1 15312 15253.9 15190.7 14877.2 14483.3 14042.3 13705.3
14088.7 14576.4 14963 15651.5 16365.8 17514.5 18083.6 18576.7 19174.8 19823.1 20573 20914 21418.1 21778.4 22176.9 22592 22800.8 23028.8 23160.7 23254.7 23311.9 23335.2 23337.1 23288.4 23210.1 23106.7 22994.5 22865.9 22744.6 22618.2 22490.5 22352.7 22218.8 22065.6 21925.8 21786.2 21644.4 21498.9 21302.2 21174.2 21051.2 20931.4 20813 20699 20464.2 19962.9 19585.4 19205.3 18858.1 18573.4 18325 18008.5 17596 17132.6 16885.9 15966.1 15624.9 15455.7 15350 15255.3 15159 15059.2 14952.5 14848.1 14454.3 14037.2 13672.2
13923.6 14239.3 14714.3 15394.7 16117.2 17110.6 17703.8 18309.6 18904 19454.3 20103.4 20599.2 21180.9 21620.8 22087.4 22532.1 22785.3 23039 23189.3 23300 23372 23408.5 23424.1 23390.7 23326.9 23237.4 23137.7 23021.1 22909.1 22791.2 22670.9 22539.9 22410.7 22258.3 22116.9 21972.8 21823.1 21666.5 21529.1 21373.1 21202.5 21054.3 20905 20761.3 20516 19959.9 19534 19102 18716.5 18445.8 18283.4 17977.2 17517.4 17037.1 16794.1 15931.1 15633.2 15466.2 15311.7 15160.3 15012.9 14866.3 14716.3 14639.2 14479.1 14099.6 13759.3
13802.2 14084.4 14552.9 15201.1 15979.6 16710.6 17391.1 18038.9 18622.5 19156.7 19724.9 20302.3 20859.3 21405.6 21928.7 22401.2 22719.5 23002.7 23174.5 23304.6 23393.5 23444.6 23475.5 23458.7 23411 23337.2 23251.4 23148.4 23046.8 22938.6 22827.1 22704.8 22582.3 22433.7 22293.9 22148.4 21994.4 21830.2 21682.2 21516 21346.7 21175.3 21020 20820.6 20541.9 19971.1 19505.5 19025.9 18601.4 18266.9 18109 17796.9 17372.8 16923.4 16699.2 15945.1 15702.3 15526.7 15299.3 15081.8 14879.3 14687.1 14497.1 14402.1 14209.4 13837 13681.4
13667.3 13883.2 13893.3 14412.6 15720.8 16498.3 17151.1 17673.5 18238.9 18767.4 19326.1 19909.5 20496.7 21118.1 21683.2 22313.1 22607 22920 23121 23277.9 23390.3 23461.9 23514.1 23520.7 23495.3 23443 23376.5 23292 23204.5 23109.4 23009.7 22899.1 22786.3 22644.2 22507.8 22362.5 22204.9 22033.2 21873.6 21690.5 21498.7 21301.7 21088.8 20877 20574.2 20001.1 19515.6 19008.4 18554.8 18238.9 18007.6 17691.3 17290.9 16866.5 16655.1 15960.3 15737.9 15543.3 15294.4 15047.6 14820.4 14608.5 14402.2 14299.8 14094 13700.7 13537
13622.3 13664.7 13537 13888 15299 16174.7 16651 17205.6 17813.8 18355.6 18909.1 19489.5 20088.6 20730.8 21370.7 22044.1 22406.7 22773.9 23004.8 23190.7 23329.2 23424.3 23501 23534.5 23534.8 23507 23462.3 23398.6 23326.6 23245.8 23159.1 23061.6 22960 22827.3 22697.5 22555.9 22399 22224.3 22057 21861.7 21651.9 21431.6 21197.9 20886.6 20649.5 20059.3 19555.3 19016.8 18521.2 18143 17830.1 17494.1 17129.1 16744.2 16554.2 15946.2 15750.2 15546 15259.9 14969.2 14701.8 14457.3 14226.5 14114.3 13891 13474 13304.6
13600.9 13616.4 13560.7 13448 14504.5 15340.3 16173.2 16653 17315.8 17894.4 18465 19048.3 19677.2 20351.3 21033.9 21694.3 22181 22567.7 22827.3 23041.9 23208.4 23329.7 23434.6 23499.4 23529.3 23529.6 23509.5 23468.8 23413.7 23348.4 23275.5 23192.1 23103 22982 22861.3 22726.5 22574 22400.9 22230.7 22028.4 21806.3 21568.4 21318 20999.7 20678 20176.1 19670.5 19108.5 18566.1 18124.2 17763.4 17415.7 17053.4 16669.9 16474.2 15891.9 15685.5 15376.6 15122.5 14886.3 14597.4 14332.5 14088.5 13972.4 13745.8 13335 13176.5
13612.6 13639.1 13641.6 13648.9 13760 14391.7 15251.3 16142.6 16902.8 17306.6 17912.9 18516.8 19183.2 19887.1 20610.5 21321.4 21868.3 22280.6 22575.3 22823.4 23021.9 23174.2 23313.3 23416.5 23482.4 23516.7 23526.2 23513.1 23478 23430.7 23373.9 23307 23232.4 23125.8 23016.8 22892 22747.4 22579.8 22410.4 22206.1 21977.2 21728.3 21467.2 21149.4 20795.7 20387.2 19915.1 19302.2 18683.6 18196.5 17816.3 17451.3 17070.3 16668.7 16457 15840.5 15563.3 15239.8 14982.8 14701.8 14388.6 14236.6 14083.6 13882 13662.2 13274.9 13182.1
13514.6 13675.5 13717.2 13746 13768.5 13659.2 14333.8 15193.2 16176.1 16923.9 17551.1 17944.4 18662.8 19392.7 20305.9 20915.1 21493.5 21926.2 22259.1 22544.7 22778 22962.9 23139.6 23284 23389 23460.1 23501.7 23518.6 23505.1 23477.1 23437.2 23387.7 23328.4 23237.8 23142.6 23030.3 22897.1 22739.5 22576.4 22377.3 22151.2 21902.9 21641.4 21333.9 21003 20621.7 20172.6 19662.9 19156.3 18419.3 18017.2 17635.4 17222.3 16772.7 16535.2 16029.8 15647.7 15289.8 15037.4 14768.3 14460.3 14189 13950.5 13847.1 13644.3 13287.7 13191.1
13209 13399.1 13643.8 13816.3 13908.9 13986.4 14238.8 14341.7 15254 16137.3 16886.5 17289.7 18105.7 18865.4 19664 20386 21059.5 21509.3 21883.5 22211.1 22483.5 22703.5 22916.9 23103.9 23249.5 23359.6 23435.2 23484 23493.8 23486.5 23464.7 23433.5 23390.3 23317.1 23237 23139.4 23020.6 22877.2 22725.1 22537.7 22322.5 22083.1 21829 21538.1 21232.7 20884 20467.3 19980.8 19474.9 18955.8 18336.9 17947 17510.5 17003.7 16626.9 16174.9 15755.5 15366.7 15114.9 14857.7 14555.5 14297.7 14071.8 13864.3 13679.3 13350.2 13202.3
13108.1 13215.1 13370.9 13581 13968 14139.2 14293 14415.4 14517.1 15343.4 16178.4 16657.7 17415.7 18306.8 19119.8 19878.1 20572.7 21024.7 21434.9 21804.3 22118.9 22381.1 22638.2 22871.7 23059.9 23210.9 23322.2 23405.1 23440.2 23455.5 23453.3 23443.2 23418 23362.9 23298.2 23215.5 23109.4 22978.9 22837.5 22662.3 22459.4 22232.3 21988.7 21714.3 21432.5 21114 20815.4 20377.8 19765.4 19237.8 18718.9 18324 17875.8 17352.2 16801.6 16286.8 15821.9 15414.3 15164.7 14922.7 14624 14373.1 14147.9 13920.2 13709.2 13398.2 13215.1
