data/map/pico4.asc
ncols         217
nrows         146
xllcorner     6.39591e+006
yllcorner     1.68973e+006
cellsize      1135.85
NODATA_value  -99999
[rows 60 to 89 of 146, columns 67 to 133 of 217]
911.519 918.437 918.684 913.642 909.661 943.713 898.042 778.534 858.178 852.948 865.329 882.542 917.086 1003.4 1137.93 1281.35 1455.8 1651.43 1827.74 1956.55 2080.99 2174.26 2228.75 2266.28 2326.26 2379.04 2433.05 2515.72 2600.59 2684.52 2771.21 2854.68 2910.38 2957.5 2973.06 2977.21 2986.02 2998.71 2987.29 2960.29 2927.52 2879.97 2813.06 2756.97 2697.24 2627.11 2542.71 2457.24 2355.11 2206.31 2057.57 1918.63 1790.55 1686.45 1604.36 1541.63 1482.33 1418.73 1363.39 1336.92 1288.82 1246.14 1204.24 1151.9 1099.64 1049.86 971.032
849.932 858.798 868.833 860.573 862.329 766.599 765.997 784.125 791.166 810.496 814.569 822.297 852.341 920.401 1042.41 1177.25 1332.08 1502.59 1684.64 1816.5 1948.45 2068.64 2159.81 2205.58 2265.44 2317.13 2363.92 2430.86 2508.96 2585.17 2671.47 2756.18 2812.35 2855.07 2877.61 2889.65 2910.62 2944.73 2950.91 2931.8 2916.2 2888.74 2832.69 2921.01 2790.29 2706.36 2613.91 2513.97 2411.41 2252.79 2086.37 1943.85 1822.89 1708.19 1623.94 1566.57 1502.52 1435.86 1379.75 1352.39 1307.29 1272.2 1231.98 1175.55 1116.81 1053.4 964.954
775.864 776.865 785.212 773.927 778.072 765.782 767.065 767.412 767.412 787.17 795.239 800.571 832.599 887.147 990.022 1108.37 1237.33 1371.51 1537.83 1671.05 1804.02 1937.56 2048.03 2103.18 2161.33 2213.37 2266.31 2335.27 2404.39 2471.5 2544.19 2619.66 2676.8 2733.21 2767.47 2794.07 2826.36 2873.35 2888.14 2882.78 2886.89 2883.81 2847.15 2823.84 2814.18 2769.05 2675.5 2563.56 2454.55 2292.52 2110.67 1964.54 1847.86 1732.67 1648.61 1596.43 1529.93 1463.27 1403.67 1372.88 1330.8 1297.02 1256.27 1201.77 1137 1064.35 967.939
684.244 670.817 708.366 724.82 764.083 767.402 767.413 767.412 767.426 784.627 794.274 805.728 845.018 890.275 974.011 1070.8 1174.58 1264.79 1407.43 1528.72 1655.51 1784.08 1906.93 1969.18 2024.33 2067.98 2117.74 2183.66 2246.43 2315.96 2386.16 2457.25 2515.87 2574.76 2613.52 2653.32 2694.12 2752.07 2782.71 2802.75 2823.2 2839.46 2826.51 2826.79 2825.78 2919.12 2717.93 2606.78 2495.88 2341.47 2157.3 2007.78 1888.21 1771.74 1681.89 1627.34 1560.68 1495.47 1435.59 1402.44 1368.67 1334.1 1292.8 1240.35 1167.29 1080.37 975.818
616.516 609.787 558.81 567.554 641.88 766.932 767.413 767.412 771.023 775.783 775.783 820.346 867.421 915.607 991.335 1064.46 1134.06 1189.23 1289.86 1382.95 1496.74 1622.26 1746.11 1820.94 1880.65 1917.9 1962.81 2022.92 2077.04 2141.97 2212.67 2282.53 2348.3 2418.76 2476.11 2530.95 2583.14 2651.26 2697.58 2729.23 2760.16 2791.63 2792.23 2801.39 2805.5 2788.56 2727.88 2625.82 2521.82 2388.59 2208.54 2059.73 1935.46 1817.05 1714.82 1657.21 1590.65 1526.06 1465.58 1428.41 1399.86 1369.58 1335.14 1285.49 1207.19 1109.22 992.855
575.077 575.077 559.015 574.132 574.427 623.397 623.718 731.188 775.783 744.257 785.301 824.704 876.242 925.895 990.19 1047.34 1097.8 1129.23 1193.75 1259.64 1337.62 1436.99 1559.33 1643.04 1710.4 1763.76 1814.13 1866.84 1911.93 1970.12 2037.75 2113.55 2190.94 2281.77 2361.93 2433.45 2492.88 2564.54 2616.03 2653.18 2691.13 2735.31 2747.91 2764.94 2774.67 2768.59 2721.7 2655 2548.91 2427.57 2248.38 2093.69 1959.05 1837.26 1731.93 1677.64 1616.81 1558.19 1497.11 1457.66 1433.11 1402.96 1373 1331.14 1254.12 1147.83 1024.13
583.226 583.318 584.68 575.232 574.427 574.427 577.973 582.797 681.343 719.239 767.468 812.857 866.108 918.042 974.508 1023.49 1067.96 1098.1 1136.55 1183.47 1242.74 1313 1400 1482.65 1550.43 1577.23 1662.96 1731.62 1776.27 1833.91 1895.28 1965.33 2046.62 2151.92 2248.16 2336.96 2409.48 2483.86 2536.68 2579.75 2625.72 2677.44 2698.36 2717.83 2731.9 2735.26 2712.32 2727.88 2620.66 2531.09 2306.36 2138.84 1990.61 1862.04 1750.43 1685.89 1638.21 1593.56 1542.66 1509.14 1493.68 1465.82 1438.87 1403.14 1329.25 1217.23 1085.82
581.752 584.253 586.688 586.661 591.664 591.664 582.797 623.875 655.983 699.149 752.996 804.46 855.652 897.381 944.302 983.98 1019.2 1051.4 1087.15 1118.1 1159.8 1212.04 1277.67 1365.14 1443.05 1586.89 1565.12 1639.82 1685.08 1737.81 1799.2 1867.54 1945.66 2040.57 2149.97 2251.28 2337.92 2423.69 2488.52 2533.31 2581.24 2634.83 2656.13 2673.45 2688.47 2699.11 2693.5 2664.26 2670.83 2539.03 2453.53 2244.12 2035.88 1906.34 1781.19 1704.54 1661.64 1622.59 1576.41 1548.22 1540.75 1522.59 1506.21 1479.79 1419.98 1302.48 1163.35
587.389 590.586 593.671 597.028 599.398 600.067 600.577 607.001 633.014 670.461 726.05 778.559 826.513 865.004 901.064 927.624 958.62 994.053 1029.54 1063.44 1099.37 1139.78 1190.75 1276.93 1365.42 1586.89 1519.63 1607 1660.23 1706.99 1761.76 1833.54 1905.46 1992.4 2104.01 2213.56 2303.89 2397.41 2472.36 2519.82 2563.07 2610.19 2624.86 2635.68 2648.59 2662.33 2667.94 2657.56 2727.88 2549.28 2453.96 2308.54 2100.48 1968.41 1836.52 1743.68 1692.84 1651.29 1606.46 1579.88 1575.26 1567.11 1561.3 1544.08 1503.19 1389.58 1243.87
590.943 594.603 598.897 603.542 607.035 608.67 608.647 607.85 626.427 655.632 702.758 747.346 791.377 826.011 859.162 876.591 911.437 958.542 999.153 1033.36 1067.29 1092.2 1121.72 1193.25 1272.78 1368.61 1459.12 1562.42 1633.98 1695.16 1742.45 1815.07 1880.94 1958.85 2059.11 2173.48 2265.1 2361.83 2445.98 2507.88 2551.89 2594.11 2608.58 2613.49 2620.62 2631.39 2640.82 2637.1 2701.61 2708.27 2453.92 2453.92 2244.23 2047.96 1910.96 1792.37 1728.26 1684.73 1639.12 1612.84 1609.89 1604.58 1602.5 1594.26 1571.54 1467.07 1328.64
595.391 599.825 604.617 609.554 613.948 615.752 615.738 615.756 628.011 645.131 677.667 714.523 750.943 783.115 817.814 839.806 875.157 929.385 976.606 1018.37 1059.62 1084.63 1094.44 1147.28 1208.57 1299.02 1394.49 1509.53 1600.16 1680.41 1736.19 1808.14 1875.17 1941.44 2025.32 2123.65 2204.86 2291.82 2378.39 2454.49 2508.52 2557.61 2582.16 2590.54 2594.1 2602.6 2610.67 2609.25 2626.81 2622.82 2516.6 2500.74 2351.74 2124.84 1986.4 1843.36 1767.08 1722.03 1675.43 1645.44 1640.01 1637.44 1636.8 1632.28 1619.75 1525.37 1397.18
599.663 603.614 608.155 613.025 617.74 620.2 622.018 623.812 630.552 640.106 663.957 692.375 720 748.854 781.394 803.154 838.798 895.576 950.084 999.307 1047.32 1077.79 1088.08 1121.97 1164.64 1236.02 1323.12 1430.86 1529.08 1628.4 1709.25 1794.96 1867.78 1930.19 1997.34 2072.46 2130.7 2199.19 2283.99 2367.36 2428.95 2487.7 2527.66 2542.7 2543.86 2544.5 2543.84 2541.01 2571.83 2543.68 2716.48 2587.73 2591 2133.21 2000.47 1861.08 1777.2 1727.6 1679.79 1648.71 1642.99 1641.74 1641.76 1641.8 1635.87 1551.83 1439.92
602.533 605.719 610.366 615.469 620.061 623.268 625.934 627.749 629.686 633.512 649.514 669.282 689.046 718.957 749.878 772.612 811.805 868.59 925.846 981.516 1035.14 1069.31 1086.05 1101.41 1124.93 1177.26 1245.47 1334.62 1432.23 1539.17 1630.77 1724.38 1812.47 1884.21 1946.68 2012.67 2064.1 2110.99 2178.97 2249.58 2318.32 2384.56 2419.76 2431.38 2439.67 2428.26 2414.73 2408.5 2516.74 2472.8 2535.44 2543.62 2567.44 2194.64 1964.76 1840.44 1761.86 1710.37 1672.46 1644.83 1642.12 1641.75 1641.78 1640.49 1641.6 1577.32 1483.84
603.927 607.374 611.746 616.622 621.503 625.345 628.545 631.018 633.387 636.724 644.568 655.734 669.747 700.293 732.485 763.711 806.65 860.862 912.245 967.381 1020.25 1058.33 1081.99 1091.32 1095.4 1128.26 1177.8 1242.87 1332.02 1440.32 1539.11 1631.47 1723.72 1790.24 1838.56 1885.97 1932 1967.86 2013.63 2075.08 2142.05 2203.67 2241.02 2269.8 2286.6 2267.93 2243.53 2225.25 2296.53 2314.56 2450.17 2218.01 2082.06 1951.37 1854.29 1780.11 1720.98 1682.42 1655.51 1635.51 1636.75 1639.38 1642.14 1647.01 1655.11 1610.15 1546.27
604.492 608.189 612.405 617.086 621.955 625.954 629.883 633.341 636.044 638.111 638.546 642.195 651.208 682.983 717.591 757.671 803.309 853.653 899.161 953.764 1005.44 1048.09 1079.76 1093.17 1094.83 1108.79 1139.04 1179.09 1243.08 1335.37 1439.48 1530.13 1626.71 1697.99 1740.51 1765.82 1794.32 1810.44 1830.6 1869.13 1933.62 2002.41 2050.43 2089.51 2114.33 2094.2 2061.67 2107.8 2107.85 1866.27 1792.3 1792.13 1792.02 1665.45 1824.7 1616.79 1669.48 1642.34 1628.11 1618.01 1623.08 1636.53 1650.67 1671.09 1696.48 1685.89 1657.51
602.784 606.152 610.292 615.332 620.289 625.09 630.232 634.389 637.045 640.004 641.427 640.8 645.314 675.947 711.226 750.87 798.378 844.804 883.456 935.506 986.801 1031.24 1071.03 1092.69 1095.67 1096.1 1107.19 1127.49 1162.04 1228.25 1324.66 1413.72 1509.27 1588.99 1635.72 1657.29 1679.79 1685.92 1690.4 1707.11 1760.99 1818.69 1858.77 1895.78 1925.37 1901.57 1869.89 1601.92 1601.92 1586.81 1585.25 1585.25 1716.21 1564.24 1577.13 1583.31 1601.02 1593.08 1588.91 1588.58 1597.16 1624.97 1664.14 1710.31 1773.1 1811.09 1817.91
600.373 603.439 607.359 612.159 617.184 622.376 627.778 632.422 636.204 640.329 643.03 644.18 648.5 675.549 708.187 744.525 788.113 832.845 867.81 920.407 973.848 1020.82 1062.76 1091.59 1095.96 1095.79 1095.58 1099.69 1116.23 1160.06 1237.25 1316.82 1407.24 1483.76 1532.03 1553.07 1576.46 1580.94 1577.76 1574.81 1612.17 1653.28 1680.04 1711.12 1744.73 1726.15 1613.75 1601.92 1595.35 1585.68 1585.25 1585.25 1547.33 1532.35 1542.24 1546.01 1547.96 1572.09 1548.33 1552.29 1568.95 1610.12 1682.81 1767.51 1870.48 1952.37 1998.89
599.512 600.812 603.805 607.467 612.1 617.06 622.707 628.819 634.309 639.697 644.235 647.169 652.734 676.486 702.664 733.406 773.434 817.273 848.843 901.449 952.295 997.983 1039.64 1075.09 1085.06 1091.43 1093.73 1098.97 1094.41 1123.78 1188.84 1258.19 1335.26 1403.2 1445.98 1459.71 1474.56 1480.45 1472.67 1462.95 1475.29 1492.06 1520.3 1554.29 1586.78 1582.66 1601.92 1601.66 1592.2 1585.25 1584.05 1550.27 1532.34 1532.34 1532.34 1532.34 1534.55 1537.37 1483.11 1483.37 1484.2 1524.25 1716.34 1843.75 1980.33 2128.03 2431.04
605.873 602.425 600.91 603.055 606.85 611.652 617.363 624.25 631.27 638.081 644.278 649.421 654.37 670.625 689.067 710.8 745.783 791.271 827.989 879.595 929.845 970.151 1001.7 1032.12 1049.1 1063.32 1095.19 1080.46 1079.89 1100.43 1156 1218.14 1296.41 1375.24 1422.6 1438.38 1448.37 1436.89 1419.66 1394.64 1391.24 1396.13 1415.75 1432.18 1462.27 1554.68 1506.74 1484.37 1535.91 1585.25 1553.79 1532.34 1532.34 1532.34 1532.34 1532.34 1494.05 1461.69 1449.91 1454.64 1497.94 1593.96 1739.61 1895.41 2090.55 2248.35 2328.04
621.377 613.193 607.012 604.529 604.604 606.537 612.17 619.431 627.23 635.37 642.822 648.765 652.632 661.811 672.819 686.519 717.749 766.022 807.143 857.271 906.728 941.509 962.597 986.923 1004.22 1019.86 1081.53 1079.89 1049.43 1076.22 1129.91 1185.24 1261.1 1344.23 1390.5 1407.91 1417.56 1401.26 1374.59 1345.27 1327.59 1316.64 1319.38 1325.16 1355.09 1286.27 1351.16 1342.25 1367.7 1388.95 1532.34 1532.34 1508.16 1507.01 1502.59 1494.65 1454.85 1447.55 1441.66 1447.1 1478.19 1575.29 1736.54 1983.18 2173.2 2321.57 2392.19
640.731 631.412 621.861 614.505 609.767 606.938 608.714 614.642 623.188 631.402 639.72 646.11 650.581 655.467 660.102 667.151 697.767 747.371 793.219 843.461 890.892 917.609 927.374 941.004 954.05 913.973 1055.7 1071.77 1016.04 1052.6 1109.19 1166.64 1235.2 1310.26 1342.98 1358.03 1367.15 1350.44 1317.76 1279.64 1247.61 1228.42 1222.5 1223.14 1240.94 1264.4 1307.27 1342.25 1342.25 1342.25 1342.25 1441.69 1469.09 1481.59 1447.03 1435.5 1433.78 1430.34 1426.82 1441.35 1486.19 1581.35 1745.59 2047.91 2186.86 2303.34 2384.71
557.899 651.24 641.037 630.042 620.498 612.812 610.215 612.019 619.441 627.527 636.191 642.924 647.962 651.071 652.809 656.018 681.927 723.602 771.455 818.238 860.815 882.544 889.686 892.648 901.159 873.25 884.122 909.431 984.48 1021.57 1068.39 1125.48 1175.86 1240.81 1270.1 1292.04 1308.55 1292.33 1250 1206.35 1166.07 1145.83 1133.79 1143.28 1165.08 1199.68 1269.9 1342.25 1342.25 1342.25 1342.25 1325.55 1321.79 1382.09 1411.17 1414.45 1416.09 1416.1 1410.5 1423.19 1467.01 1584.2 1788.17 1990.96 2145.52 2294.33 2350.79
504.934 520.324 661.669 650.648 638 625.642 618.168 614.854 617.53 624.18 633.01 640.443 646.62 650.779 653.191 654.739 673.635 706.212 752.371 796.309 837.695 858.937 863.142 855.593 843.686 837.304 817.356 799.532 921.956 997.383 1036.24 1104.59 1139.21 1188.99 1211.03 1229.43 1237.07 1216.94 1173.31 1134.19 1086.08 1063.11 1070.34 1104.22 1126.99 1156.74 1179.27 1288.31 1342.25 1342.25 1330.3 1294.32 1298.92 1308 1370.75 1392.72 1393.43 1393.08 1388.59 1399.87 1441.73 1669.92 1855.55 1977.47 2109.88 2254.95 2302.8
458.015 462.94 658.642 671.845 658.96 643.271 631.415 623.294 621.238 623.753 631.266 639.009 646.012 651.153 654.604 657.033 670.135 693.184 737.542 778.982 817.782 842.29 853.138 847.682 828.944 821.222 799.329 799.329 885.708 968.326 1008.33 1051.32 1066.19 1100.11 1133.48 1161.48 1163.59 1149.24 1101.75 1064.99 1015.45 1008.62 1014.05 1067.75 1101.45 1124.34 1149.54 1255.93 1292.98 1313.4 1228.85 1228.85 1237.41 1241.9 1271.65 1349.47 1346.15 1346.17 1342.39 1352.93 1314.48 1490.25 1715.22 1958.86 2087.44 2230.78 2276.11
406.804 409.502 658.642 688.117 678.054 664.349 649.442 636.962 630.441 628.29 631.705 638.703 646.004 651.625 656.26 659.291 666.292 681.133 718.943 750.625 783.002 872.244 838.34 821.454 801.296 799.329 799.329 799.329 837.621 946.585 983.229 999.23 1012.93 1037.68 1074.59 1109.82 1111.83 1083.31 1018.95 993.755 973.352 968.373 974.97 1005.36 1074.14 1106.37 1132.18 1160.76 1239.62 1236.18 1228.85 1228.85 1228.85 1232.66 1234.98 1222.95 1219.09 1222.4 1222.19 1232.93 1268.93 1365.94 1658.23 1853.33 2046.73 2197.71 2264.44
351.416 408.403 658.642 696.72 690.545 681.195 669.671 655.951 645.159 638.634 632.82 639.038 643.847 649.292 654.593 657.409 658.439 665.831 694.741 715.112 873.593 835.764 823.995 811.579 799.329 799.329 799.329 799.329 861.479 950.873 955.02 967.825 976.359 991.167 1035.85 1080.21 1004.47 993.396 971.603 956.1 942.223 942.813 938.797 954.328 1066.78 1095.67 1120.67 1146.62 1222.75 1229.53 1230.25 1228.85 1228.85 1228.55 1209.98 1203.2 1204.59 1206 1205.2 1209.86 1234.35 1326.14 1638.16 1759.28 1883.1 2206.02 2283.09
290.615 293.978 488.106 701.287 699.067 694.135 686.581 676.604 663.534 627.389 633.022 641.692 642.723 646.615 649.972 651.034 650.859 654.847 671.311 686.111 702.789 647.677 726.012 597.736 597.736 797.141 797.141 797.141 785.416 886.013 937.472 944.341 947.349 952.499 942.747 943.165 941.467 932.451 923.688 921.544 916.352 907.367 922.099 938.274 1032.07 1091.24 1113.67 1214.05 1222.72 1227.52 1228.69 1228.5 1228.79 1211.5 1198.94 1198.92 1198.75 1198.59 1198.52 1201.25 1217.49 1277.2 1660.84 1753.06 1845.5 2146.86 2283.09
224.67 229.615 235.965 391.375 558.9 701.856 698.414 692.397 716.825 666.706 633.022 646.388 640.825 638.824 640.836 642.933 645.363 642.553 648.158 660.663 656.324 649.758 597.736 597.736 597.736 689.031 797.141 797.141 772.474 873.119 924.797 928.511 926.609 843.691 900.302 903.256 901.555 896.571 810.585 832.354 890.342 897.025 911.185 927.652 953.561 1091.61 1163.83 1218.49 1225.06 1228.25 1228.85 1228.85 1207.77 1198.53 1198.53 1198.53 1198.53 1198.53 1198.53 1198.53 1198.53 1277.2 1559.81 1748.04 1805.91 1861.59 2124.29
150.298 160.05 170.216 181.612 223.72 381.497 542.074 715.269 719.081 720.623 654.793 654.128 645.047 632.82 631.174 628.945 629.142 628.187 625.753 614.052 613.758 604.354 602.835 597.736 597.736 639.537 782.13 569.135 757.927 766.956 766.956 835.996 795.452 758.388 744.843 732.603 730.934 691.91 691.91 691.91 831.539 906.197 906.197 906.197 925.456 1102.24 1199.73 1228.85 1228.85 1228.85 1225.13 1225.45 1199.01 1198.53 1198.53 1198.54 1197.8 1196.13 1193.42 1198.53 1197.66 1265.08 1516.11 1516.11 1774.16 1784.73 2064.29
76.9014 90.0723 103.237 117.151 132.588 151.729 261.398 540.682 720.623 720.623 720.623 663.015 649.181 632.225 624.078 619.738 618.164 616.904 611.87 596.679 576.721 589.167 591.824 594.815 597.736 575.647 557.928 557.928 623.078 766.956 766.412 741.956 727.576 723.297 691.91 691.91 691.91 691.91 691.91 691.91 772.279 906.197 906.197 906.197 925.456 1102.24 1102.24 1228.85 1228.85 1210.49 1213.24 1200.64 1197.27 1198.35 1198.38 1197.01 1193.21 1187.45 1179.66 1176.31 1184.33 1242.24 1410.71 1504.61 1627.51 1795.91 2023.98
