data/map/pico4.asc
ncols         217
nrows         146
xllcorner     6.39591e+006
yllcorner     1.68973e+006
cellsize      1135.85
NODATA_value  -99999
[rows 0 to 29 of 146, columns 0 to 66 of 217]
-490.971 -1544.16 -1615.45 -1279.53 -1149.15 -956.053 -915.442 -1194.57 -1094.93 -1305.99 -1044.95 -875.643 -1074.35 -1108.56 -1154.32 -1243.4 -957.924 -1043.61 -962.991 -660.265 -782.204 -706.151 -928.222 -702.335 -1002.72 -861.825 -770.826 -619.385 -672.909 -617.377 -565.172 -522.103 -508.632 -457.343 -482.118 -462.393 -433.494 -449.034 -402.754 -388.587 -374.727 -335.446 -311.816 -270.362 -226.54 -210.282 -211.397 -224.623 -196.857 -151.972 -106.987 -61.5564 -15.4839 31.2878 78.697 126.582 174.703 205.202 225.77 253.39 287.771 327.277 369.625 412.656 454.759 494.914 532.541
-1624.11 -1486.48 -1612.97 -1353.44 -1152.56 -1065.03 -863.385 -839.475 -785.003 -1026.92 -1215.95 -945.748 -800.231 -1086.92 -1162.56 -1015.24 -966.335 -968.104 -803.529 -679.389 -683.665 -678.809 -788.039 -782.863 -701.459 -762.444 -656.393 -512.516 -578.339 -520.298 -501.259 -506.29 -486.996 -423.539 -421.076 -441.42 -406.844 -380.555 -350.822 -343.833 -315.01 -287.892 -258.689 -231.607 -195.043 -190.435 -195.686 -207.971 -216.731 -231.185 -107.456 -62.2555 -16.2483 30.5845 78.1587 126.287 174.707 199.151 218.718 246.629 282.646 324.436 368.941 413.585 456.707 497.44 535.387
-1832.97 -1442.85 -1445.19 -1646.73 -1553.33 -1377.21 -911.27 -633.541 -1031.69 -695.005 -951.224 -836.464 -670.549 -1000.87 -1025.73 -740.767 -890.598 -706.677 -746.248 -747.258 -572.332 -606.13 -823.824 -766.232 -612.619 -679.415 -568.775 -530.891 -527.503 -484.782 -505.509 -481.913 -456.043 -408.136 -397.198 -377.742 -370.905 -354.434 -327.891 -301.477 -275.059 -248.608 -222.65 -195.705 -179.786 -177.183 -184.707 -191.395 -195.914 -152.514 -108.553 -63.6975 -17.786 29.1918 77.0923 125.693 174.685 186.424 203.32 231.764 271.745 318.882 368.118 416.036 461.045 502.752 541.215
-1646.25 -1372.23 -1313.82 -1595.82 -1539.07 -1449.19 -914.107 -777.562 -872.238 -702.259 -911.557 -813.443 -637.128 -822.895 -886.821 -695.918 -809.702 -677.342 -654.581 -876.18 -621.234 -604.53 -627.834 -577.807 -600.806 -605.79 -496.126 -476.982 -498.142 -453.872 -432.216 -433.361 -395.868 -406.341 -370.971 -354.465 -337.812 -328.013 -301.477 -278.59 -254.822 -229.168 -199.612 -183.092 -170.597 -170.546 -171.482 -178.145 -184.852 -153.513 -110.574 -66.2664 -20.4667 26.7709 75.2471 124.646 164.425 165.816 176.375 205.363 253.689 311.227 368.612 421.396 468.685 511.308 550.221
-1510.79 -1419.14 -1310.92 -1493.29 -1577.1 -1348.34 -1358.56 -855.892 -564.034 -857.183 -676.593 -841.709 -755.937 -571.196 -678.822 -715.018 -614.538 -732.928 -587.586 -798.678 -707.287 -511.442 -541.881 -516.328 -527.935 -518.537 -452.692 -422.621 -462.194 -431.548 -418.577 -420.063 -421.692 -351.87 -351.432 -334.519 -314.722 -301.496 -281.876 -261.876 -239.171 -222.253 -196.331 -175.912 -164.05 -160.769 -164.938 -171.482 -178.146 -155.588 -113.994 -70.3586 -24.6198 23.0802 72.436 123.024 148.801 136.041 131.001 159.623 226.421 303.726 373.709 432.25 480.992 523.575 562.466
-1380.34 -1446.78 -1016.06 -1342.39 -1373.1 -1404.86 -1143.55 -1012.45 -550.682 -710.964 -705.997 -586.014 -735.816 -590.609 -595.595 -592.187 -633.228 -622.706 -630.954 -593.473 -520.331 -501.718 -492.139 -475.292 -494.642 -499.594 -415.654 -398.829 -446.216 -421.568 -388.092 -382.764 -401.095 -354.282 -326.417 -317.916 -295.102 -284.889 -271.931 -255.219 -235.338 -218.703 -193.006 -176.491 -159.827 -157.219 -158.078 -160.585 -165.002 -159.436 -119.484 -76.585 -30.7675 17.6975 68.3552 120.624 135.478 98.5457 51.963 75.7073 188.645 303.548 390.248 452.902 499.458 539.532 577.486
-1060.03 -743.207 -480.516 -487.144 -496.096 -507.369 -581.9 -1048.6 -763.73 -517.447 -782.603 -596.778 -718.784 -701.494 -518.877 -589.714 -542.179 -554.16 -523.035 -535.106 -480.705 -475.312 -443.698 -433.011 -470.615 -443.079 -384.979 -383.022 -421.386 -419.354 -362.004 -408.794 -356.164 -369.538 -322.533 -298.754 -279.038 -268.65 -255.425 -242.199 -225.692 -208.807 -186.488 -169.981 -153.186 -147.645 -147.38 -153.836 -156.357 -166.001 -127.95 -85.7584 -39.5947 10.0878 62.6267 117.226 137.269 70.7012 -97.3975 -97.3975 148.904 331.572 430.833 489.652 524.405 557.609 593.605
-457.897 -460.206 -463.781 -470.058 -478.538 -489.21 -502.112 -551.306 -884.823 -806.704 -503.928 -731.063 -550.423 -596.786 -540.45 -554.861 -502.241 -489.31 -489.85 -504.117 -488.285 -438.539 -450.73 -407.894 -408.94 -411.116 -379.857 -356.489 -365.169 -393.703 -354.485 -370.708 -363.593 -317.797 -323.939 -282.033 -265.45 -252.144 -238.918 -225.692 -209.186 84.0347 88.7496 94.7299 102.2 111.312 6.98828 -145.252 -151.593 -164.818 -140.581 -98.9325 -51.9719 -0.411865 54.8018 112.588 171.821 144.352 94.2499 82.731 172.795 442.988 505.414 550.459 550.901 572.896 607.097
-439.523 -441.723 -445.017 -450.912 -458.888 -468.905 -481.006 -495.221 -511.606 -530.197 -551.057 -574.221 -599.752 -465.986 -430.757 -512.144 -476.493 -419.565 -480.344 -456.212 -450.593 -427.807 -429.167 -381.425 -371.98 -349.919 -354.079 -335.798 -341.388 -356.807 -318.167 -336.776 -307.572 -301.852 -285.731 -282.166 -252.88 -242.79 71.0035 72.6106 74.962 78.2155 82.5953 88.4272 96.1424 106.162 118.572 132.807 148.114 -99.7549 -158.921 -117.444 -68.9771 -14.5956 44.3713 106.466 170.217 234.233 247.314 291.987 398.25 471.664 523.154 554.22 555.841 575.976 612.392
-419.26 -421.339 -424.347 -429.843 -437.279 -446.615 -457.865 -471.066 -486.231 -503.403 -522.592 -504.174 -522.776 -414.978 -412.205 -474.919 -441.333 -423.994 -390.725 -398.92 -410.999 -402.434 -409.469 -374.715 -356.545 -333.104 -320.412 -313.624 -329.81 -338.52 -314.424 -296.191 -299.159 -277.55 -281.882 -282.88 -219.07 65.3483 65.8201 66.8824 68.6482 71.2699 74.9892 80.2411 87.7813 98.6199 113.31 130.617 149.417 168.743 -165.863 -142.97 -91.9241 -33.394 30.7815 98.655 168.309 237.979 306.149 371.608 433.485 491.236 544.529 555.19 556.021 582.802 623.396
-397.235 -399.184 -401.909 -406.985 -413.87 -422.493 -432.875 -445.02 -458.951 -474.662 -396.793 -406.143 -476.883 -456.521 -418.306 -455.656 -416.588 -402.008 -373.316 -357.455 -354.924 -356.022 -351.197 -364.362 -349.778 -322.453 -305.714 -293.971 -302.086 -292.973 -280.861 -265.883 -261.992 -259.091 -215.191 61.7165 60.7539 60.1744 60.0463 60.4512 61.4789 63.2273 65.8509 69.7672 76.1219 87.2267 105.433 126.934 150.195 174.171 197.631 -177.581 -122.38 -57.8647 13.465 89.032 166.352 243.19 317.68 388.389 454.351 515.042 557.204 557.204 556.92 590.451 633.578
-373.582 -375.395 -377.841 -382.492 -388.806 -361.793 -406.2 -417.289 -421.093 -393.081 -272.043 -448.427 -414.451 -331.181 -363.234 -390.71 -389.063 -361.193 -362.433 -325.215 -319.78 -324.218 -319.377 -322.685 -317.8 -308.413 -201.755 -277.394 -280.632 -92.7178 -284.805 -244.115 -237.104 61.136 59.0871 57.2774 55.7489 54.5493 53.7402 53.3975 53.5892 54.3098 55.4204 56.8548 59.7128 68.7318 94.2625 121.492 150.256 180.116 209.151 -20.0254 -162.171 -89.1748 -8.11511 77.627 164.845 250.718 332.956 409.88 480.449 544.209 557.204 557.204 557.204 602.727 650.199
-348.439 -350.109 -342.557 -329.846 -321.359 -352.401 -355.136 -388.047 -289.152 -316.148 -349.491 -398.521 -327.723 -303.172 -369.454 -359.695 -346.141 -328.152 -312.671 -304.931 -289.537 -290.125 -291.817 -289.628 -288.728 -284.565 78.1021 75.1255 72.1113 69.0846 66.0743 63.1153 60.2453 57.5045 54.9306 52.558 50.4152 48.5343 46.9678 45.8099 45.1708 45.0028 44.6659 42.5194 37.1426 33.7255 81.3922 114.517 148.992 186.802 223.381 254.266 -154.404 -128.57 -34.4011 64.7197 164.656 261.85 353.51 437.693 513.317 468.146 481.261 558.158 566.43 615.68 663.104
-321.922 -277.24 -277.519 -318.698 -259.174 -335.476 -320.639 -334.947 -347.891 -199.686 -360.354 -348.427 -277.229 -289.589 -343.576 -338.346 -334.109 -309.405 -287.01 -289.844 -276.365 -271.235 -269.572 -274.433 -252.7 -76.5947 77.3033 74.0087 70.6398 67.2191 63.7771 60.3492 56.9777 53.7057 50.5737 47.6087 44.8201 42.2047 39.7873 37.7033 36.2815 35.8644 35.7214 31.414 12.6126 -52.3654 82.731 106.093 144.392 194.72 243.305 277.906 -126.688 -135.637 -65.9543 50.4163 166.506 278.492 381.513 474.032 555.005 434.876 474.78 556.103 571.421 619.791 666.943
-260.302 -203.573 -277.235 -300.736 -139.794 -103.729 -115.602 -129.057 -144.684 -161.729 -180.846 -201.149 -223.282 -246.232 -270.521 -294.981 -298.643 -292.568 -302.234 -324.48 -254.577 -244.243 -234.087 -209.916 -185.353 80.0945 76.5967 72.9673 69.2197 65.3762 61.4656 57.5277 53.6104 49.7679 46.0497 42.4836 39.0517 35.6778 32.2732 28.9351 26.3875 26.4523 30.9414 34.8029 34.2601 33.7056 82.731 82.731 127.763 204.381 277.214 308.247 -110.928 -119.764 -102.646 36.7437 173.651 302.413 419.022 521.891 552.668 434.876 474.78 550.707 574.249 622.682 675.705
-82.514 -148.813 -263.732 -32.7373 -39.415 -47.9541 -57.8301 -69.5479 -82.4072 -96.9951 -112.46 -129.398 -146.818 -165.23 -183.487 -201.873 -219.012 -234.743 -238.937 -243.113 -233.262 -222.143 -213.114 -190.264 -26.1777 79.8249 76.0231 72.0435 67.8969 63.6001 59.1823 54.6855 50.1691 45.706 41.3741 37.2246 33.226 29.1818 24.6933 19.3767 13.8815 12.6163 26.7893 42.596 55.5364 70.1971 96.5596 113.596 127.763 217.827 352.924 343.171 -114.646 -128.476 -128.313 25.5366 188.924 339.196 471.817 549.31 547.778 443.7 483.068 549.748 583.13 632.381 693.364
1.9797 0.220123 -35.8942 22.3174 16.5049 9.55371 1.05176 -8.38184 -19.2607 -30.7969 -43.542 -56.5547 -70.3359 -83.7979 -97.2744 -109.494 -120.465 -128.628 -133.436 -132.839 -125.412 -108.338 -79.04 -33.8809 83.6227 79.7376 75.6266 71.288 66.7238 61.9458 56.9776 51.8636 46.6741 41.5134 36.5157 31.8148 27.4458 23.1299 17.9412 9.99675 -2.85501 -16.6587 21.0033 53.2559 74.9802 94.9871 119.714 147.331 184.322 252.806 352.924 352.924 363.837 -104.556 -127.282 21.999 217.296 393.614 544.824 544.992 542.351 540.314 539.809 548.517 591.669 642.766 714.454
29.0991 27.2304 6.96728 78.4775 73.8691 67.9727 61.3105 53.4443 45.0801 35.7197 26.2256 16.1162 6.40039 -3.29199 -11.7979 -19.2529 -24.2939 -26.6611 -24.6934 -17.5459 -3.12988 20.1367 54.7852 87.9057 84.0203 79.8754 75.4588 70.7578 65.7655 60.4813 54.9197 49.1173 43.1509 37.1579 31.3612 26.0734 21.6129 17.9511 13.9451 5.52439 -18.6388 -97.3975 20.1673 74.3319 96.1413 115.057 139.98 171.69 209.388 256.152 303.723 325.926 442.988 488.02 259.485 48.251 264.635 473.124 543.669 540.304 536.826 534.55 533.885 547.057 592.135 654.129 737.443
31.8394 30.3696 28.2098 128.37 127.852 127.203 122.079 116.251 109.606 102.915 95.7256 88.9521 82.2109 76.5527 71.7549 69.0205 68.4092 71.3096 78.1934 90.6885 99.4531 96.1387 92.5824 88.7684 84.6763 80.2862 75.5747 70.5197 65.0987 59.2952 53.1021 46.5354 39.6541 32.6063 25.6978 19.5049 14.9811 13.1736 14.3905 16.815 20.1872 37.6989 82.731 127.763 120.197 129.119 153.459 190.063 225.388 258.69 279.891 333.816 387.488 440.762 492.296 542.705 403.54 542.166 540.143 535.609 531.884 530.128 530.494 549.368 601.422 674.802 768.968
33.6266 33.3247 32.9917 32.323 129.96 129.305 128.514 127.585 126.516 125.302 123.941 122.428 120.759 118.929 116.932 114.761 112.41 109.867 107.125 104.169 100.988 97.5628 93.8774 89.9083 85.6316 81.0178 76.0351 70.647 64.8151 58.4982 51.6587 44.2679 36.3241 27.9152 19.3187 11.332 5.65537 5.37178 13.6286 27.1582 44.2627 67.6863 98.8812 127.763 127.763 127.763 154.675 209.715 243.41 273.329 289.407 341.6 394.081 446.824 498.046 542.277 542.998 541.199 537.507 534.125 531.595 531.106 532.187 556.374 616.967 699.431 797.256
34.153 33.4662 33.1498 32.9964 132.2 131.542 130.746 129.811 128.732 127.507 126.132 124.602 122.912 121.057 119.03 116.825 114.432 111.842 109.044 106.023 102.764 99.249 95.4549 91.3569 86.9234 82.119 76.9005 71.219 65.016 58.2246 50.7663 42.5536 33.4593 23.412 12.3809 0.849517 -9.06296 -10.97 7.59382 33.9266 61.8341 89.9025 117.345 139.105 145.883 127.763 127.763 250.71 265.211 280.038 304.686 356.451 408.619 461.647 509.613 543.731 543.453 540.757 535.273 531.133 528.197 528.142 530.1 563.55 634.623 727.093 826.911
37.5952 35.235 33.5794 33.3276 33.1435 133.915 133.118 132.178 131.095 129.862 128.477 126.935 125.23 123.356 121.307 119.075 116.652 114.026 111.185 108.115 104.798 101.213 97.3375 93.1403 88.5869 83.6337 78.2297 72.3121 65.8058 58.6176 50.6286 41.7208 31.6162 19.9159 5.94379 -11.2515 -31.7864 -47.7824 -7.01293 38.9354 79.2448 112.745 141.489 165.431 188.9 225.104 239.923 262.859 269.063 285.224 317.673 369.943 422.231 475.302 519.587 543.35 542.621 539.017 532.144 528.135 525.495 525.3 528.161 569.881 650.7 751.243 850.585
45.0601 40.4853 37.5731 35.4773 33.9431 32.8052 135.63 134.691 133.606 132.37 130.98 129.43 127.715 125.83 123.767 121.518 119.074 116.425 113.556 110.453 107.098 103.47 99.5409 95.2807 90.6495 85.5999 80.0722 73.9942 67.2773 59.8116 51.4977 42.1137 31.3693 18.692 2.73014 -20.0126 -59.0489 -82.025 -26.7981 49.5833 103.465 140.344 170.438 192.228 219.182 232.172 245.275 258.83 271.549 295.045 335.243 387.927 440.025 492.016 526.287 540.099 538.645 534.843 528.403 524.977 522.496 522.665 527.639 579.688 670.334 770.899 870.316
63.95 53.6746 45.32 43.2952 37.4527 34.5298 31.6425 137.349 136.267 135.032 133.642 132.09 130.372 128.482 126.413 124.155 121.703 119.042 116.161 113.044 109.673 106.026 102.076 97.7915 93.1312 88.0439 82.4655 76.3149 69.4977 61.9311 53.4378 43.8677 33.0558 20.7534 6.29766 -12.4794 -41.9666 -73.3573 -7.33325 82.731 144.688 174.727 207.69 213.861 224.951 237.488 248.349 259.664 278.906 310.247 359.854 412.259 463.564 505.793 530.486 534.454 533.373 530.568 525.46 522.634 520.864 521.962 528.332 590.28 687.436 787.684 891.468
65.4038 63.6784 58.0737 57.4175 56.4332 38.0596 35.3438 31.1275 107.258 137.85 136.464 134.917 133.201 131.313 129.245 126.99 124.538 121.879 119.001 115.889 112.523 108.885 104.947 100.678 96.0392 90.9792 85.4308 79.3023 72.5455 64.978 56.4552 46.8638 36.2332 24.9682 14.1866 5.76367 1.0583 6.37379 59.0494 127.763 217.827 206.188 212.681 220.39 230.966 241.114 250.649 264.299 290.329 330.957 385.541 437.396 483.949 516.758 531.357 531.079 529.299 527.344 524.497 521.857 520.725 522.391 529.82 601.374 701.897 802.758 911.914
69.4828 69.5861 69.5572 59.3891 58.4018 57.5416 55.929 56.7507 57.7954 59.1042 60.7251 137.91 136.203 134.323 132.264 130.019 127.58 124.936 122.076 118.985 115.647 112.043 108.148 103.935 99.3688 94.4028 88.9762 83.0083 76.4049 68.9808 60.5419 50.8994 40.0455 28.7002 19.717 20.2897 34.0631 62.5507 109.394 161.602 204.392 262.859 262.859 227.383 236.14 244.397 259.298 278.721 311.285 358.277 412.656 456.2 494.241 518.31 526.089 526.381 525.949 525.745 525.288 525.863 527.092 529.602 537.933 610.708 709.823 810.588 927.946
86.6829 86.8657 87.1062 87.5952 88.2705 89.1531 90.2678 91.6455 93.3206 95.333 97.7251 100.546 103.848 107.69 112.133 117.249 123.109 128.21 125.382 122.33 119.038 115.491 111.668 107.546 103.098 98.2872 93.063 87.3792 81.0856 73.9992 65.8327 56.147 44.3496 30.0705 15.6915 20.312 52.1196 100.372 154.374 204.86 209.655 218.444 225.919 232.25 240.729 254.305 275.32 301.41 342.972 394.286 440.423 475.513 505.382 519.643 521.561 523.429 524.772 527.039 529.702 532.438 534.934 538.352 555.874 627.138 727.225 831.268 956.361
119.137 119.409 119.763 120.479 121.456 122.714 124.278 126.177 128.444 131.116 134.233 137.839 141.981 140.878 138.858 136.658 134.274 131.695 128.912 125.913 122.685 119.214 115.486 111.483 107.189 102.585 97.6716 92.3605 86.5596 80.0981 72.6431 63.5065 51.1355 31.5409 -7.33325 -7.33325 53.7319 132.442 202.871 208.213 215.051 224.769 231.485 236.055 246.398 265.269 292.714 324.868 375.206 422.353 460.466 487.579 509.892 515.868 518.745 519.982 525.718 530.639 535.358 539.31 542.906 551.892 577.906 651.467 758.162 869.561 996.752
151.292 151.646 152.107 153.036 154.295 154.405 153.707 152.862 151.863 150.704 149.382 147.895 146.24 144.417 142.424 140.259 137.914 135.384 132.657 129.725 126.575 123.195 119.577 115.713 111.59 107.262 102.679 97.8322 92.6948 87.1911 81.1357 74.1009 65.1453 52.2913 29.7346 -7.33325 37.6989 172.795 204.653 212.147 220.911 231.118 235.654 246.203 262.345 286.678 320.916 361.778 404.221 443.821 474.088 493.554 507.174 512.603 516.317 519.137 526.775 533.236 539.493 544.058 551.69 577.415 621.596 699.551 812.108 927.495 1041.06
159.34 159.254 159.076 158.796 158.404 157.885 157.226 156.418 155.451 154.32 153.023 151.557 149.925 148.127 146.165 144.037 141.74 139.268 136.61 133.755 130.693 127.415 123.916 120.2 116.279 112.193 107.95 103.596 99.1968 94.8363 90.6078 86.6162 83.0534 80.6507 81.3133 99.2279 183.274 217.827 206.517 214.883 224.421 233.662 239.236 256.035 279.114 310.812 351.406 392.719 427.969 459.545 481.768 495.099 505.117 509.313 514.309 530.378 535.906 535.272 542.482 551.411 566.901 610.416 672.761 755.364 866.698 982.249 1081.19
