data/map/pico4.asc
ncols         217
nrows         146
xllcorner     6.39591e+006
yllcorner     1.68973e+006
cellsize      1135.85
NODATA_value  -99999
[rows 0 to 29 of 146, columns 134 to 200 of 217]
1087.23 1079.01 1070.23 1060.94 1051.2 1041.07 1030.61 1019.87 1008.92 997.807 986.584 975.3 964.003 952.735 941.539 930.452 919.51 908.743 898.182 887.853 697.662 469.767 428.976 393.714 386.062 379.113 372.63 366.636 361.159 356.213 351.819 347.981 344.713 342.012 339.882 258.355 260.325 262.999 266.271 269.9 273.808 277.807 281.843 285.779 289.578 293.146 729.27 727.411 725.744 724.252 306.427 308.031 309.271 310.163 719.055 718.39 717.828 717.357 716.97 716.657 716.412 716.226 716.093 716.004 715.956 715.941 715.955
1087.85 1079.58 1070.74 1061.38 1051.58 1041.39 1030.87 1020.08 1009.08 997.911 986.638 975.309 963.967 952.659 941.424 930.303 919.328 908.533 897.946 887.594 709.073 463.868 423.406 393.11 385.694 378.72 372.207 366.196 360.696 355.741 351.332 347.494 344.219 341.525 339.395 163.301 -132.479 -387.029 -410.236 -423.005 -430.016 -434.056 -452.598 -449.681 -448.898 -470.433 -493.548 -499.326 -526.322 -541.625 -562.563 -549.974 -506.234 -613.589 -628.062 -666.141 -688.213 -745.131 -750.585 -830.767 -880.666 -984.792 -908.884 -849.188 -938.366 -841.612 -998.318
1089.09 1080.7 1071.75 1062.27 1052.35 1042.04 1031.41 1020.5 1009.39 998.118 986.746 975.322 963.893 952.503 941.193 930.001 918.963 908.109 897.471 887.071 729.374 456.354 412.474 392.437 384.964 377.92 371.365 365.3 359.775 354.783 350.364 346.505 343.237 340.538 338.432 150.073 -145.084 -381.145 -400.224 -404.313 -409.39 -426.034 -439.678 -438.595 -442.114 -470.515 -493.168 -523.002 -516.753 -511.836 -486.384 -504.399 -553.622 -574.175 -615.969 -672.153 -749.685 -793.726 -884.909 -941.107 -1028.67 -991.168 -884.366 -900.259 -937.73 -860.243 -912.726
1090.96 1082.4 1073.26 1063.61 1053.5 1043.01 1032.2 1021.13 1009.85 998.422 986.9 975.336 963.774 952.263 940.837 929.542 918.407 907.468 896.749 886.283 753.856 482.561 399.424 391.434 383.844 376.726 370.078 363.962 358.368 353.35 348.888 345.028 341.743 339.066 336.964 130.26 -163.856 -377.635 -381.295 -398.43 -409.926 -410.059 -417.714 -421.221 -445.353 -463.965 -477.158 -467.255 -442.778 -477.254 -571.263 -644.155 -683.064 -700.164 -688.601 -650.995 -700.272 -794.462 -890.643 -977.017 -990.076 -976.896 -931.8 -904.351 -903.639 -946.817 -917.458
1093.48 1084.67 1075.29 1065.39 1055.04 1044.3 1033.25 1021.95 1010.45 998.813 987.094 975.34 963.604 951.926 940.352 928.914 917.654 906.596 895.778 885.215 790.442 523.886 398.22 390.059 382.354 375.095 368.363 362.139 356.494 351.401 346.923 343.024 339.752 337.067 335.006 103.929 -188.612 -361.818 -374.971 -386.655 -385.287 -406.844 -400.144 -420.02 -442.935 -460.278 -413.123 -422.43 -427.158 -505.532 -539.682 -557.672 -613.427 -813.054 -757.99 -752.419 -757.797 -723.852 -780.828 -893.492 -963.365 -982.741 -923.723 -907.448 -901.303 -1039.42 -1011.94
1096.63 1087.53 1077.82 1067.61 1056.94 1045.9 1034.55 1022.96 1011.18 999.285 987.313 975.326 963.366 951.486 939.718 928.11 916.687 905.49 894.537 883.865 810.558 546.088 396.663 388.338 380.437 373.052 366.164 359.855 354.095 348.962 344.415 340.512 337.212 334.561 332.511 71.2156 -219.073 -357.11 -361.53 -372.197 -384.7 -386.233 -389.985 -395.699 -411.187 -398.15 -447.59 -478.815 -497.329 -499.034 -539.026 -610.358 -629.447 -694.849 -778.617 -820.164 -821.987 -722.149 -839.236 -903.802 -921.984 -1061.68 -1037.94 -906.786 -1106.98 -1007.87 -782.327
1100.45 1090.96 1080.88 1070.27 1059.22 1047.81 1036.1 1024.15 1012.04 999.818 987.547 975.273 963.051 950.92 938.929 927.107 915.499 904.124 893.023 882.208 816.518 552.098 394.788 386.203 378.124 370.526 363.509 357.039 351.205 345.962 341.385 337.427 334.144 331.488 325.349 32.3542 -254.851 -346.124 -348.035 -357.258 -361.617 -368.58 -382.164 -383.212 -391.265 -416.246 -425.7 -451.056 -476.293 -524.506 -578.569 -663.77 -791.783 -845.542 -854.115 -787.942 -771.142 -821.297 -877.618 -1059.92 -1042.32 -904.818 -939.976 -841.242 -995.852 -883.342 -714.054
1104.94 1094.99 1084.44 1073.37 1061.87 1050.01 1037.86 1025.51 1013 1000.4 987.773 975.169 962.633 950.219 937.957 925.897 914.061 902.493 891.206 880.24 805.859 537.951 392.512 383.69 375.332 367.553 360.316 353.726 347.734 342.427 337.758 333.792 330.48 327.871 276.122 -12.2952 -295.431 -340.901 -354.054 -351.452 -361.28 -384.204 -415.417 -418.702 -445.395 -456.01 -441.543 -474.638 -517.23 -549.596 -576.672 -670.244 -751.87 -902.465 -877.264 -948.875 -891.316 -921.075 -957.504 -997.935 -907.201 -879.034 -834.191 -728.192 -693.281 -683.252 -672.185
1110.12 1099.62 1088.51 1076.9 1064.87 1052.49 1039.84 1027 1014.04 1001.01 987.975 974.986 962.099 949.349 936.79 924.446 912.364 900.562 889.08 877.925 766.439 488.508 389.88 380.703 372.102 364.033 356.623 349.816 343.716 338.27 333.558 329.528 326.24 323.636 220.344 -62.2195 -334.808 -352.608 -364.749 -373.919 -387.876 -399.487 -412.816 -436.034 -456.458 -473.91 -485.172 -491.646 -546.731 -680.464 -690.299 -781.967 -785.024 -944.201 -1050.14 -1056.32 -998.584 -1025.58 -928.428 -755.631 -710.92 -662.995 -639.196 -666.048 -660.162 -646.425 -672.247
1115.98 1104.84 1093.1 1080.85 1068.2 1055.23 1042.01 1028.62 1015.14 1001.62 988.121 974.705 961.411 948.297 935.39 922.742 910.37 898.322 886.605 875.26 695.795 403.791 386.786 377.293 368.319 360.01 352.317 345.346 339.047 333.514 328.693 324.654 321.339 318.8 158.579 -116.76 -346.95 -353.192 -372.177 -390.485 -405.139 -431.295 -435.068 -444.128 -490.382 -495.852 -513.911 -523.029 -566.433 -677.75 -765.845 -772.944 -966.255 -1024.01 -1122.61 -1093.56 -1041.74 -894.252 -867.165 -672.895 -642.347 -623.39 -619.887 -623.269 -643.19 -658.064 -659.174
1122.55 1110.66 1098.18 1085.21 1071.86 1058.2 1044.34 1030.34 1016.27 1002.2 988.189 974.287 960.552 947.02 933.742 920.741 908.066 895.729 883.772 872.199 594.392 393.738 383.278 373.333 364.035 355.356 347.427 340.197 333.756 328.056 323.182 319.074 315.793 313.279 91.5967 -175.12 -340.969 -368.891 -399.502 -418.908 -427.707 -459.321 -486.89 -505.094 -570.469 -593.694 -565.428 -581.102 -624.746 -751.388 -877.657 -986.461 -1098.98 -1054.3 -1040.91 -1020.52 -896.32 -813.978 -747.152 -666.27 -619.254 -605.507 -617.342 -626.642 -648.932 -646.44 -664.348
1129.81 1117.06 1103.73 1089.95 1075.8 1061.39 1046.8 1032.12 1017.4 1002.72 988.135 973.708 959.476 945.497 931.797 918.428 905.403 892.77 880.533 770.427 464.541 390.235 379.227 368.857 359.108 350.123 341.833 334.401 327.722 321.913 316.916 312.8 309.506 280.352 20.3174 -236.416 -357.547 -375.59 -400.477 -453.006 -460.361 -541.327 -510.367 -567.494 -619.423 -781.043 -663.153 -744.235 -712.26 -810.933 -866.04 -987.863 -962.721 -895.968 -857.063 -827.901 -845.161 -805.42 -710.009 -661.592 -623.637 -603.704 -606.484 -621.302 -632.579 -638.642 -726.399
1137.77 1124.04 1109.75 1095.04 1080.01 1064.76 1049.37 1033.92 1018.49 1003.13 987.93 972.917 958.156 943.677 929.534 915.748 902.364 889.392 876.875 702.566 398.364 386.201 374.663 363.741 353.593 344.152 335.579 327.794 320.964 314.964 309.904 305.724 302.479 193.585 -54.2668 -299.746 -375.703 -402.084 -445.655 -561.819 -542.765 -615.938 -643.57 -663.72 -713.872 -890.104 -786.304 -881.174 -841.79 -829.434 -896.844 -777.608 -779.405 -760.377 -726.53 -705.767 -739.908 -762.8 -727.498 -645.608 -591.26 -586.694 -600.739 -609.321 -615.866 -643.886 -939.917
1146.4 1131.55 1116.2 1100.46 1084.44 1068.25 1051.98 1035.7 1019.48 1003.41 987.52 971.884 956.536 941.532 926.897 912.679 898.892 885.578 861.417 534.485 394.474 381.68 369.46 358.033 347.319 337.497 328.489 320.458 313.347 307.215 302.025 297.844 294.608 103.511 -131.229 -351.872 -441.529 -428.692 -517.797 -617.479 -621.874 -686.879 -805.752 -776.872 -755.862 -977.723 -919.595 -873.558 -1070.7 -993.589 -889.538 -680.197 -681.016 -688.649 -658.797 -653.271 -691.708 -694.536 -745.042 -656.662 -582.134 -596.06 -595.945 -618.744 -622.177 -680.347 -794.893
1155.67 1139.57 1123.02 1106.14 1089.04 1071.83 1054.59 1037.41 1020.35 1003.48 986.865 970.546 954.581 939.001 923.854 909.16 894.961 881.264 787.378 404.284 390.115 376.498 363.668 351.55 340.342 329.97 320.616 312.187 304.846 298.53 293.272 289.04 234.089 11.0461 -209.871 -429.401 -470.713 -545.498 -572.089 -697.13 -696.656 -884.493 -912.79 -980.075 -928.475 -976.777 -1098.82 -1027.36 -966.271 -884.168 -727.731 -647.853 -629.215 -629.764 -612.939 -631.402 -726.018 -844.472 -867.476 -743.976 -585.044 -580.201 -592.645 -600.534 -710.205 -719.638 -817.964
1165.54 1148.04 1130.17 1112.04 1093.76 1075.43 1057.15 1038.99 1021.02 1003.31 985.901 968.863 952.227 936.046 920.341 905.159 890.507 836.191 564.385 400.246 385.146 370.751 357.092 344.352 332.462 321.626 311.754 303.03 295.346 288.897 283.51 279.289 125.658 -83.54 -289.9 -484.032 -598.153 -692.179 -771.655 -792.901 -886.622 -904.547 -1066.51 -1073.9 -991.348 -1064.32 -941.384 -918.25 -877.527 -687.76 -643.533 -675.958 -682.262 -631.739 -629.953 -648.176 -661.432 -770.907 -791.235 -648.325 -566.353 -560.032 -577.147 -590.412 -641.711 -738.128 -884.965
1175.93 1156.9 1137.57 1118.07 1098.52 1078.99 1059.59 1040.38 1021.43 1002.81 984.575 966.762 949.428 932.598 916.319 900.606 885.499 601.589 412.357 395.626 379.567 364.223 349.796 336.226 323.734 312.242 301.952 292.764 284.856 278.106 272.708 215.766 14.188 -180.966 -371.527 -485.823 -510.951 -808.833 -838.337 -818.345 -927.196 -1002.44 -1053.67 -1020.04 -908.634 -859.583 -873.113 -802.18 -688.968 -640.234 -646.801 -746.849 -805.454 -721.562 -590.228 -591.994 -599.545 -668.213 -645.452 -552.789 -557.77 -557.446 -570.894 -618.407 -682.006 -787.263 -865.858
1186.75 1166.05 1145.14 1124.17 1103.24 1082.43 1061.82 1041.5 1021.52 1001.94 982.813 964.192 946.108 928.61 911.714 895.463 719.464 426.756 408.279 390.446 373.253 356.981 341.559 327.23 313.925 301.869 290.971 281.431 273.135 266.255 260.719 150.549 -54.5002 -258.007 -374.877 -431.64 -441.733 -589.185 -708.202 -777.474 -917.349 -906.555 -867.373 -776.641 -749.945 -677.529 -747.311 -688.294 -642.823 -609.232 -701.141 -676.746 -732.325 -683.292 -622.732 -551.947 -564.538 -634.407 -623.996 -542.501 -549.719 -565.837 -632.613 -682.695 -705.547 -789.286 -856.614
1197.91 1175.38 1152.79 1130.24 1107.83 1085.65 1063.78 1042.27 1021.2 1000.61 980.553 961.072 942.214 924.002 906.478 889.651 633.111 423.437 403.684 384.565 366.244 348.796 332.44 317.121 303.083 290.252 278.849 268.773 260.218 253.051 247.436 130.63 -76.554 -281.975 -332.24 -351.827 -421.234 -496.528 -649.855 -788.113 -725.389 -653.174 -653.335 -691.968 -681.906 -626.609 -674.115 -682.88 -641.565 -561.347 -652.534 -688.97 -703.131 -647.539 -667.036 -542.766 -560.702 -669.182 -542.743 -535.168 -540.427 -568.904 -688.136 -616.894 -816.701 -862.238 -814.447
1209.28 1184.79 1160.38 1136.15 1112.19 1088.57 1065.36 1042.62 1020.39 998.744 977.708 957.337 937.659 871.685 900.527 745.453 508.912 419.661 398.435 377.954 358.308 339.733 322.189 305.946 290.942 277.426 265.311 254.818 245.826 238.523 232.752 65.0591 -100.373 -288.68 -313.498 -318.563 -344.809 -411.393 -548.426 -602.191 -547.689 -549.601 -606.814 -657.739 -617.645 -595.335 -560.574 -609.186 -578.967 -563.221 -553.918 -547.388 -538.989 -630.162 -580.795 -528.519 -509.312 -499.925 -518.074 -522.996 -560.406 -616.479 -595.027 -632.59 -774.713 -759.565 -828.825
1220.72 1194.11 896.291 811.693 760.932 696.564 676.196 654.615 779.859 845.318 893.345 681.429 741.263 758.684 688.491 583.824 438.74 415.294 392.53 370.495 349.513 329.536 310.857 293.432 277.536 263.103 250.379 239.267 229.977 222.37 -33.1091 -152.495 -245.86 -282.268 -296.894 -316.746 -388.565 -401.812 -496.285 -526.337 -507.187 -542.594 -612.916 -559.468 -574.348 -578.877 -581.383 -529.325 -518.091 -561.25 -538.557 -498.504 -503.795 -518.182 -528.953 -505.843 -485.814 -501.596 -510.709 -592.039 -645.765 -670.527 -617.457 -714.546 -703.873 -694.603 -731.107
1133.81 948.222 773.349 755.816 736.329 715.267 692.771 669.18 644.582 619.296 593.374 603.462 540.578 514.041 487.527 461.348 435.509 410.341 385.837 362.217 339.605 318.261 298.165 279.614 262.565 247.298 233.737 222.184 212.447 155.174 -236.024 -396.066 -416.316 -366.567 -385.036 -365.656 -386.768 -441.189 -521.731 -536.335 -471.38 -463.726 -486.209 -552.368 -561.474 -508.306 -571.827 -588.348 -506.756 -485.379 -474.516 -466.525 -471.601 -541.521 -516.15 -484.262 -491.318 -504.917 -542.732 -583.645 -691.681 -655.369 -626.038 -636.584 -663.293 -727.516 -802.294
869.454 817.988 800.383 780.489 758.737 735.31 710.578 684.652 657.865 630.287 602.229 573.734 545.112 516.387 487.869 459.577 431.826 404.628 378.332 352.872 328.647 305.631 284.15 264.184 246.093 229.776 215.435 203.147 192.981 -129.397 -449.125 -528.614 -499.128 -365.349 -330.086 -347.522 -370.253 -387.54 -436.689 -495.57 -488.295 -459.219 -484.163 -455.918 -472.361 -596.9 -558.041 -508.025 -460.899 -488.65 -484.202 -458.036 -457.746 -472.867 -476.45 -483.385 -484.749 -481.863 -611.203 -637.008 -692.624 -635.024 -645.913 -668.511 -740.135 -830.452 -882.419
867.638 849.935 829.621 807.135 782.727 756.791 572.256 340.317 159.844 42.5181 -13.2241 205.429 549.64 518.71 487.876 457.46 427.479 398.264 369.891 342.529 316.366 291.689 268.59 247.204 227.721 210.294 195.038 182.061 171.427 -343.994 -383.068 -428.438 -408.145 -337.876 -310.839 -322.169 -335.764 -379.1 -442.423 -484.488 -464.862 -464.395 -419.468 -426.949 -558.779 -527.711 -489.865 -478.026 -449.522 -436.178 -426.928 -444.876 -437.611 -450.634 -466.078 -456.512 -474.913 -488.499 -579.618 -683.502 -646.357 -602.969 -666.275 -714.878 -853.485 -966.852 -985.662
905.297 884.469 861.133 708.613 663.544 488.44 190.991 -86.187 -670.234 -857.684 -481.703 -387.946 40.3818 520.877 487.656 454.794 422.567 391.001 360.469 330.931 302.818 276.214 251.297 228.282 207.361 188.693 172.431 158.687 147.554 -270.81 -297.26 -300.696 -303.966 -307.107 -294.312 -306.492 -341.48 -322.323 -331.215 -366.017 -384.797 -383.192 -389.661 -447.202 -442.451 -435.505 -457.151 -453.767 -435.815 -431.549 -425.941 -422.107 -439.931 -463.654 -471.048 -458.059 -460.979 -529.748 -685.375 -641.713 -602.634 -637.315 -717.209 -814.885 -840.151 -933.722 -962.907
946.048 921.607 885.407 243.458 185.767 124.392 -210.425 -658.627 -982.863 -962.924 -940.864 -864.364 -528.196 -242.59 486.988 451.706 416.878 382.935 349.902 318.146 287.789 259.043 232.148 207.332 184.798 164.751 147.359 132.771 121.087 -154.196 -262.35 -273.43 -291.056 -275.386 -291.093 -290.908 -294.041 -300.3 -319.237 -324.767 -338.766 -353.842 -355.232 -373.349 -393.669 -447.023 -487.56 -504.909 -425.368 -425.83 -414.697 -427.03 -450.782 -455.364 -445.311 -445.503 -474.33 -662.294 -706.91 -578.751 -591.178 -647.419 -749.404 -814.446 -958.246 -1010.4 -908.162
989.855 849.35 394.75 -0.649414 -84.5718 -279.929 -726.369 -788.943 -927.342 -1073.01 -786.16 -785.51 -612.645 -463.18 -337.365 59.8828 324.287 373.843 338.287 303.975 271.149 240.065 210.982 184.146 159.812 138.207 119.549 104.007 91.7195 82.7551 5.82153 -191.042 -266.65 -267.681 -282.83 -286.325 -292.538 -301.873 -309.292 -320.036 -333.248 -340.376 -356.401 -373.581 -383.362 -442.26 -417.745 -455.97 -417.282 -405.517 -424.994 -435.911 -432.185 -454.664 -440.356 -513.105 -569.047 -554.22 -548.925 -585.683 -698.577 -767.331 -724.917 -769.908 -889.681 -1050.18 -1022.78
989.663 433.139 -8.70313 -456.824 -610.225 -742.156 -923.053 -935.588 -1036.21 -1105.71 -1019.66 -847.572 -870.57 -667.494 -513.363 -449.795 -245.382 26.6465 318.042 288.329 252.809 219.144 187.614 158.519 132.144 108.778 88.6721 72.0542 59.0835 49.8665 44.4169 42.6791 -131.131 -249.496 -279.673 -287.737 -290.514 -307.503 -309.205 -315.644 -328.876 -349.277 -355.084 -360.825 -385.529 -413.65 -386.741 -391.664 -400.587 -421.845 -425.848 -430.516 -448.477 -458.557 -475.921 -570.994 -532.75 -523.5 -571.844 -632.479 -722.826 -852.029 -816.563 -827.575 -884.057 -946.593 -1088.67
762.855 158.444 -184.919 -815.593 -680.523 -733.674 -818.377 -1023.04 -1178.67 -1032.4 -1153.96 -1062.83 -846.114 -704.996 -719.462 -532.239 -388.4 -117.171 256.579 271.146 232.667 196.13 161.869 130.216 101.527 76.136 54.3713 36.5045 22.7594 13.2633 8.05811 7.06311 10.106 16.9012 16.0305 -156.328 -318.247 -328.413 -328.483 -340.493 -324.029 -329.411 -334.694 -354.358 -362.97 -373.25 -379.846 -388.006 -402.545 -412.049 -438.243 -445.142 -444.544 -476.22 -479.821 -491.534 -557.559 -624.196 -692.755 -768.415 -880.527 -870.235 -797.498 -828.123 -872.484 -948.899 -1061.42
1134.17 527.393 -229.749 -766.044 -916.552 -1067.95 -933.547 -943.502 -864.763 -955.855 -1015.9 -1138.89 -1129.47 -1018.94 -852.94 -694.08 -573.248 -223.793 248.336 252.368 210.62 170.896 133.557 99.0081 67.6567 39.9286 16.2192 -3.10535 -17.7642 -27.5659 -32.4597 -32.5225 -27.9871 -19.1978 -6.61279 9.26123 -165.993 -357.229 -430.384 -427.424 -434.225 -441.187 -450.358 -458.767 -466.559 -476.736 -487.271 -500.552 -513.185 -540.717 -562.317 -586.988 -648.096 -651.599 -611.763 -703.111 -752.162 -827.192 -1044.66 -1068.95 -1061.18 -932.583 -897.184 -1028.53 -999.889 -1062.08 -1137.05
