data/map/pico4.asc
ncols         217
nrows         146
xllcorner     6.39591e+006
yllcorner     1.68973e+006
cellsize      1135.85
NODATA_value  -99999
[rows 60 to 89 of 146, columns 134 to 200 of 217]
894.188 825.287 763.931 723.279 713.677 687.753 667.453 646.126 628.578 612.127 618.429 622.497 628.09 629.905 631.913 633.808 635.621 636.987 637.48 637.512 637.057 635.797 636.97 640.493 644.872 650.104 655.335 658.083 669.243 684.099 707.167 741.737 780.928 818.446 863.455 901.554 918.133 935.348 919.509 914.005 912.289 912.538 913.205 913.756 913.898 913.502 912.489 910.864 908.616 905.805 902.439 898.6 894.299 889.627 884.589 879.283 873.703 867.952 862.015 855.997 849.875 843.755 837.607 831.537 825.511 819.632 813.863
880.303 811.289 752.614 717.871 710.92 694.249 687.858 679.565 662.069 646.869 646.072 636.58 629.14 631.066 641.617 647.359 657.165 664.63 664.851 656.084 651.384 641.794 637.583 641.225 645.812 651.044 656.263 658.294 667.395 684.918 712.567 749.478 792.126 836.474 880.762 916.592 931.268 948.277 942.231 939.428 938.495 938.623 938.924 938.858 938.209 936.877 934.856 932.145 928.805 924.858 920.39 915.422 910.05 904.284 898.227 891.878 885.339 878.604 871.774 864.833 857.886 850.907 844.002 837.14 830.424 823.821 817.431
876.018 803.708 748.127 714.709 709.485 706.78 714.299 715.726 706.346 697.604 687.203 663.95 648.393 653.062 669.338 683.596 705.246 719.737 718.336 701.14 686.468 665.466 653.342 648.239 649.639 652.712 657.349 658.664 665.826 686.297 718.528 756.091 802.729 853.391 894.477 928.037 943.389 959.013 961.712 962.981 963.981 964.538 965.004 964.551 963.188 960.955 957.889 954.077 949.568 944.462 938.8 932.685 926.143 919.276 912.098 904.709 897.109 889.401 881.574 873.731 865.853 858.043 850.275 842.652 835.144 827.853 820.743
877.376 798.354 744.387 711.33 710.018 713.74 728.279 737.511 737.263 734.84 726.812 702.826 689.924 703.3 728.209 750.764 783.144 802.126 795.386 770.353 746.933 716.345 689.949 677.384 670.052 664.775 666.305 674.907 684.791 715.254 760.065 801.761 846.55 895.284 927.065 950.795 965.919 979.896 982.622 986.806 989.91 991.487 992.005 991.146 989.049 985.847 981.688 976.679 970.953 964.586 957.696 950.331 942.599 934.529 926.222 917.691 909.035 900.252 891.442 882.593 873.806 865.06 856.458 847.972 839.705 831.623 823.829
881.916 795.734 742.796 717.166 720.968 730.667 751.031 766.691 768.54 770.257 765.426 752.413 749.352 771.73 804.768 835.288 867.861 887.109 880.887 856.189 825.8 788.235 753.71 732.671 716.92 712.173 714.39 724.729 737.681 771.78 816.38 858.223 899.524 936.316 956.879 973.018 980.138 986.834 1002.07 1011.71 1017.37 1019.95 1020.38 1018.98 1016 1011.71 1006.31 1000.02 992.951 985.261 977.028 968.375 959.349 950.055 940.519 930.842 921.028 911.177 901.283 891.445 881.647 871.989 862.45 853.129 844 835.162 826.584
903.061 806.588 751.644 729.738 739.042 758.532 782.407 801.486 810.239 819.334 820.481 818.923 823.483 854.524 896.267 932.46 965.53 985.211 975.68 946.897 912.709 872.707 833.839 806.519 783.791 776.711 779.365 792.094 813.682 854.774 896.896 935.498 971.961 992.847 1000.16 1006.37 1006.74 1004.85 1027.13 1040.59 1047.91 1050.85 1050.58 1048.4 1044.28 1038.66 1031.86 1024.1 1015.59 1006.45 996.81 986.755 976.398 965.778 954.998 944.074 933.102 922.085 911.117 900.189 889.398 878.727 868.276 858.02 848.058 838.363 829.034
957.033 850.856 791.92 772.451 784.703 811.965 837.098 852.702 867.238 883.79 887.358 902.072 923.069 963.949 1006.52 1048.28 1073.35 1084.46 1065.95 1036.76 997.914 959.308 921.631 894.648 873.19 869.017 874.092 889.853 915.128 957.642 997.548 1031.36 1056.56 1064.39 1061.87 1050.83 1042.19 1036.23 1061.01 1075.61 1082.85 1084.97 1083.49 1079.77 1074.05 1066.79 1058.34 1048.97 1038.84 1028.15 1016.98 1005.47 993.67 981.696 969.572 957.393 945.168 932.987 920.849 908.844 896.962 885.298 873.835 862.668 851.775 841.252 831.074
1026.84 911.538 840.962 828.588 847.713 875.853 900.439 916.869 932.552 955.27 973.201 1003.96 1035.17 1075.04 1111.73 1144.79 1157.82 1161.53 1144.51 1125.42 1098.24 1072.84 1044.13 1019.66 995.596 988.177 988.514 1000.56 1035.43 1075.48 1110.9 1138.29 1151.39 1139.48 1128.05 1104 1086.87 1077.03 1105.07 1117.98 1122.88 1122.71 1119.04 1113.14 1105.35 1096.11 1085.76 1074.55 1062.69 1050.29 1037.51 1024.43 1011.15 997.722 984.237 970.711 957.228 943.793 930.49 917.314 904.356 891.602 879.147 866.972 855.171 843.724 832.724
1100.1 980.75 901.48 899.972 930.769 964.528 994.934 1031.32 1033.19 1033.19 1075.03 1107.68 1137.98 1165.31 1186.84 1210.37 1212.32 1211.28 1199.57 1189.99 1173.24 1159.33 1146.07 1131.82 1118.82 1123.97 1131.71 1141.44 1173.11 1196.91 1210.24 1221.03 1226.52 1209.77 1194.15 1170.52 1155.03 1156.35 1164.27 1168.38 1168 1163.96 1157.13 1148.42 1138.09 1126.54 1114.04 1100.82 1087.04 1072.84 1058.32 1043.6 1028.74 1013.83 998.902 984.019 969.194 954.505 939.949 925.611 911.484 897.655 884.113 870.948 858.145 845.796 833.881
1190.63 1076.22 992.766 991.039 1024.69 1067.84 1101.85 1035.57 1080.5 1188.05 1213.78 1230.94 1240.94 1244.46 1250.05 1258.4 1259.8 1258.22 1246.99 1238.74 1230.8 1225.79 1221.85 1218.28 1215.87 1224.73 1236.1 1249.03 1279.56 1301.42 1311.57 1316.67 1316.19 1297.26 1273.05 1247.44 1228.81 1229.09 1227.27 1223.26 1216.77 1208 1197.33 1185.3 1172.07 1157.9 1143.03 1127.63 1111.81 1095.69 1079.36 1062.9 1046.41 1029.94 1013.54 997.23 981.059 965.034 949.229 933.642 918.355 903.361 888.746 874.5 860.711 847.367 834.556
1275.18 1170.22 1087.09 1090.83 1131.99 1183.31 1228.07 1170.62 1280.57 1244.14 1383.48 1369.05 1370.3 1354.14 1338.12 1329.04 1317.84 1307.45 1299.3 1296.94 1294.79 1294.82 1292.55 1293.99 1297.3 1309.28 1323.6 1339.07 1363.26 1380.96 1391.2 1397.39 1394.23 1379.93 1354.54 1337.86 1316.14 1303.92 1292.47 1280.61 1267.81 1253.94 1239.08 1223.4 1206.99 1190 1172.56 1154.86 1136.89 1118.75 1100.5 1082.24 1064.04 1045.99 1028.07 1010.32 992.738 975.377 958.244 941.411 924.879 908.728 892.952 877.636 862.771 848.447 834.65
1334.17 1240.77 1166.47 1186.44 1240.64 1302.15 1271.7 1454.58 1451.8 1569.25 1658.17 1482.57 1484.59 1454.86 1423.95 1397.11 1377.89 1370.98 1373.14 1382.13 1391.02 1400.02 1399.68 1399.14 1399.81 1407.05 1414.05 1470.75 1470.75 1470.75 1450.05 1459.64 1464.83 1458.51 1436.65 1426.01 1399.32 1377.98 1358.1 1338.9 1319.92 1300.89 1281.68 1262.23 1242.52 1222.59 1202.46 1182.35 1162.15 1141.9 1121.67 1101.51 1081.53 1061.88 1042.46 1023.22 1004.22 985.452 966.989 948.834 931.06 913.667 896.736 880.263 864.333 848.939 834.168
1395.54 1326.37 1270.88 1296.4 1358.27 1441.59 1459.41 1716.69 1711.79 1680.42 1680.42 1692.9 1666.44 1549.01 1504.16 1469.18 1443.16 1433.5 1437.04 1446.5 1455.86 1465.4 1466.88 1476.59 1487.32 1504 1418.95 1470.75 1470.75 1470.75 1479.82 1558.23 1583 1601.53 1524.46 1485.16 1477.54 1450.8 1423.05 1396.92 1372.04 1348.02 1324.52 1301.33 1278.34 1255.49 1232.74 1210.07 1187.46 1165.03 1142.75 1120.62 1098.75 1077.61 1056.65 1035.91 1015.43 995.251 975.388 955.906 936.813 918.18 900.011 882.385 865.302 848.845 833.013
1486.21 1440.72 1405.18 1435.76 1498.49 1639.52 1690.13 1725.85 1916.96 1905.6 1680.42 1725.59 1794.93 1708.41 1597.08 1548.83 1516.2 1500.01 1501.76 1511.69 1521.27 1531.32 1534.14 1544.48 1557.16 1605.66 1641.51 1631.06 1470.75 1470.75 1529.02 1602.66 1604.65 1620.57 1669.24 1663.37 1573.52 1521.75 1486.54 1453.56 1423.29 1394.65 1367.07 1340.26 1314.03 1288.26 1262.88 1237.81 1213 1188.48 1164.22 1140.22 1116.63 1093.35 1070.72 1048.36 1026.36 1004.7 983.429 962.552 942.134 922.185 902.777 883.915 865.68 848.075 831.184
1627.74 1600.21 1579.15 1605.81 1706.28 1725.85 1725.85 2017.28 2033.44 2033.44 2033.27 1939.23 1794.93 1794.92 1700.02 1597.08 1597.08 1597.08 1570.61 1576.44 1585.76 1650.78 1650.78 1682.24 1696.54 1748.38 1777.6 1777.58 1777.46 1785.97 1723.74 1681.12 1700.8 1669.22 1669.24 1671.19 1629.46 1585.79 1545.26 1507.94 1473.14 1440.27 1408.87 1378.62 1349.29 1320.7 1292.73 1265.27 1238.26 1211.66 1185.43 1159.56 1134.12 1109.13 1084.61 1060.55 1036.95 1013.78 991.046 968.762 946.951 925.677 904.952 884.85 865.38 846.623 828.588
1802.3 1792.88 1778.27 1755.6 1835.26 1881.08 2033.44 2033.44 2033.44 2033.44 2033.44 1973.32 1815.93 1794.93 1794.93 1688.62 1597.08 1604.09 1629.84 1631.46 1644.01 1650.78 1650.78 1682.26 1706.36 1748.39 1777.6 1777.6 1775.29 1769.88 1788.3 1785.09 1789.73 1782.63 1763.54 1735.41 1694.21 1648.44 1601.99 1560.07 1519.22 1479.81 1441.88 1405.8 1373.55 1344.17 1316.41 1287.84 1258.07 1225.38 1192.42 1159.24 1127.86 1104.08 1081.83 1060.84 1040.03 1018.56 995.191 974.471 951.254 928.584 906.532 885.111 864.397 844.405 825.217
1997.17 2126.85 2028.75 2018.3 2040.08 2033.43 2033.44 2033.44 2033.44 2033.44 2033.44 2033.44 1853.08 1794.93 1794.93 1794.93 1711.09 1616.49 1631.46 1631.46 1644.01 1650.78 1650.78 1682.26 1723.74 1748.39 1777.6 1777.6 1787.03 1847.63 1853.71 1865.35 1862.41 1849.43 1827.32 1793.64 1746.61 1695.79 1645.02 1596.21 1548.56 1502.06 1456.78 1413.33 1373.89 1336.6 1298.41 1255.94 1207.5 1150.33 1088.75 1030.67 987.302 963.393 956.356 960.398 964.73 979.676 983.094 979.666 954.979 930.898 907.445 884.69 842.162 667.347 567.173
2431.04 2242.85 2130.59 2220.39 2269.38 2033.44 2033.44 2033.44 2033.44 2033.44 2033.44 2033.44 1868.32 1794.93 1794.93 1794.93 1799.27 1822.97 1661.38 1648.86 1650.78 1650.78 1666.76 1693.65 1724.98 1755.41 1777.6 1777.6 1799.54 1899.51 1921.29 1937.14 1935.38 1917.56 1882.59 1840.2 1786.25 1728.54 1671.73 1616.23 1561.44 1507.25 1453.63 1400.99 1351.05 1300.5 1243.19 1168.29 1083.56 986.751 891.013 809.073 767.812 761.79 785.513 823.101 860.227 919.811 933.136 865.063 785.966 836.165 815.604 752.022 669.163 574.609 489.406
2420.53 2450.34 2314.04 2288.44 2262.97 2112.84 2033.44 2033.44 2033.44 2033.44 2033.44 2033.44 2033.44 1794.93 1794.93 1794.93 1800.33 1825.25 1828.08 1799.83 1762.52 1780.14 1793.99 1817.31 1839.15 1887.84 1887.84 1905.27 1905.27 1967.2 1972.41 1994.18 1987.1 1963.89 1921.63 1871.71 1811.83 1746 1682.76 1620.57 1558.43 1496.06 1433.25 1370.12 1307.78 1241.76 1164.02 1061.26 941.243 812.807 691.612 593.772 551.246 564.887 612.991 677.148 740.465 783.456 782.281 746.791 715.306 734.103 719.784 678.626 621.497 557.294 498.096
2410.04 2424.26 2337.78 2285.36 2262.97 2211.41 2033.44 2033.44 2033.44 2033.44 2033.44 2033.44 2033.44 1794.93 1794.93 1794.93 2011.62 2021.82 2059.65 2062.31 2103.76 1940.72 1951.94 1970.82 1975.98 2024.68 2024.68 2046.76 2063.74 2063.74 2103.24 2113.82 2011.82 1978.21 1927.78 1875.19 1814.37 1746.45 1678.36 1609.9 1540.35 1469.47 1396.94 1322.6 1247.13 1165.35 1068.34 942.268 795.829 641.275 499.929 389.931 345.026 368.4 437.033 522.493 602.468 661.178 679.219 675.617 667.135 665.246 650.74 621.316 580.827 535.114 490.465
2455.03 2452.68 2346.24 2303.22 2264.64 2262.97 2151.21 2035.46 2033.44 2033.44 2057.75 2069.3 2078.79 2066.57 2053.97 2064.35 2061.04 2073.12 2115.3 2118.03 2151.95 2170.26 2095.93 1970.81 1984.24 2024.68 2054.17 2063.74 2063.74 2073.72 2071.16 2057.83 2026.62 1982.19 1924.22 1866.81 1802.64 1732.65 1659.99 1585.34 1510.2 1433.32 1353.82 1270.66 1182.01 1083.12 965.878 816.218 652.073 481.38 327.945 213.175 169.584 194.33 273.405 408.73 491.409 564.065 599.169 611.03 612.505 608.913 596.78 574.963 545.572 511.75 477.344
2398.17 2456.81 2392.57 2317.56 2293.45 2277.27 2262.97 2045.39 2079.01 2180.65 2180.11 2217.28 2255.86 2154.5 2076.05 2061.56 2065.2 2089.1 2111.34 2116.47 2139.59 2150.01 2125.72 2094.18 2024.68 2024.68 2058.02 2063.74 2087.62 2105.02 2097.96 2075.4 2037.09 1981.96 1915.53 1852.81 1785.2 1713.47 1638.62 1561.25 1481.8 1399.78 1314.34 1224.19 1127.13 1019.23 895.245 749.643 573.988 409.015 267.565 166.836 130.431 156.319 177.356 301.136 461.629 510.228 540.859 557.005 562.822 561.331 552.365 536.418 514.597 489.23 462.313
2335.92 2430.35 2440.66 2319.32 2310.45 2339.79 2469.77 2453.02 2290.09 2310.6 2302.26 2298.58 2272.2 2238.93 2090.03 2076.32 2080.49 2098.47 2117.33 2132.66 2162.05 2164.86 2164.53 2203.08 2178.25 2024.68 2064.6 2063.74 2108.69 2109.69 2101.99 2074.47 2034.93 1978.15 1910.61 1842.82 1771.88 1697.41 1619.76 1539.23 1455.85 1369.64 1279.57 1184.63 1083.1 972.492 850.25 717.078 563.7 421.832 299.449 212.632 169.409 157.624 194.208 239.664 396.285 471.053 497.244 513.165 520.692 521.059 515.211 503.566 487.473 468.069 447.159
2305.58 2385.16 2427.52 2444.84 2527.92 2537.31 2552.92 2552.92 2353.17 2310.6 2310.6 2310.6 2285.71 2275.22 2194.68 2099.54 2091.44 2110.4 2127.49 2140.94 2170.26 2170.26 2186.92 2214.95 2202.52 2098.7 2072.91 2067.56 2128.91 2116.51 2102.79 2068.87 2028.64 1971.31 1905.92 1835.98 1762.07 1684.54 1603.75 1519.94 1433.02 1343.25 1249.66 1151.64 1048.12 937.879 821.386 694.622 565.455 440.213 329.41 249.341 202.971 176.337 202.063 233.405 337.034 427.233 463.734 477.994 485.566 487.313 483.647 475.508 463.436 448.785 432.301
2291.99 2309.16 2280.61 2540.97 2553.68 2552.92 2552.92 2552.92 2477.9 2310.6 2348.55 2336.96 2285.71 2275.42 2258.44 2117.2 2095.23 2110.59 2118.03 2155.98 2170.26 2170.26 2186.92 2214.95 2219.58 2263.19 2099.78 2129.83 2182.77 2138.36 2115.37 2074.92 2030.35 1972.53 1905.79 1833.08 1755.87 1674.93 1590.74 1503.58 1413.49 1320.5 1224.18 1124.13 1019.86 910.95 797.491 680.622 563.284 450.253 346.761 270.474 219.138 198.709 204.509 226.761 313.893 384.127 437.391 449.333 456.486 458.78 456.937 451.135 442.382 431.075 418.384
2283.09 2306.67 2337.07 2655.17 2818.3 2828.46 2863.63 2863.63 2748.44 2649.96 2591.79 2566.05 2537.16 2528.63 2525.05 2360.71 2382.68 2400.96 2414.46 2345.02 2170.26 2170.26 2186.92 2214.95 2256.63 2266.15 2252.42 2205.1 2220.07 2177.93 2143.9 2095.73 2045.32 1982.67 1911.61 1834.69 1753.38 1668.55 1580.69 1490.1 1396.81 1301.03 1202.4 1100.84 996.204 888.568 778.437 667.088 556.796 450.752 352.23 278.591 230.164 205.935 203.676 256.653 303.481 348.776 390.483 418.748 422.504 434.79 433.913 430.151 423.597 415.211 405.186
2291.14 2318.34 2328.89 2582.35 2812.25 2823.91 2796.63 2802.18 2777.11 2714.17 2634.3 2605.1 2574.84 2561.68 2551.32 2392.36 2389.5 2407.39 2421.2 2427.72 2425.09 2428.13 2422.79 2368.38 2358.72 2338.46 2317.3 2316.39 2268.78 2254.81 2195.15 2137.65 2072.53 2001.18 1923.3 1840.67 1754.4 1665.16 1573.36 1479.21 1382.86 1284.3 1183.55 1080.6 975.545 868.662 760.598 652.48 546.057 443.72 348.947 277.623 229.731 204.363 208.214 245.591 284.187 320.407 352.487 370.879 367.04 356.102 414.237 406.236 363.946 319.195 272.529
2330.12 2340.06 2373.44 2626.9 2662.19 2777.84 2804.46 2819.19 2825.96 2808.98 2762.14 2655.93 2628.31 2608.03 2590.3 2535.08 2394.01 2417.07 2421.2 2440.43 2488.03 2480.81 2481.46 2483.78 2473.53 2454.44 2437.18 2411.35 2353.02 2321.54 2259.6 2187.37 2108.99 2026.22 1939.72 1850.28 1758.38 1664.34 1568.34 1470.54 1370.97 1269.84 1166.88 1062.46 956.686 849.931 742.792 636.173 531.217 429.124 337.486 268.515 222.062 197.634 201.019 228.397 255.315 278.579 296.45 301.685 289.329 269.852 244.096 245.451 200.916 155.463 108.367
2234.44 2333.38 2418.89 2563.13 2627.71 2699.92 2781.05 2811.54 2829.82 2832.82 2823.75 2812.03 2796.14 2788.12 2775.42 2763.49 2635.11 2528.46 2435.49 2454.72 2503.98 2504.87 2563.64 2561.94 2552.49 2547.08 2532.75 2510.62 2476.23 2417.95 2334.38 2243.15 2149.53 2054.74 1959.08 1862.34 1764.57 1665.43 1565.2 1463.58 1360.8 1256.83 1151.73 1045.64 938.802 831.56 724.461 618.187 513.509 411.052 322.294 255.813 211.426 187.329 187.497 202.183 213.611 219.867 220.242 211.371 189.392 160.473 123.551 87.938 38.8032 -6.62842 -53.8035
2134.73 2298.93 2396.75 2527.75 2601.39 2667.98 2726.39 2796.65 2850.4 2916.68 2898.62 2844.23 2827.31 2819.72 2807.88 2791.75 2670.63 2648.94 2648.94 2688.37 2742.18 2756.44 2754.65 2649.57 2641.06 2638.67 2619.87 2596.8 2553.62 2495.64 2405.71 2301.8 2191.08 2084.28 1979.47 1875.64 1771.88 1667.88 1563.13 1457.83 1351.78 1245 1137.55 1029.58 921.288 813.039 705.283 598.598 493.566 390.586 282.243 240.847 197.888 172.175 164.645 163.854 155.231 141.975 120.833 99.1593 67.5947 32.3231 -10.9958 -66.792 -127.011 -166.973 -211.573
