data/map/rep7.asc
ncols         217
nrows         146
xllcorner     6.39591e+006
yllcorner     1.68973e+006
cellsize      1135.85
NODATA_value  -99999
[rows 0 to 29 of 146, columns 67 to 133 of 217]
2767.32 2799.07 2827.7 2853.19 2875.64 2895.22 2912.19 2926.8 2939.31 2949.95 2958.9 2966.29 2972.22 2976.74 2979.93 2981.83 2982.54 2982.21 2981.03 2975.04 2963.02 2950.25 2936.93 2923.28 2909.51 2895.79 2882.29 2869.17 2875.71 2982.36 3045.47 3064.73 3085.29 3106.45 3127.55 3147.98 3167.3 3185.23 3201.63 3216.46 3229.78 3241.73 3252.43 3262.06 3260.33 3258.82 3261.47 3266.42 3271.35 3273.92 3272.27 3265.34 3253.11 3236.62 3217.94 3200.04 3186.64 3182.18 3191.76 3221.26 3277.42 3321.65 3317.9 3461.84 3416.32 3367.32 3580.14
2770.35 2802.2 2830.83 2856.23 2878.5 2844.85 2512.91 2282.87 2052.82 1821.32 1574.83 1328.35 1021.34 383.34 -254.661 -738.942 -674.335 -366.619 -309.879 -343.012 -223 -57.769 93.2891 244.347 347.906 385.16 422.413 437.319 428.313 419.306 426.528 447.093 467.658 513.563 575.368 637.173 693.248 746.629 800.01 773.396 719.524 665.653 605.627 544.171 482.716 770.737 1107.66 1444.58 1641.08 1829.09 2016.53 2140.02 2263.51 2402.4 2733.26 2774.29 2776.37 3157.66 3171.65 3186.85 3234.29 3305.26 3316.43 3429.04 3410.55 3365.3 3588.57
2776.5 2808.54 2837.2 2862.41 2884.29 2903.12 2919.24 2933.05 2944.87 2753.97 2329.9 1904.44 1606.56 1041.77 203.673 -296.428 -41.0705 -236.96 -326.359 -23.8008 163.656 269.325 297.734 293.611 378.635 486.119 548.404 538.265 455.72 323.728 258.731 347.199 458.289 569.453 655.399 701.929 697.734 844.305 951.302 937.942 850.147 640.897 724.436 681.372 597.633 563.961 909.477 1087.77 1289.32 1494.95 1751.55 1862.13 1961.57 2076.41 2386.77 2701.03 2776.17 2885.16 3092.86 3117.79 3160.63 3220.89 3287.82 3347.91 3399.95 3370.63 3608.47
2785.89 2818.27 2847 2871.91 2893.14 2911.08 2926.27 2939.2 2941.2 2959.85 2968.03 2480.53 1894.11 1420.27 662.009 149.226 -30.5542 102.156 -289.983 -119.615 209.517 250.889 281.73 316.44 320.299 410.355 438.624 420.656 352.141 240.879 90.9355 229.928 307.148 403.651 494.167 585.08 665.725 735.509 787.264 766.8 712.267 616.143 518.037 482.23 430.991 357.187 418.612 674.07 882.206 1133.32 1468.14 1526.39 1655.58 1740.72 2039.33 2313.6 2682.55 2740 2928.19 3015.73 3085.15 3150.93 3218.04 3298.62 3391.07 3387.13 3650.93
2798.58 2831.64 2860.64 2885.1 2905.26 2921.8 2935.54 2947.18 2957.26 2954.04 2935.08 2590.5 2338.71 2021.75 1719.04 1441.36 1222.43 1006.09 656.188 553.194 640.912 543.185 492.194 491.53 491.774 605.467 634.279 629.743 592.748 495.019 315.11 321.005 505.969 557.665 617.68 683.125 743.778 788.797 801.249 784.76 738.552 659.737 567.591 489.447 429.888 301.305 426.721 521.087 646.042 813.052 1077.3 1208.33 1350.61 1477.14 1698.88 1920.62 2217.11 2643.98 2730.97 2901.66 3019.58 3097.43 3175.19 3280.17 3391.5 3466.66 3728.22
2814.34 2849.06 2878.8 2902.6 2921.01 2935.33 2946.91 2956.77 2965.5 2963.68 2911.95 2820.58 2671.95 2461.01 2249.72 2047.46 1874.6 1710.27 1858.19 1325.39 1137.02 967.174 852.611 823.4 796.261 929.149 960.758 966.35 941.996 881.539 691.988 707.362 793.02 794.431 803.472 820.004 839.745 848.211 843.857 826.392 782.372 708.644 614.885 521.02 429.374 353.528 332.044 367.066 442.264 499.4 809.009 1057.61 1282.12 1479.28 1635.86 1854.02 2100.41 2345.54 2585.24 2817.97 2968.72 3058.99 3148.01 3281.97 3438.04 3573.51 3673.47
2832.23 2871.47 2902.91 2925.47 2940.84 2951.61 2960.06 2967.55 2974.54 2981.21 2983.63 2961.12 2905.46 2808.46 2698.6 2579.92 2469.29 2335.33 2159.81 1940.17 1728.26 1528.91 1391.48 1355.84 1394.53 1439.75 1473.04 1484.1 1465.81 1410.72 1160.77 1310.66 1250.07 1173.86 1105.9 1026.98 961.085 918.022 897.999 885.784 852.551 793.269 707.451 606.372 491.632 384.902 320.175 299.203 311.561 471.89 752.192 1089.69 1398.31 1657.61 1753.87 1896.78 2067.59 2258.1 2479.97 2758.75 2938.03 3040.77 3142.81 3301.86 3473.8 3614.02 3724.96
2849.5 2901.67 2935.91 2955.54 2965.26 2970.23 2973.85 2978.37 2983.46 2993.77 3004.83 3011.91 3009.34 2986.84 2953.37 2913.88 2867.36 2777.55 2627.97 2427.61 2230.74 2044.17 1915.03 1875.58 1904.85 1938.5 1960.81 1978.49 1979.41 1943.39 1925 1857.17 1755.9 1595.44 1431.66 1252.33 1094.57 988.048 954.175 954.965 940.432 903.22 831.13 727.034 591.916 457.457 353.927 282.714 238.77 448.584 820.155 1249.54 1651.89 1986.02 2003.49 2034.45 2120.89 2238.11 2422.15 2734.01 2947.48 3058.03 3174.6 3352.77 3527.53 3665.2 3788.09
2857 2949.79 2983.52 2995.53 2994.44 2989.75 2987.17 2989.42 2993.19 3008 3023.32 3030.49 3033.92 3039.3 3032.49 3024.9 3042.72 3040.7 2973.61 2860.68 2746.79 2615.25 2506.93 2465.34 2483.54 2511.11 2538.87 2573.71 2606.11 2605.52 2607.3 2539.79 2405.66 2189.57 1959.82 1714.17 1499.72 1372.13 1330.99 1336.18 1331.54 1310.24 1254.02 1159.1 1026.63 885.859 762.16 660.501 582.361 802.843 1209.54 1664.5 2086.28 2422.76 2357.67 2273.88 2265.7 2299.54 2435.31 2751.14 2974.43 3085.86 3218.93 3405.35 3581.25 3719.63 3854.15
2792.8 2948.01 2985.65 2995.19 2993.96 2989.87 2994.05 3004.73 3016.62 3036.14 3055.77 3065.74 3064.23 3062.33 3048.63 3053.36 3124.18 3219.18 3277.97 3310.84 3325.56 3282.21 3217.68 3181 3172.5 3167.32 3167.41 3178.47 3232.05 3258.11 3295.36 3287.86 3192.29 2995.06 2772.44 2523.38 2292.05 1918.76 2082.02 2115.23 2107.61 2072.32 1994.56 1870.36 1709.93 1402.27 1270.21 967.431 1076.29 1027.81 1874.63 2317.51 2707.98 2996.59 2823.32 2625.43 2503.68 2444.26 2516.63 2800.97 3005.58 3120.26 3266.96 3454.86 3638.57 3779.7 3921.15
2681.72 2946.69 2992.89 3000.66 2998 2998.01 3009.2 3025.93 3048.68 3072.99 3095.89 3106.73 3098.19 3087.88 3080.45 3113.83 3245.64 3414.62 3569.6 3700.5 3793.05 3794.9 3766.72 3739.65 3717.26 3693.41 3675.91 3686.51 3730.45 3777.59 3853.82 3904.05 3870.51 3737.52 3578.57 3386.76 3211.14 3049.22 3007.76 3104.74 3116.17 3090.26 3006.95 2879.14 2718.11 2553.89 2410.8 2310 2228.03 2325.12 2722.84 3021.18 3268.8 3414.57 3145.56 2881.28 2701.31 2583.23 2612.53 2830.83 3030.55 3174.92 3357.86 3368.48 3663.93 3932.54 4173.23
2565.05 2958.81 3017.75 3026 3024.86 3031.34 3037.87 3052.82 3081.52 3113.25 3137.3 3148.65 3139.6 3133.48 3141.59 3222.99 3413.8 3647.03 3859.28 4034.17 4146.53 4158.02 4136.01 4114.72 4093.6 4067.39 4043.58 4051.19 4102.77 4182.78 4297.03 4412.98 4470.65 4443.82 4385.5 4301.47 4220.03 4251.21 4501.92 4319.79 4182.78 4131.48 4017.28 3874.35 3714.82 3552.47 3411.13 3325.25 3255.47 3385.89 3591.23 3765.26 3844.75 3805.51 3438.66 3094.61 2833.31 2677.38 2697.1 2908.13 3063.47 3190.72 3359.36 3546.92 3736.69 4023.61 4240.81
2448.37 2979.76 3042.96 3058.26 3072.08 3077.05 3078.43 3100.61 3136.42 3159.81 3185.31 3193.44 3185.32 3185.54 3161.51 3040.64 3424.88 3920.22 4431.42 4534.27 4478.17 4498.05 4484.24 4476.51 4467.05 4450.42 4511.19 4433.97 4480 4569.11 4704.33 4872.74 5016.44 5111.2 5179 5219.85 5241.23 5360.03 5790.78 5277.8 5238.94 5152.48 5014.22 4893.49 4681.33 4523.43 4390.17 4326.39 4275.65 4320.36 4439.35 4452.55 4355.03 4119.13 3677.97 3279.02 2934.3 2749.34 2769.27 2956.2 3093.53 3229.45 3401.26 3582.62 3764.61 3927.18 4205.26
2442.35 3002.66 3068.24 3094.58 3114.77 3134.99 3134.04 3156.85 3174.57 3196.46 3218.73 3222.66 3223.63 3229.76 3213.53 3356.07 3754.19 4202.35 4402.86 4567.05 4675.08 4700.51 4716.35 4764.53 4772.78 4762.76 4681.92 4664.37 4718.03 4802.1 4953.35 5163.65 5387.42 5583.75 5752.7 5880.61 5977.6 6175.38 6682.07 6073.87 6007 5891.04 5702.95 5508.71 5313.86 5141.52 5007.01 4959.01 4921.92 4932.29 5029.69 4949.88 4750.96 4400.45 3886.84 3435.34 3014.48 2801.17 2817.16 2984.71 3117.58 3267.95 3437.73 3611.85 3782.36 3938.93 4057.48
2442.35 3032.19 3100.21 3137.3 3161.6 3179.36 3184.72 3188.93 3199.12 3218.33 3228.44 3228.44 3228.44 3228.44 3242.98 3627.43 3966.21 4241.46 4452.86 4602.48 4681.14 4724.21 4770.7 4869.18 4946.76 4918.62 4925.47 4896.96 4891.3 4979.96 5144.77 5371.28 5599 5993.69 6021.91 6190.59 6363.8 6545.86 6742.97 6465.56 6417.64 6322.01 6140.92 5950.78 5751.98 5564.04 5414.23 5353.18 5302.26 5268.71 5257.94 5268.31 5009 4609.77 4114.31 3655.4 3220.68 3010.3 3032.63 3174.1 3282.61 3398.71 3521.26 3647.05 3780.39 3915.84 4019.59
2453.05 3064.76 3128.09 3174.82 3201.15 3214.74 3212.66 3211.84 3212.31 3223.04 3228.44 3228.44 3228.44 3228.44 3386.43 3815.02 4119.07 4338.93 4517.22 4630.84 4690.41 4746.18 4805.75 4917.56 5006.11 5068.28 5100.91 5094.48 5111.67 5200.86 5268.76 5522.53 5856.93 6041.49 6248 6416.1 6537.5 6595.32 6685.98 6623.31 6615.74 6519.18 6324.39 6101.62 5619.8 5437.84 5470.13 5373.79 5293.63 5261.96 5267.34 5293.81 5126.64 4796.54 4372.38 3142.22 3596.69 3416.74 3431.6 3526.04 3562.9 3594.15 3648.1 3714.54 3793.6 3892.65 3972.74
3004.43 3093.58 3148.24 3194 3216.65 3221.01 3219.26 3218.89 3219.92 3231.3 3234.98 3228.44 3228.44 3394.6 3616.02 3953.2 4255.3 4446.66 4593.76 4683.82 4743.11 4807.49 4868.99 4947.75 5016.28 5084.38 5131.26 5121.75 5215.04 5337.54 5527.97 5792.32 6059 6201.2 6393.43 6523.74 6583.26 6609.49 6662.7 6744.62 6749.13 6674.62 6503.84 6297.28 5939.36 5659.09 5516.84 5364.52 5249.72 5179.62 5166.46 5185.54 5080.13 4919.66 4602.19 3975.63 3830.28 3867.9 3960.51 3993.96 3959.85 3813.21 3779.54 3787.17 3801.18 3855.76 3901.16
3036.31 3122.1 3176.5 3211.75 3224.36 3227.43 3227.14 3257.69 3285.77 3303.97 3310.28 3302.7 3278.84 3439.83 3983.13 4164.17 4390.7 4557.88 4690.49 4765.1 4817.7 4878.42 4937.92 4923.31 5006.96 5115.94 5202.5 5277.66 5422.17 5592.63 5872.39 6051.36 6141.24 6304.98 6463.04 6557.88 6595.4 6727.37 6811.41 6850.86 6861.49 6814.36 6669.59 6462.72 6187.37 5864.9 5600.87 5403.93 5264.43 5162.04 5127.14 5131.15 5083.04 5010.76 4896.05 4757.2 4647.55 4559.05 4499.82 4428.93 4314.09 4071.25 3901.85 3833.3 3788.31 3811.22 3819.79
3366.15 3150.01 3205.26 3233.41 3240.87 3252.08 3282.01 3327.41 3363.68 3388.53 3399.45 3393.66 3366.79 3385.01 3964.01 4328.31 4536.65 4679.8 4782.49 4853.76 4901.5 4965.98 5073.1 5156.7 5178.79 5026.53 5396.15 5588.6 5768.88 5904.97 6025.09 6267.88 6479.09 6640.6 6752.63 6824.4 6872.86 6914.79 6921.32 6931.36 6949.27 6927.65 6813.22 6634.98 6400.86 6051.26 5712.44 5486.77 5337.84 5205.82 5149.89 5135.06 5135.87 5140.97 5207.17 5251.62 5193.45 5128.69 5029.4 4841.85 4541 4332.13 3993.18 3847.2 3749.14 3747.57 3731.91
3782.78 3693.79 3564.64 3254.93 3266.52 3286.66 3348.74 3406.2 3452.97 3486.96 3505.34 3505.08 3481.88 3424.28 3945.54 4336.88 4701.87 4849.65 4897.77 4946.03 4987.56 5051.78 5130.5 5200.88 5284.85 5423.22 5542.92 5693.38 5847.41 5996.37 6180.78 6386.83 6596.38 6871.75 6997.31 7071.25 7083.61 7031.29 6995.16 6997.86 7003.19 6986.26 6902.32 6762.16 6564.27 6282.76 5930.98 5652.96 5496.59 5350.2 5281.29 5248.1 5268.37 5317.36 5446.97 5530.94 5541.9 5457.83 5299.57 5033.72 4657.4 4369.48 3957.32 3832.27 3711.3 3732.81 3717.17
4367.34 4277.19 4104.65 3804.87 3356.54 3430.29 3497.16 3554.48 3600.58 3633.65 3629.99 3641.65 3678.24 3635.05 3717.91 4266.19 4709.2 4933.12 4969.16 5002.28 5039.45 5087.3 5134.04 5195.7 5350.98 5498.29 5631.88 5781.81 5952.54 6101.75 6270.2 6452.17 6635.13 6878.37 6992.77 7063.82 7093.04 7071.6 7044.57 7032.02 7017.91 7004.76 6947.47 6851.94 6706.02 6534.77 6169.17 5868.16 5759.13 5655.6 5586.14 5538.29 5526.43 5547.42 5686.11 5766.32 5712.73 5560.68 5331 5029.31 4673.72 4373.81 3846.18 3736.87 3769.36 3755.03 3710.3
5039.08 4943.21 4771.03 4503.46 4132.3 3692.19 3743.15 3785.49 3817.91 3838.31 3772.44 3804.78 3814.24 3974.33 3966.82 4227.36 4647.81 4966.65 4981.94 4973.54 5013.83 5067.72 5102.54 5284.76 5441.87 5593.48 5732.75 5860.87 6053.73 6191.13 6340.96 6499.54 6658.26 6873.57 6979.83 7050.89 7086.35 7086.69 7063.11 7043.43 7025.08 7009.48 6973.44 6926.66 6883.98 6775.19 6468.85 6109.84 6063.88 6006.85 5953.73 5884.82 5817.87 5758.97 5877.12 5903.08 5739.92 5511.08 5234.22 4936.12 4647.51 4443.75 3888.64 3910.24 3874.02 3808.04 3719.84
5774.96 5683.92 5533.08 5304.75 4977.12 4493.15 4555.16 4610.93 4658.04 4693.21 4683.45 4704.75 4699.7 4733.52 4697.75 4646.33 4698.16 4961.81 4991.75 4887.03 4969.89 5067.39 5233.5 5425.65 5585.13 5733.77 5866.66 5986.4 6159.78 6278.64 6406.26 6540.78 6676.46 6866.46 6965.97 7037.85 7079.42 7091.77 7075.8 7058 7041.34 7025.96 7006.81 6984.66 6965.23 6972.66 6871.8 6770.71 6665.86 6567.52 6490.13 6428.99 6379.84 6336.85 6398.48 6276.98 5834.99 5498.29 5177.03 4842.51 4619.19 4502.44 4353.99 4141.24 4008.84 3882.62 3745.56
6557.32 6484.86 6370.92 6205.59 5977.62 5694.97 5479.45 5532.27 5579.46 5616.39 5635.44 5645.65 5625.67 5590.66 5541.2 5479.34 5439.87 5366.94 5343.84 5247.99 5340.33 5452.77 5492.42 5656.7 5814.24 5946.57 6055.46 6150.35 6284.5 6376.07 6475.88 6583.35 6695.01 6860.27 6951.36 7021.08 7064.68 7084.5 7084.23 7075.23 7065.19 7055.86 7048.3 7039.62 7029.39 7024.91 7022.54 7020.54 7018.97 6996.68 6908.46 6859.83 6832.8 6799.46 6806.75 6519.42 5892.16 5391.19 5056.79 4800.8 4613.07 4502.55 4435.35 4292.22 4136.83 3968.81 3783.9
7370.07 7325 7260.53 7167.63 7032.94 6829.34 6506.41 6539.97 6571.9 6597 6613.83 6611.15 6574.13 6517.8 6453.85 6376 6308.36 6248.87 6161.81 6057.52 5945.63 5809 5980.57 6214.46 6227.13 6186.3 6255.09 6317.83 6405.26 6467.91 6540.59 6622.97 6713.01 6856.59 6940.77 7008.56 7053.22 7078.66 7087.92 7086.41 7082.74 7081.39 7081.97 7080.3 7075.35 7072.69 7070.62 7068.48 7066.27 7060.95 7055.04 7050.43 7050.45 7046.83 6910.69 6821.09 6264 5672.04 5245.26 4918.11 4681.52 4668.76 4592.85 4454.94 4278.18 4070.88 3838.16
8195.17 8185.03 8387.65 8171.79 8156.36 8083.09 7530.13 7543.5 7559.87 7585.78 7589.79 7578.38 7538.52 7460.35 7387.26 7300.58 7212.26 7119.59 7011.79 6900.8 6779.14 6640.35 6483.29 6433.23 6558.05 6623.92 6652.47 6682.95 6721.45 6755.88 6789.72 6753.37 6732.34 6868.75 6947.98 7007.23 7045.9 7076.7 7092.24 7095.32 7093.97 7094.04 7098.21 7102.68 7104.07 7105.01 7105.99 7107.06 7108.24 7110.7 7112.89 7115.02 7116.19 7114.24 7077.89 7038.73 6725.19 6242.38 5790.53 5226.56 4910.24 4898.28 4811.96 4657.11 4449.12 4199.38 3913.15
9020.62 9041.26 9089.58 9185.29 9337.76 9515.32 9180.53 8516.33 8536.62 8536.17 8537.64 8517.29 8469.35 8375.9 8298.66 8218.01 8130.08 8036.1 7928.71 7810.06 7670.6 7518.19 7346.93 7165.05 7058.99 7043.4 6978.62 6967.71 6917.44 6907.36 6915.04 6935.66 6965.72 6909.83 6973.85 7019.18 7050.08 7075.67 7095.1 7101.04 7102.53 7104.03 7107.31 7116.19 7126.8 7135.56 7145.51 7156.61 7169.19 7194.13 7215.24 7236.41 7251.05 7265.6 7263.18 7233.46 6975.21 6440.03 5891.16 5411.04 5154.99 5201.93 5100.02 4911.69 4662.71 4363.22 4018.97
9836.1 9870.14 9953.76 10142.2 10493.6 10351.1 10200.2 9914.41 9619.44 9433.59 9422.52 9396.81 9346.71 9281.56 9212.86 9123.78 9047.17 8963.02 8850.2 8719.44 8562.58 8392.11 8201.94 7997.62 7769.72 7518.1 7317.07 7286.16 7123.72 7081.19 7050.67 7029.63 7026.75 7039.11 7017.56 7038.28 7057.04 7075.67 7090.72 7100.34 7104.94 7107.23 7108.99 7117.95 7135.88 7154.33 7176.6 7202.26 7231.9 7288.45 7333.56 7380.19 7420.48 7449.22 7476.73 7454.39 7397.07 7153.35 6729.57 6222.75 5743.22 5654.68 5473.96 5227.61 4925.81 4572.83 4166.55
10636.6 10648.3 10713.3 10935.7 10886.3 10898.9 10742.8 10611.2 10422.1 10256.9 10237.7 10205.6 10155 10107.9 10067.1 10026.7 9953.23 9886.61 9774.15 9630.73 9453.18 9258.45 9041.89 8812.57 8560.99 8286.98 7983.92 7650.63 7324.1 7285.85 7207.42 7146.21 7112.7 7099.43 7088.4 7076.37 7076.91 7084.9 7094.28 7099.64 7103.53 7105.88 7104.98 7116.05 7142.58 7172.09 7208.53 7251.23 7301.25 7394.52 7465.39 7538.81 7607.59 7667.01 7736.3 7711.25 7641.18 7550.65 7291.13 6904.89 6493.66 6199.36 5913.99 5598.27 5240.91 4834.71 4371.9
11397.4 11373.4 11314.9 11273 11314.1 11218.8 11147.6 11093.6 11044.8 11004.4 10980 10948.4 10912.2 10890.9 10888.3 10887.5 10873.8 10876.5 10670.3 10516 10319 10100.8 9859.28 9606.16 9332.86 9040.51 8722.36 8376.35 7994.49 7580.41 7390.28 7287.4 7220.96 7173.38 7146.95 7124.91 7112.37 7112.58 7115.56 7113.75 7109.41 7104.19 7102.7 7119.27 7157.02 7198.57 7249.96 7310.89 7382.83 7514.45 7610.5 7708.33 7801.54 7884.94 7981.3 8013.1 7938.38 7804.08 7689.02 7484.08 7089.77 6735.31 6383.91 6011.13 5604.05 5153.99 4647.67
