data/map/rep7.asc
ncols         217
nrows         146
xllcorner     6.39591e+006
yllcorner     1.68973e+006
cellsize      1135.85
NODATA_value  -99999
[rows 60 to 89 of 146, columns 134 to 200 of 217]
7216.77 6943.86 6628.03 6092.14 5708.12 5362.32 5092.96 4926.49 4827.2 4775.53 4687.7 4522.82 4514.94 4513.5 4589.02 4727.96 4830.78 4822.49 4801.23 4704.85 4533.62 4404.16 4338.61 4278.83 4252.12 4218.28 4144.75 4093.79 4066.18 4052.82 4063.94 4088.93 4116.3 4135.85 4151.76 4152.79 4156.25 4164.52 4104.08 4043.76 4025.6 4056.31 4082.91 4089.08 4073.63 4013.07 3957.51 3939.06 3915.04 3889.86 3912.63 3949.3 3984.12 4017.42 4025.16 3995.22 4048.85 4021.26 3905.53 3668.47 3570.39 3457.29 3383.54 3313.34 3269.98 3345.59 3643.03
7239.01 6994.18 6697.79 6228.92 5878.4 5555.97 5291.03 5101.23 4939.75 4874.38 4798.09 4615.98 4599.58 4576.01 4603.89 4699.5 4768.84 4758.25 4739.22 4666.18 4523.44 4428.99 4379.79 4331.21 4288.33 4243.29 4170.32 4118.57 4093.5 4080.69 4090.12 4115.73 4148.39 4183.17 4223.9 4272.73 4285.51 4259.73 4243.75 4239.81 4172.19 4095.51 4106.67 4120.8 4106.71 4069.59 4028.42 3996.29 3951.59 3915.51 3940.03 3984.52 4047.76 4113.41 4149.01 4132.43 4181.04 3953.83 3974.12 3766.79 3511.94 3404.67 3340.6 3307.74 3296.72 3329.47 3599.88
7272.43 7050 6772.2 6301.18 5963.96 5650.82 5387.37 5188.77 5005.56 4925.2 4834.79 4648.33 4621.89 4608.65 4612.08 4657.81 4703.64 4693.55 4677.95 4617.87 4527.19 4467.18 4426.13 4382.52 4338.23 4292.53 4225.95 4168.77 4137.11 4129.69 4137.93 4157.07 4185.03 4218.86 4252.06 4279.94 4289.46 4260.77 4241.68 4218.02 4176.86 4196.96 4197.97 4178.55 4152.74 4128.06 4109.93 4103.39 4083.72 4100.96 4107.27 4118.02 4134.35 4152.33 4166.9 4144.97 4129.83 4161.96 3850.95 3766.79 3374 3409.76 3358.25 3323.68 3301.52 3345.03 3549.15
7355.99 7127.56 6865.54 6465.75 6151.14 5852.08 5589.11 5375.09 5153.14 5042.5 4807.24 4717.45 4675.95 4644.69 4628.67 4635.83 4647.94 4643.11 4627.94 4596.32 4550.93 4512.41 4474.97 4434.27 4391.99 4348.58 4297.44 4238.76 4194.25 4180.25 4186.17 4209.48 4238.81 4258.63 4272.38 4292.84 4309.36 4318.48 4309.21 4293.99 4258.23 4245.81 4226.57 4208.59 4189.09 4172.16 4155.04 4148.63 4147.55 4143.37 4143.22 4139.78 4122.17 4088.4 4043.41 4004.67 3996.92 3912.49 3759.1 3629.11 3519.44 3419.05 3382.05 3363.03 3349.93 3348.26 3423.66
7674.63 7311.09 6993.02 6647.31 6343.3 6053.38 5782.63 5553.93 5298.83 5161.32 4894.23 4787.34 4725.64 4669.71 4624.19 4621.79 4622.07 4626.64 4624.08 4612.97 4591.13 4561.97 4526.77 4487.91 4446.49 4403.88 4359.71 4325.4 4300.32 4299.47 4303.84 4304.29 4283.2 4274.71 4290.22 4304.69 4317.23 4328.6 4340 4353.69 4368.71 4265.53 4231.18 4227.34 4221.88 4216.33 4208.18 4195.5 4175.18 4156.39 4142.74 4150.38 4145.37 4119.54 4070.03 4000.1 3938.39 3807.95 3691.11 3588.53 3505.73 3431.4 3411.63 3403.84 3399.17 3387.24 3408.94
7972.52 7618.16 7285.68 6969.9 6670.19 6385.5 6114.46 5855.83 5614.91 5400.84 5223.09 5069.34 4949.17 4851.05 4758.03 4673.33 4596.31 4626.08 4661.59 4662.76 4645.47 4617.24 4582.58 4543.65 4502.64 4460.15 4417.73 4375.71 4337.6 4310.68 4297.49 4347.45 4448.35 4529.6 4576.2 4533.67 4387.44 4335.77 4346 4357.5 4366.85 4348.2 4234.37 4242.74 4255.58 4263.21 4265.94 4258.96 4238.24 4204.36 4165.06 4114.64 4062.57 4006.2 3934.96 3862.22 3784.8 3687.32 3602.04 3531.33 3480.31 3446.21 3442.3 3436.07 3432.8 3430.9 3379.66
8253.39 7908.23 7584.88 7276.42 6982.89 6703.98 6439.17 6188.15 5951.18 5736.28 5553.04 5386.74 5240.13 5116.84 4990.2 4883.26 4788.85 4706.28 4736.87 4732.31 4710.48 4679.27 4642.19 4601.97 4627.63 4760.51 4837.87 4881.36 4918.35 4958.72 4992.4 5039.33 5082.08 5086 5071.27 4970.05 4768.99 4451.29 4350.26 4363.74 4388.82 4454.41 4278.36 4255.61 4294.67 4315.74 4333.25 4336.34 4311.02 4252.43 4162.99 4069.61 3978.79 3888.43 3804.71 3727.16 3658.41 3595.27 3550.16 3515.22 3492.32 3478.09 3473.62 3469.53 3461.47 3436.73 3445.94
8520.95 8184 7869.15 7568 7281.03 7008.41 6750.14 6506.49 6278.2 6066.81 5882.23 5709.58 5576.65 5388.35 5202.67 5080.66 4969.53 4872.16 4847.4 4818.9 4785.13 4746.75 4705.41 4890.37 5148.87 5325.1 5428.9 5510.09 5544.69 5544.75 5548.4 5553.88 5553.38 5482.47 5446.66 5354.1 5130.87 4745.83 4349.86 4357.96 4370.5 4381.97 4342.97 4215.03 4351.77 4371.7 4415.06 4442.16 4417.18 4304.49 4180.28 4114.21 3783.93 3571.57 3561.28 3551.87 3543.25 3535.36 3531.72 3521.46 3515.35 3509.72 3504.56 3499.82 3495.46 3490.41 3488.84
8776.38 8447.19 8139.69 7845.38 7564.86 7298.48 7046.52 6809.48 6588.26 6384.29 6201.83 6037.07 5899.19 5657.23 5489.57 5313.74 5155.24 5030.27 4961.57 4910.96 4864.06 4817.59 4770.33 5193.86 5461.8 5572.33 5657.21 5722.2 5762.06 5809.78 5814.52 5802.03 5752.3 5687.35 5695.53 5636.6 5423.39 4981.98 4451.03 4348.25 4352.89 4360.13 4381.3 4206.36 4271.41 4404.23 4513.18 4600.09 4611.09 4336.75 4096.08 3789.45 3621.96 3609.62 3598.31 3587.92 3578.37 3569.6 3561.52 3554.07 3547.23 3540.91 3535.08 3529.72 3524.79 3520.24 3515.28
9019.84 8698.35 8397 8108.96 7834.58 7574.14 7327.98 7096.65 6881.01 6682.34 6502.48 6343.03 6145.79 5952.65 5744.15 5534.85 5340.35 5183.83 5057.71 4999.12 4942.83 4888.77 4849.31 5195.08 5398.48 5526.58 5644.94 5737.64 5804.04 5888.44 5945 5927.76 5896.18 5870.93 5863.6 5796.46 5607.76 5181.66 4644.75 4336.07 4333.1 4324.12 4297.44 4211.85 4190.44 4291.76 4368.6 4436.79 4406.38 4085.62 3807.91 3679.99 3668.48 3650.07 3634.4 3623.12 3612.72 3603.14 3594.28 3586.11 3578.56 3571.58 3565.13 3559.19 3553.7 3547.22 3531.02
9251.16 8936.77 8641 8358.88 8090.36 7835.52 7594.61 7368.1 7156.76 6961.86 6784.3 6616.4 6436.74 6235.65 6005.11 5758.59 5525.6 5327.37 5172.25 5085.11 5019.07 4959.83 4963.97 5093.77 5259.2 5405.22 5533.57 5631.47 5703.55 5779.97 5847.21 5884.48 5915.43 5916.83 5907.89 5848.77 5646.89 5270.12 4783.39 4324.82 4318.8 4306.09 4272.35 4192.36 4138.83 4197.86 4225.3 4265.15 4179.29 3790.68 3728.83 3712.1 3696.76 3682.59 3669.52 3657.43 3646.26 3635.93 3626.36 3617.5 3609.31 3601.71 3594.68 3588.11 3581.17 3568.34 3522.48
9720.27 9349.18 8964.31 8595.21 8332.47 8082.96 7846.79 7624.33 7416.39 7223.32 7046.76 6883.57 6715.52 6514.52 6268.87 5983.15 5711.1 5466.75 5276.46 5149.93 5089.84 5036.04 5029.3 5082.1 5169.95 5281 5393.56 5497.11 5582.41 5649.36 5708.96 5774.82 5834.12 5823.92 5813.52 5794.14 5594.03 5249.16 4834.55 4313.72 4311.71 4308.73 4293.67 4231.12 4164.45 4135.81 4071.5 4062.61 3896.21 3784.86 3765.92 3748.55 3732.36 3717.45 3703.63 3690.82 3678.95 3667.94 3657.72 3648.23 3639.43 3631.26 3623.11 3612.02 3594.26 3556.72 3473.2
10137.9 9737.99 9357.34 8882.23 8561.32 8317.01 8085.21 7866.33 7660.4 7468.62 7291.71 7130.67 6970.09 6780.84 6535.93 6233.48 5929.01 5644.41 5409.28 5248.71 5169 5101.3 5059.86 5052.37 5077.24 5129.44 5205.77 5293.92 5380.9 5459.54 5520.68 5550.53 5575.22 5582.13 5576.24 5529.83 5361.37 5082.41 4759.9 4365.28 4304.97 4323.68 4349.52 4377.83 4268.74 4148.14 4025.61 3883.95 3842.23 3821.15 3801.69 3783.54 3766.81 3751.17 3736.76 3723.26 3710.76 3699.14 3688.33 3678.26 3668.91 3658.53 3645.39 3622.19 3581.42 3515.84 3396.66
10281.7 9892.89 9527.97 9112.75 8777.62 8538.53 8310.98 8094.81 7890.54 7699 7520.76 7356.58 7200.37 7009.31 6650.28 6498.65 6160.6 5838.39 5559.9 5345.56 5252.06 5175.52 5099.35 5044.96 5019.12 5017.92 5044.21 5095.92 5159.78 5232.49 5327.24 5470.26 5575.22 5582.13 5576.24 5529.83 5362.51 5084.16 4762.12 4306.33 4288.52 4309.45 4327.65 4319.36 4221.68 4136.41 3999.05 3925.84 3881.68 3855.99 3835.9 3817.33 3799.94 3783.83 3768.76 3754.77 3741.69 3729.51 3717.66 3707.58 3697.72 3688.53 3616.66 3569.09 3504.72 3415.85 3299.52
10501.6 10199.5 9849.65 9406.58 8982.43 8748.79 8524.92 8311.12 8108.05 7916.06 7735.72 7567.62 7412.31 7171.86 6656.61 6567.85 6395.64 6040.18 5724.49 5467.04 5341.42 5262.4 5165.68 5080.19 5016.33 4971.99 4949.87 4952.87 4980.86 5025.16 5078.71 5215.99 5396 5406.36 5399.03 5345.82 5192.99 4946.23 4666.98 4284.35 4258 4263.89 4262.85 4228.87 4176.44 4107.58 4024.44 3951.5 3911.65 3889.05 3868.82 3848.63 3826.59 3808.09 3797.37 3784.6 3765.81 3745.89 3726.75 3720.58 3725.84 3716.2 3516.11 3454.96 3377.34 3279.03 3162.18
10505.1 10245.5 9984.13 9720.15 9312.44 8948.79 8728.49 8516.96 8314.45 8121.43 7938.41 7765.84 7604.07 7294.22 6776.73 6592.73 6534.42 6323.2 5982.44 5677.76 5480.41 5354.7 5236.06 5136.32 5054 4983.82 4928.63 4891.25 4875.01 4881.07 4879.84 4881.83 4890.16 4891.25 4886.95 4847.58 4731.67 4537.13 4332 4190.05 4203.52 4203.28 4200.56 4168.49 4110.62 4032.97 3942.84 3880.35 3876.93 3902.19 3900.24 3835.52 3751.63 3678.14 3663.11 3656.43 3644.25 3626.11 3636.74 3673.71 3686.13 3566.71 3379.93 3312.57 3230.25 3134.8 3029.94
10587.7 10293.7 10055.2 9812.85 9553.03 9235.88 8923.57 8713.75 8511.31 8316.78 8130.62 7953.21 7784.77 7464.24 6921.83 6597.11 6538.02 6535.97 6244.13 5898.61 5617.63 5446.06 5306.07 5189.73 5090.11 4998.06 4913.66 4839.25 4778.53 4744.1 4724.95 4655.3 4538.5 4389.33 4332.27 4279.64 4231.43 4189.68 4154.95 4130.57 4124.2 4104.2 4068.05 4019.99 3959.29 3881.87 3799 3746.89 3805.7 3897.23 3858.33 3635.11 3569.18 3467.78 3475.02 3480.45 3479.59 3469.24 3459.33 3450.67 3278.17 3130.9 3224.27 3159.7 3083.51 3000.37 2911.83
10850.3 10539.1 10244.2 9884.11 9622.17 9325.49 9111.72 8903.11 8700.24 8503.71 8314.04 8131.59 7956.49 7642.22 7060.46 6699.22 6589.42 6523.84 6453.13 6074.37 5731.21 5514.13 5360.36 5235.33 5127.4 5029.11 4931.91 4835.13 4743.58 4669.43 4607.4 4549.26 4469.5 4377.57 4308.45 4247.06 4190.5 4138.87 4093.95 4057.27 4029.45 3997.25 3933.95 3875.87 3811.24 3730.49 3645.73 3543.66 3401.22 3249.54 3166.1 3172.26 3193.52 3227.02 3245.87 3266.86 3281.16 3282.9 3249.06 3153.35 3015.36 3036.17 3058.31 2998.7 2932.19 2864.09 2776.72
11011.9 10764.5 10486.6 10052.8 9778.2 9506.06 9294.77 9086.72 8882.78 8683.74 8490.2 8302.58 8121 7775.08 7206.59 6826.85 6631.86 6561.77 6528.45 6269.15 5881.76 5574.57 5395.88 5271.72 5157.72 5055.94 4951.59 4845.4 4743.04 4649.04 4564.88 4491.87 4424.82 4354.3 4281.14 4210.42 4143.9 4081.96 4024.17 3972.67 3920.3 3851.36 3805.33 3748.26 3672.73 3578.98 3468.08 3331.03 3179.58 3012.81 2891.61 2853.23 2883.38 2948.03 2981.21 3020.98 3054.28 3072.16 3046.62 2987.25 2923.63 2934.1 2919.78 2878.63 2821.5 2757.29 2698.1
11105.6 10892.7 10646.2 10240.6 9973.96 9696.06 9474.56 9266.18 9060.4 8858.23 8660.42 8467.49 8279.65 7980.34 7372.92 6991.5 6739.58 6605.16 6561.06 6425.8 6017.38 5636.81 5394.29 5268.8 5176.11 5058.65 4942.68 4822.5 4711.08 4620.22 4543.19 4477.46 4415.56 4336.8 4251.99 4168.92 4093.22 4020.42 3948.44 3889.01 3849.61 3698.92 3651.14 3587.52 3506.13 3399.39 3278.57 3146.87 2998.72 2841.28 2699.93 2607.99 2600.52 2640.5 2701.15 2757.07 2814.38 2861.15 2881.51 2879.36 2867.13 2865.25 2850.74 2821.32 2780.83 2735.11 2690.46
11159.2 10969 10747.1 10369.7 10113.8 9862.55 9652.89 9442.99 9234.39 9028.32 8825.73 8627.29 8433.36 8174.9 7634.61 7141.96 6850.05 6667.79 6604.66 6412.96 6075.28 5719.23 5470.04 5303.52 5183.25 5039.83 4904.45 4767.92 4649.68 4559.1 4491.69 4456.75 4417.26 4323.06 4220.63 4120.46 4039.26 3958.31 3859.99 3785.34 3710.2 3633.66 3558.95 3475.42 3385.24 3284.03 3166.51 3018.5 2852.07 2681.38 2527.94 2413.18 2406.57 2458.86 2539.13 2630.79 2700.97 2762.53 2798.94 2811.29 2812.5 2808.91 2796.74 2774.96 2745.57 2711.79 2677.34
11196.6 11023.8 10823.4 10478.2 10249.9 10042.7 9831.41 9618.49 9405.82 9194.9 8986.87 8782.56 8582.53 8385.17 7784.42 7297.53 6981.38 6762.18 6628.34 6479.43 6139.46 5818.37 5564.96 5346.41 5179.06 5014.22 4857.75 4706.19 4585.23 4496.48 4440.42 4491.64 4477.52 4309.4 4187.23 4052.81 3985.2 3913.47 3838.62 3761.25 3681.8 3599.78 3514.34 3424.19 3327.2 3219.28 3095.24 2949.64 2773.99 2609.02 2467.56 2366.84 2330.43 2370.45 2411.16 2521.4 2650.52 2705.76 2740.65 2757 2762.82 2761.33 2752.37 2736.42 2714.6 2689.23 2662.31
11238.7 11088.5 10917.2 10636.9 10436.1 10226.7 10011.6 9793.71 9575.48 9358.57 9144.25 8933.52 8727.12 8525.64 7967.88 7546.3 7201.34 6929.02 6769.35 6594.78 6236.99 5932.38 5649.31 5393 5176.3 4988.63 4812.34 4646.84 4525.59 4330.19 4304.82 4274.47 4235.01 4178.15 4110.61 4042.82 3971.88 3897.41 3819.75 3739.23 3655.85 3569.64 3479.57 3384.63 3283.1 3172.49 3050.25 2917.08 2763.7 2621.83 2499.45 2412.63 2369.41 2357.62 2394.21 2439.66 2596.28 2671.05 2697.24 2713.17 2720.69 2721.06 2715.21 2703.57 2687.47 2668.07 2647.16
11345 11190.1 11023.4 10835.7 10631.3 10416.5 10194.5 9969.29 9743.8 9519.62 9298.03 9080.12 8866.79 8658.88 8264.05 7835.32 7462.84 7137.45 6925.67 6708.15 6331.1 6015.19 5703.28 5422.74 5172.33 4954.73 4761.63 4594.03 4474.95 4395.71 4302.79 4268.87 4232.46 4171.31 4105.92 4035.98 3962.07 3884.54 3803.75 3719.94 3633.02 3543.25 3449.66 3351.64 3248.12 3137.88 3021.39 2894.62 2765.46 2640.21 2529.41 2449.34 2402.97 2376.34 2402.06 2433.41 2537.03 2627.23 2663.73 2677.99 2685.57 2687.31 2683.65 2675.51 2663.44 2648.79 2632.3
11541 11409.1 11242.9 11051 10837.8 10613.3 10380.5 10145.2 9910.82 9678.06 9448.12 9222.12 9001.01 8785.8 8577.74 8188.91 7780.79 7399.95 7077.5 6827.44 6434.95 6100.7 5768.19 5464.71 5191.44 4958.3 4753.72 4585.6 4470.33 4386.7 4315.37 4278.53 4230.35 4172.53 4105.79 4033.08 3955.87 3874.93 3790.74 3703.58 3613.49 3520.5 3424.18 3324.13 3219.86 3110.95 2997.49 2880.62 2763.28 2650.25 2546.76 2470.47 2419.14 2398.71 2404.51 2426.76 2513.89 2584.13 2637.39 2649.33 2656.49 2658.78 2656.94 2651.13 2642.38 2631.08 2618.38
11784.7 11662.5 11488 11287.8 11057.8 10812.3 10568.9 10320 10076.3 9833.67 9594.26 9359.21 9129.32 8905.55 8689.19 8427.82 8080.13 7679.38 7222.62 6899.83 6534.88 6193.53 5844.73 5525.92 5236.91 4990.05 4779.23 4613.67 4502.66 4419.27 4355.07 4295.73 4245.32 4182.67 4111.61 4034.69 3953.38 3868.54 3780.69 3690.1 3596.81 3501.03 3402.4 3300.84 3196.2 3088.57 2978.44 2867.09 2756.8 2650.75 2552.23 2478.59 2430.16 2405.93 2403.68 2456.65 2503.48 2548.78 2590.48 2618.75 2622.5 2634.79 2633.91 2630.15 2623.6 2615.21 2605.19
12097.1 11968 11758.8 11554.4 11293.8 11013.8 10766.9 10499.2 10240.8 9986.04 9736.01 9491.14 9251.49 9017.87 8790.09 8554.9 8137.48 7787.75 7451.4 7060.2 6634.6 6293.67 5930.87 5598.53 5294.98 5038.21 4829.6 4667.14 4557.28 4472.02 4402.09 4337.65 4272.53 4201.18 4123.3 4040.67 3954.4 3865.16 3773.36 3679.21 3582.86 3484.3 3383.55 3280.6 3175.54 3068.66 2960.6 2852.48 2746.06 2643.72 2548.95 2477.62 2429.73 2404.36 2408.21 2445.59 2484.19 2520.41 2552.49 2570.88 2567.04 2556.1 2614.24 2606.24 2563.95 2519.19 2472.53
12419 12329.2 12142.6 11877.3 11551.2 11187.3 10964.1 10676.8 10401.8 10133.6 9872.61 9617.83 9367.63 9124.34 8887.8 8653.55 8331.06 7850.93 7519.67 7195.95 6740.05 6389.21 6030.65 5682.1 5365.12 5107.32 4902.46 4742.27 4630.12 4539.59 4460.17 4387.6 4308.99 4226.22 4139.72 4050.28 3958.38 3864.34 3768.34 3670.54 3570.97 3469.84 3366.88 3262.46 3156.69 3049.93 2942.79 2836.17 2731.22 2629.12 2537.49 2468.51 2422.06 2397.63 2401.02 2428.4 2455.31 2478.58 2496.45 2501.69 2489.33 2469.85 2444.1 2445.45 2400.92 2355.46 2308.37
12632.3 12444.2 12283.7 12048.6 11764.3 11456.3 11147.2 10843.8 10554.5 10274.1 10003 9739.92 9482.64 9232.69 8989.56 8756.18 8527.48 8298.8 7662.13 7359.11 6923.22 6546.25 6149.09 5783.04 5470.84 5213.75 5001.2 4832.23 4712.73 4612.4 4522.34 4438.46 4349.53 4254.74 4159.08 4062.34 3964.57 3865.43 3765.2 3663.58 3560.8 3456.83 3351.73 3245.64 3138.8 3031.56 2924.46 2818.19 2713.51 2611.05 2522.29 2455.81 2411.43 2387.33 2387.5 2402.18 2413.61 2419.87 2420.24 2411.37 2389.39 2360.47 2323.55 2287.94 2238.8 2193.37 2146.2
12600.8 12561.5 12427.3 12208.6 11929.4 11616.8 11297 10984 10686.8 10399.5 10122.7 9855.2 9593.57 9339.45 9091.89 8858.21 8635.1 8421.71 8142.02 7441.93 7226.19 6778.34 6252.1 5934.97 5605.96 5321 5097.54 4920.02 4789.47 4676.81 4581.96 4488.19 4391.08 4284.28 4179.44 4075.64 3971.88 3867.88 3763.13 3657.83 3551.78 3445 3337.55 3229.58 3121.29 3013.04 2905.28 2798.6 2693.57 2590.59 2482.24 2440.85 2397.89 2372.17 2364.65 2363.85 2355.23 2341.98 2320.83 2299.16 2267.59 2232.32 2189 2133.21 2072.99 2033.03 1988.43
