data/map/rep7.asc
ncols         217
nrows         146
xllcorner     6.39591e+006
yllcorner     1.68973e+006
cellsize      1135.85
NODATA_value  -99999
[rows 60 to 89 of 146, columns 0 to 66 of 217]
661.127 889.173 1117.22 1294.3 1408.18 1522.07 1581.76 1589.83 1597.9 1608.06 1619.76 1631.45 1660.03 1697.98 1735.92 1787.41 1844.46 1901.5 2027.33 2173.13 2318.94 2400.63 2470.17 2534.75 2532.91 2531.31 2547.89 2567.84 2587.79 2607.74 2627.91 2648.78 2670.9 2694.57 2719.6 2745.35 2770.81 2795.28 2818.51 2840.67 2862.41 2884.68 2908.12 2932.88 2958.7 2984.84 3010.22 3033.83 3183.95 3384.12 3600.83 3834.23 4067.64 4321.85 4592.19 4862.52 5106.29 5334.39 5562.49 5853.75 6172.78 6491.8 6688.32 6815.44 6943.18 7072.97 7202.76
418.309 677.883 937.457 1136.66 1261.01 1385.36 1454.7 1471.64 1488.59 1509.78 1534.08 1558.37 1594.54 1637.29 1680.04 1736.18 1797.81 1859.45 1988.52 2137.18 2285.84 2366.66 2434.62 2502.58 2538.44 2536.04 2534.07 2544.52 2563.93 2582.86 2601.67 2621.14 2642.58 2666.58 2693 2720.82 2747.88 2773.05 2796.01 2817.03 2837.16 2858.54 2882.21 2908.42 2936.83 2966.39 2995.09 3026.03 3206.84 3387.65 3583.26 3793.82 4004.38 4218.77 4436.12 4653.46 4850.68 5036.01 5221.34 5485.16 5783.47 6081.78 6431.71 6722 6845.67 6969.52 7094.96
209.955 465.808 754.153 973.642 1107.76 1241.88 1321.84 1350.23 1378.62 1411.95 1448.89 1485.84 1529.37 1576.54 1623.72 1683.96 1749.56 1815.16 1946.22 2096.3 2246.38 2326.75 2393.91 2461.06 2543.76 2540.33 2537 2535.38 2540.53 2558.09 2574.76 2591.52 2611.69 2636.18 2665.01 2697.04 2726.81 2753.04 2775.46 2794.26 2810.66 2830.1 2853.76 2881.77 2913.81 2948.79 2982.57 3064.16 3227.02 3389.88 3565.6 3754.31 3943.02 4120.37 4288.91 4457.45 4610.56 4754.57 4898.58 5135.41 5413.02 5690.64 6065.63 6471.31 6746.23 6866.25 6986.12
214.23 242.466 520.047 733.453 867.293 1001.13 1105.74 1182.49 1259.25 1320.66 1370.86 1421.06 1468.68 1514.87 1561.07 1617.5 1678.13 1738.76 1853.77 1984.59 2115.4 2201.44 2278.99 2356.54 2444.02 2532.52 2538.21 2536 2536.41 2538.45 2547.76 2558.48 2576.5 2601.42 2633.81 2675.52 2709.29 2736.83 2758.52 2773.88 2781.12 2797.44 2820.96 2851.07 2887.84 2932.38 2974.49 3043.3 3208.36 3373.41 3546.48 3727.65 3908.82 4089.18 4268.91 4448.63 4592.93 4716.33 4839.73 5056.05 5313.2 5570.35 5921.5 6302.29 6646.76 6761.44 6877.82
218.931 202.024 285.941 493.264 626.827 760.389 889.629 1014.75 1139.88 1229.37 1292.82 1356.28 1408 1453.21 1498.41 1551.04 1606.7 1662.36 1761.33 1872.87 1984.42 2076.13 2164.08 2252.02 2340.84 2429.75 2518.65 2534.01 2535.76 2539.24 2544.57 2550.55 2545.43 2559.18 2593.3 2638.57 2674.62 2703.11 2724.52 2738.25 2742.5 2757.57 2781.58 2813.71 2854.09 2903.88 2950.91 3022.45 3189.7 3356.95 3527.37 3701 3874.63 4057.99 4248.9 4439.81 4575.29 4678.09 4780.88 4976.69 5213.37 5450.05 5777.38 6133.27 6489.16 6656.86 6768.27
218.517 202.501 197.238 196.112 329.501 465.58 619.147 789.372 959.596 1084.37 1175.95 1267.52 1330.67 1378.07 1425.48 1474.58 1524.38 1574.19 1659.62 1755.4 1851.18 1947.24 2043.34 2139.45 2228.63 2317.09 2405.55 2489.48 2533.38 2538.18 2547.06 2568.15 2546.82 2537.31 2541.62 2587.47 2624.12 2653.1 2674.84 2688.72 2693.05 2708.77 2734.07 2768.1 2810.94 2863.62 2913.48 2987.88 3157.75 3327.62 3496.89 3665.57 3834.24 4021.47 4223.08 4424.7 4554.96 4643.14 4731.32 4907.21 5121.65 5336.08 5638.26 5968.08 6297.9 6526.69 6659.13
219.649 206.477 197.528 195.277 192.261 190.298 189.642 188.279 374.704 582.643 801.051 1019.46 1142.81 1213.52 1284.22 1331.75 1369.77 1407.8 1496.38 1599.64 1702.9 1794.54 1883.97 1973.39 2056.44 2138.82 2221.21 2292.44 2363.34 2433.82 2493.3 2542.35 2536.4 2531.15 2527.87 2527.6 2557.93 2586.94 2609.65 2625.37 2632.22 2650.37 2677.83 2713.68 2757.93 2811.68 2862.67 2903.3 3037.53 3212.85 3390.94 3571.83 3752.73 3949.54 4158.69 4367.83 4516.73 4630.1 4743.46 4903.39 5083.79 5264.19 5532.41 5828.3 6124.19 6337.09 6532.53
225.461 221.835 206.803 203.389 199.179 193.908 192.568 191.282 189.609 188.939 426.155 771.395 954.952 1048.96 1142.96 1188.91 1215.17 1241.42 1333.15 1443.89 1554.63 1641.84 1724.59 1807.34 1884.25 1960.55 2036.86 2095.4 2153.42 2211.59 2273.35 2335.11 2399.78 2489.68 2522.29 2524.1 2529.35 2531.11 2532.49 2547.52 2560.07 2582.67 2613.21 2650.84 2695.45 2747.96 2798.06 2839.39 2917.31 3098.08 3284.99 3478.1 3671.22 3877.61 4094.29 4310.97 4478.5 4617.05 4755.59 4899.57 5045.94 5192.3 5426.57 5688.53 5950.49 6147.5 6330.84
235.349 232.001 229.479 224.911 224.443 204.744 201.169 202.473 198.514 193.326 193.677 471.563 698.99 808.785 918.579 960.435 974.439 988.444 1103.84 1248.69 1393.54 1478.95 1553.1 1627.24 1696.58 1765.42 1834.26 1881.72 1928.56 1975.95 2037.5 2099.06 2162.87 2246.3 2329.72 2418.38 2522.24 2527.92 2535.11 2545.72 2561.54 2580.5 2600.85 2622.1 2644.46 2672.16 2718.03 2759.29 2795.04 2962.91 3161.73 3365.35 3568.96 3780.88 3999.24 4217.59 4397.12 4553.73 4710.35 4842.44 4963.75 5085.06 5293 5528.23 5763.47 5949.62 6125.44
237.247 236.91 236.276 234.38 233.343 226.419 213.404 205.963 204.008 200.277 200.797 199.386 195.564 259.523 354.403 381.858 381.673 381.488 604.469 892.262 1180.05 1274.41 1332.09 1389.77 1445.66 1501.36 1557.06 1600.03 1642.62 1685.54 1736.69 1787.83 1840.51 1906.51 1972.51 2044.9 2148.67 2252.45 2353.89 2447.73 2541.57 2586.67 2608.6 2631.31 2654.2 2676.27 2696.63 2714.77 2730.4 2757.26 2967.74 3174.83 3381.92 3582.81 3778.88 3974.96 4139.3 4284.93 4430.56 4567.39 4700.36 4833.32 5046.12 5284.07 5522.02 5717.86 5904.83
239.234 237.544 237.544 236.934 235.941 227.994 226.064 210.364 204.043 201.439 201.075 200.797 199.685 198.035 203.948 214.258 227.875 238.63 236.308 535.833 966.573 1069.87 1111.08 1152.3 1194.74 1237.3 1279.87 1318.34 1356.69 1395.13 1435.87 1476.61 1518.16 1566.73 1615.3 1671.41 1764.61 1857.81 1952.78 2053.49 2154.21 2262.35 2387.8 2513.25 2647.71 2688.02 2709.28 2728.01 2743.8 2756.37 2773.75 2984.32 3194.88 3384.74 3558.53 3732.33 3881.49 4016.13 4150.78 4292.35 4436.96 4581.58 4799.23 5039.91 5280.58 5486.1 5684.23
243.204 242.46 238.116 237.544 237.263 235.612 227.453 220.636 209.211 203.915 202.78 201.039 201.851 204.82 219.555 300.511 297.634 271.283 254.289 237.169 659.818 793.104 846.87 900.636 938.367 974.44 1010.51 1045.1 1079.65 1114.15 1147.56 1180.98 1214.52 1249.16 1283.8 1326.39 1408.07 1489.75 1577.59 1685.48 1793.38 1909 2042.56 2176.12 2316.63 2469.16 2621.69 2744.19 2760.43 2772.83 2780.95 2784.19 2956.19 3130.23 3281.86 3433.49 3569.13 3695.32 3821.52 3968.44 4124.47 4280.51 4501.42 4742.77 4984.13 5204.16 5419.71
243.45 241.703 242.085 242.283 237.548 236.879 234.492 226.429 214.68 213.568 210.298 206.89 211.361 230.622 309.57 315.978 313.664 293.12 276.787 246.122 231.504 313.159 461.1 609.04 666.657 714.938 763.22 795.649 827.623 859.701 894.456 929.21 963.53 994.081 1024.63 1061.43 1128.93 1196.43 1275.31 1391.27 1507.24 1627.24 1756.62 1886.01 2021.38 2167.13 2312.87 2537.96 2727.46 2770.73 2801.33 2803.73 2800.17 2790.2 2846.76 2976.55 3103.27 3228.19 3353.1 3507.1 3673.88 3840.67 4060.31 4296.61 4532.91 4781.04 5031.66
243.881 243.122 243.148 242.825 242.794 236.287 234.858 227.436 223.192 215.313 212.656 216.573 237.681 323.597 321.577 318.231 317.24 305.999 300.888 251.098 239.935 237.84 238.263 317.443 394.946 455.437 515.926 546.198 575.599 605.253 641.349 677.444 712.545 739.007 765.469 796.472 849.788 903.104 973.026 1097.06 1221.1 1345.49 1470.69 1595.89 1726.13 1865.09 2004.05 2229.07 2567.29 2713.87 2756.57 2796.42 2825.45 2815.79 2801.47 2784.93 2784.13 2789.37 2884.68 3045.76 3223.29 3400.83 3619.2 3850.45 4081.69 4357.91 4643.6
246.469 243.715 243.194 243.122 243.371 240.297 236.307 230.426 223.051 221.486 241.609 336.559 343.705 352.876 358.479 359.918 349.205 333.448 315.305 256.222 243.329 244.341 240.717 240.169 238.18 243.716 303.266 328.721 353.195 377.772 404.993 432.214 459.484 487.182 514.88 545.388 589.704 634.02 697.084 821.246 945.408 1070.08 1195.93 1321.79 1450.49 1584.1 1717.71 1935.82 2265.07 2594.33 2704.72 2746.01 2784.31 2819.93 2828.97 2803.29 2802.48 2800.76 2797.88 2794.32 2823.68 3009.93 3227.21 3454.26 3681.31 3974.79 4282.27
248.723 248.254 245.082 243.493 243.044 238.608 235.742 241.706 276.149 338.358 347.353 349.576 357.87 364.53 373.176 377.247 378.239 371.836 360.27 264.593 250.88 248.86 246.541 245.044 244.763 243.658 241.046 236.472 228.986 215.538 202.967 200.375 202.171 242.018 281.863 322.739 368.673 414.608 475.116 583.114 691.112 807.657 944.095 1080.53 1215.05 1346.24 1477.43 1674.6 1958.54 2242.49 2450.53 2581.94 2713.35 2773.56 2806.8 2837.41 2819.12 2816.86 2815.07 2813.85 2810.92 2804.55 2935.85 3160.49 3385.12 3673.69 3975.71
253.234 252.337 250.168 249.36 253.371 258.545 289.121 344.742 344.939 353.036 354.482 368.721 371.947 375.599 380.957 385.74 383.373 383.516 370.904 268.367 257.217 249.833 247.364 246.062 246.403 246.403 246.008 242.606 236.97 222.649 198.946 164.248 135.769 94.0868 69.746 100.089 147.643 195.197 253.148 344.984 436.818 545.236 692.254 839.272 979.609 1108.38 1237.16 1413.38 1652.01 1890.65 2088.03 2243.76 2399.49 2519.19 2610.96 2702.73 2815.15 2838.65 2835.51 2834.94 2832.28 2825.32 2818.37 2866.72 3088.94 3372.58 3669.14
260.238 264.088 267.42 322.208 327.144 333.149 345.042 344.057 351.459 368.619 372.944 379.12 380.746 381.367 383.074 386.761 387.772 392.452 386.613 278.558 262.245 257.366 250.96 249.167 252.084 252.046 252.084 249.092 243.658 227.204 255.378 356.361 351.692 131.763 86.6057 58.8772 55.3374 54.1123 85.2173 171.042 256.866 363.533 518.719 673.903 816.125 935.908 1055.69 1209.94 1409.51 1609.08 1793.18 1961.65 2130.12 2257.14 2352.01 2446.88 2559.5 2682.59 2805.68 2844.58 2851.33 2845.05 2837.48 2826.78 2815.3 3071.31 3360.92
284.014 327.612 337.159 339.297 348.926 361.286 362.58 361.291 359.104 372.041 385.306 381.874 382.469 388.402 388.215 392.139 399.845 406.852 397.032 338.955 272.921 264.146 260.389 257.441 252.245 253.748 255.737 252.946 249.757 259.474 319.185 397.464 379.637 187.199 119.055 62.6131 56.7856 57.4189 55.079 95.978 191.431 306.17 465.802 625.434 763.476 864.149 964.824 1095.5 1265.62 1435.75 1602.53 1765.92 1929.31 2059.1 2162.84 2266.59 2379.32 2497.34 2615.37 2776.47 2815.35 2831.83 2848.76 2846.31 2834.2 2822.51 3050.13
337.067 333.243 342.753 344.444 353.564 362.992 378.458 377.782 379.041 388.182 397.516 394.63 400.498 415.494 422.081 421.689 417.576 413.301 407.885 358.079 276.891 275.464 262.82 259.62 257.286 255.788 256.287 256.498 254.833 281.803 402.645 405.242 409.381 385.527 147.187 79.416 64.1325 56.7612 56.7082 23.6771 125.997 248.807 412.886 576.964 710.826 792.391 873.956 981.055 1121.74 1262.43 1411.88 1570.19 1728.5 1861.06 1973.68 2086.29 2199.13 2312.1 2425.06 2575.63 2742.71 2781.4 2798.29 2813.78 2827.98 2841.57 2830.69
352.444 344.842 363.168 369.753 371.033 387.971 389.464 386.552 390.624 394.081 399.041 403.594 413.523 427.433 423.876 423.503 421.939 415.17 419.472 414.797 294.993 277.651 271.285 264.683 261.558 260.579 260.382 259.595 260.571 319.159 417.639 419.706 410.749 417.57 199.602 127.824 82.2693 64.2754 60.6129 29.3105 109.838 235.784 397.19 558.598 688.72 764.697 840.673 929.756 1036.08 1142.4 1266.03 1407.14 1548.24 1681.11 1807.59 1934.07 2051.56 2163.73 2275.91 2414.03 2563.56 2713.08 2749.6 2765.32 2776.88 2788.93 2800.8
387.942 371.642 379.141 379.774 385.701 388.744 394.129 398.651 398.047 403.233 413.085 414.998 444.552 439.333 435.951 434.501 436.446 442.725 432.249 437.767 320.523 292.771 276.362 269.355 263.304 261.046 260.949 260.385 287.802 344.521 392.57 450.095 458.367 444.372 424.057 176.579 135.156 85.3548 65.1622 40.0469 151.681 274.951 425.308 575.665 702.565 788.867 875.17 952.776 1018.95 1085.11 1172.91 1282.55 1392.19 1522.44 1668.67 1814.91 1942.38 2058.78 2175.18 2298.63 2425.16 2551.7 2697.35 2713.68 2727.52 2738.24 2748.06
429.222 414.255 403.296 397.257 393.697 412.011 439.154 421.085 413.7 425.373 456.38 459.777 463.166 462.548 463.41 441.528 443.613 450.892 454.422 445.108 407.576 321.521 296.722 280.271 271.151 265.969 264.449 271.883 338.094 366.311 438.094 463.123 467.159 429.212 409.968 174.921 138.729 81.5703 66.8583 80.9673 193.523 314.118 453.424 592.731 716.409 813.038 909.667 975.797 1001.81 1027.83 1079.8 1157.97 1236.14 1363.78 1529.76 1695.74 1833.19 1953.83 2074.46 2183.22 2286.77 2390.31 2527.81 2676.01 2685.82 2690.35 2697.63
545.114 533.887 495.849 498.117 449.539 448.344 470.353 475.38 462.364 465.892 469.945 464.986 465.854 464.175 464.29 462.186 461.995 476.159 470.33 458.19 443.567 365.683 327.195 313.271 296.509 290.124 312.745 357.015 419.342 436.103 555.91 540.885 540.951 435.702 228.041 160.976 116.955 70.0126 58.3774 100.402 213.396 332.72 466.779 600.837 722.985 824.518 926.051 986.731 993.674 1000.62 1035.57 1098.8 1162.02 1288.42 1463.78 1639.14 1781.34 1903.98 2026.62 2128.41 2221.03 2313.65 2447.28 2593.83 2644.79 2647.19 2653.19
577.323 555.962 506.727 510.13 499.966 495.593 494.43 480.138 478.347 481.625 480.792 471.152 469.798 469.117 471.931 476.584 476.989 477.28 475.891 476.055 441.185 431.386 375.862 374.376 387.666 428.713 463.472 467.923 581.803 657.483 591.859 469.987 303.754 223.415 160.477 121.038 92.8215 62.7369 58.2947 100.402 213.396 332.72 466.778 600.837 722.985 824.518 926.051 986.73 993.674 1000.62 1035.57 1098.8 1162.02 1288.41 1463.78 1639.14 1781.34 1903.98 2026.62 2128.41 2221.03 2313.65 2447.28 2593.83 2597.87 2596.92 2604.07
600.457 580.242 538.178 531.465 536.922 526.319 512.16 501.144 493.735 485.032 484.778 483.283 482.441 484.035 488.471 490.449 497.126 502.847 510.852 515.196 492.56 492.204 478.517 511.202 707.478 791.033 733.607 644.719 650.069 559.314 374.635 291.873 207.825 154.257 127.686 95.1133 73.5836 60.0402 53.1767 100.403 213.396 332.721 466.779 600.837 722.985 824.518 926.05 986.731 993.673 1000.62 1035.57 1098.8 1162.02 1288.41 1463.77 1639.14 1781.34 1903.98 2026.62 2128.41 2221.03 2313.65 2447.28 2550.8 2545.75 2546.9 2549.92
653.651 604.942 585.27 575.861 563.132 552.978 534.898 530.059 514.691 504.933 502.834 498.312 500.635 504.728 511.82 531.457 558.14 558.784 578.689 582.22 603.816 736.355 1090.51 1060.37 856.136 744.691 662.536 616.687 540.247 398.744 318.539 227.413 211.223 145.084 113.038 81.5322 69.106 60.8948 58.2503 110.679 199.597 297.352 415.676 534 647.265 751.771 856.278 932.52 971.582 1010.64 1061.42 1124.01 1186.61 1311.25 1483.98 1656.72 1789.85 1899.63 2009.4 2099.16 2180.11 2261.07 2379.77 2468.02 2473.06 2480.26 2486.48
695.86 658.218 628.07 599.5 580.775 570.841 547.785 542.084 528.626 525.197 524.757 525.596 530.395 541.834 560.366 610.626 646.889 675.475 708.241 850.307 1168.07 1135.19 1065.44 1024.87 744.611 689.88 617.47 572.921 429.663 336.253 243.854 226.086 218.185 138.302 101.583 75.7158 66.341 61.4758 79.9141 128.076 176.237 237.48 329.169 420.859 519.086 628.626 738.167 840.75 934.183 1027.62 1105.17 1166.7 1228.23 1349.9 1518.2 1686.49 1804.27 1892.26 1980.25 2049.64 2110.84 2172.05 2265.49 2369.09 2397.1 2407.9 2417.85
747.526 706.321 663.524 637.255 616.954 600.383 585.218 585.304 578.394 588.155 589.622 607.52 623.964 656.735 688.586 735.763 1058.98 1225.87 1192.17 1201.48 1194.44 1130.29 1087.92 974.477 737.164 594.654 582.631 575.999 358.706 255.507 227.151 223.919 214.175 124.98 91.6373 70.8717 60.6492 100.116 138.067 145.472 152.878 177.607 242.663 307.717 390.906 505.48 620.054 748.98 896.784 1044.59 1148.93 1209.39 1269.86 1388.56 1552.41 1716.26 1818.69 1884.9 1951.1 2000.12 2041.57 2083.03 2151.21 2227.8 2304.4 2327.17 2339.57
841.496 793.503 749.365 722.949 685.348 683.644 695.937 704.772 730.098 745.156 750.378 768.181 788.542 1164.79 839.293 945.571 1263.11 1184.33 1236.34 1246.79 1175.21 1143.73 872.232 568.565 513.99 580.031 593.861 552.778 270.503 228.221 224.018 223.09 202.475 106.632 82.2566 65.7719 60.4793 54.0138 52.9967 42.6081 9.25682 -72.5669 -129.222 -126.457 -86.2739 -12.6699 60.9343 254.148 604.689 955.231 1176.69 1267.81 1358.94 1486.86 1643.31 1799.76 1882.79 1922.5 1962.22 1991.89 2017.14 2042.4 2091.31 2147.67 2204.03 2247.88 2262.97
