data/map/rep7.asc
ncols         217
nrows         146
xllcorner     6.39591e+006
yllcorner     1.68973e+006
cellsize      1135.85
NODATA_value  -99999
[rows 0 to 29 of 146, columns 134 to 200 of 217]
3784.51 3731.58 3643.77 3791.77 3915.59 4014.49 4088.58 4138.19 4163.48 4164.38 4140.77 4092.38 4018.59 3918.4 3790.8 3635.29 3452.27 3424.92 3211.65 3087.85 2897.66 2669.77 2628.98 2593.71 2586.06 2579.11 2572.63 2566.64 2561.16 2556.21 2551.82 2547.98 2544.71 2542.01 2539.88 2458.36 2460.33 2463 2466.27 2469.9 2473.81 2477.81 2481.84 2485.78 2489.58 2493.15 1596.46 1599.46 1602.14 1604.46 2506.43 2508.03 2509.27 2510.16 1610.71 1610.93 1610.84 1610.48 1609.84 1608.98 1607.89 1606.63 1605.19 1603.64 1601.96 1600.22 1598.41
3799.64 3735.68 3665.78 3815.95 3940.51 4039.29 4113.06 4162.51 4187.87 4188.89 4165.55 4117.79 4044.98 3945.8 3818.72 3662.8 3478.11 3423.13 3230.2 3087.59 2909.07 2663.87 2623.41 2593.11 2585.69 2578.72 2572.21 2566.2 2560.7 2555.74 2551.33 2547.49 2544.22 2541.52 2539.4 2363.3 2067.52 1812.97 1789.76 1776.99 1769.98 1765.94 1747.4 1522.84 1202.9 801.561 271.762 -258.036 -526.322 -541.625 -562.563 -549.974 -506.234 -613.589 -628.062 -666.141 -688.213 -745.131 -750.585 -830.767 -880.666 -984.792 -908.884 -849.188 -938.366 -841.612 -998.318
3800.59 3743.89 3710.41 3865.74 3991.2 4089.12 4161.87 4210.91 4236.6 4237.75 4214.77 4168.23 4097.75 4001.11 3875.46 3719.1 3531.08 3419.72 3268.17 3087.07 2929.37 2656.35 2612.47 2592.44 2584.96 2577.92 2571.37 2565.3 2559.77 2554.78 2550.36 2546.51 2543.24 2540.54 2538.43 2350.07 2054.92 1818.86 1799.78 1795.69 1790.61 1773.97 1760.32 1538.71 1221.74 847.616 383.288 -81.041 -491.995 -511.836 -486.384 -504.399 -553.622 -574.175 -615.969 -672.153 -749.685 -793.726 -884.909 -941.107 -1028.67 -991.168 -884.366 -900.259 -937.73 -860.243 -912.726
3790.4 3756.23 3777.31 3945.39 4069.42 4164.1 4234.4 4282.66 4309.88 4310.72 4287.56 4242.62 4176.67 4085.43 3962.93 3807.04 3613.7 3414.34 3330.86 3086.28 2953.86 2682.56 2599.42 2591.43 2583.84 2576.73 2570.08 2563.96 2558.37 2553.35 2548.89 2545.03 2541.74 2539.07 2536.96 2330.26 2036.14 1822.36 1818.71 1801.57 1790.07 1789.94 1782.29 1554.59 1240.59 893.672 494.813 95.9541 -271.245 -477.254 -571.263 -644.155 -683.064 -700.164 -688.601 -650.995 -700.272 -794.462 -890.643 -977.017 -990.076 -976.896 -931.8 -904.351 -903.639 -946.817 -917.458
3776.95 3772.72 3858.06 4069.08 4177.02 4263.46 4328.98 4375.44 4409.55 4407.68 4382.12 4338.03 4280.9 4201.01 4083.78 3932.43 3728.51 3494.66 3418.44 3085.22 2990.44 2723.89 2598.22 2590.06 2582.35 2575.1 2568.36 2562.14 2556.49 2551.4 2546.92 2543.02 2539.75 2537.07 2535.01 2303.93 2011.39 1838.18 1825.03 1813.35 1814.71 1793.16 1799.86 1708.62 1418.6 1096.92 725.281 353.646 9.26855 -302.27 -539.682 -557.672 -613.427 -813.054 -757.99 -752.419 -757.797 -723.852 -780.828 -893.492 -963.365 -982.741 -923.723 -907.448 -901.303 -1039.42 -1011.94
3789.94 3897.15 3933.76 4118.61 4203.03 4282.96 4336.85 4374.14 4399.17 4393.19 4365.5 4320.81 4264.63 4189 4084.56 3937.89 3738.35 3507.88 3410.84 3083.87 3010.56 2746.09 2596.66 2588.34 2580.44 2573.05 2566.16 2559.85 2554.1 2548.96 2544.41 2540.51 2537.21 2534.56 2532.51 2271.22 1980.93 1842.89 1838.47 1827.8 1815.3 1813.77 1810.01 1804.3 1649.27 1352.17 995.103 638.039 309.555 15.5063 -278.542 -462.637 -544.923 -627.209 -711 -795.86 -821.987 -722.149 -839.236 -903.802 -921.984 -1061.68 -1037.94 -906.786 -1106.98 -1007.87 -782.327
3853.72 3957.3 3993.98 4153.57 4230.74 4290.92 4335.24 4365.41 4383.74 4374.93 4345.84 4300.48 4243.76 4167.24 4076.94 3932.88 3736.71 3509.4 3401.23 3082.21 3016.52 2752.1 2594.79 2586.2 2578.12 2570.53 2563.51 2557.04 2551.2 2545.96 2541.39 2537.43 2534.14 2531.49 2525.35 2232.35 1945.15 1853.88 1851.96 1842.74 1838.38 1831.42 1817.84 1816.79 1808.73 1607.42 1264.92 922.431 609.841 333.283 56.7241 -98.3569 -140.959 -183.561 -253.772 -343.577 -433.382 -752.788 -877.618 -1059.92 -1042.32 -904.818 -939.976 -841.242 -995.852 -883.342 -714.054
3921.77 4015.21 4081.48 4193.5 4247.7 4289.89 4321.04 4341.9 4351.66 4339.41 4309.13 4264.02 4208.94 4139.45 4045.26 3908.85 3718.67 3496.51 3390.64 3080.24 3005.86 2737.95 2592.51 2583.69 2575.33 2567.55 2560.32 2553.73 2547.73 2542.43 2537.76 2533.79 2530.48 2527.87 2476.12 2187.7 1904.57 1859.1 1845.95 1848.55 1838.72 1815.8 1784.58 1781.3 1754.61 1743.99 1535.38 1191.26 908.464 699.566 490.668 384.125 372.357 360.588 229.526 13.8013 -201.923 -630.875 -957.504 -997.935 -907.201 -879.034 -834.191 -728.192 -693.281 -683.252 -672.185
3983.5 4064.2 4113.43 4212.59 4244.98 4271.34 4291.9 4305.78 4309.01 4294.31 4264.21 4222.15 4172.46 4110.78 4015.55 3871.69 3681.52 3463.32 3377.93 3077.93 2966.44 2688.51 2589.88 2580.7 2572.1 2564.03 2556.62 2549.82 2543.72 2538.27 2533.56 2529.53 2526.24 2523.64 2420.34 2137.78 1865.19 1847.39 1835.25 1826.08 1812.12 1800.51 1787.18 1763.97 1743.54 1726.09 1714.83 1456.6 1206.71 1076.71 946.704 893.072 910.156 927.238 718.66 349.932 -18.7966 -564.055 -928.428 -755.631 -710.92 -662.995 -639.196 -666.048 -660.162 -646.425 -672.247
4041.77 4106.88 4170.19 4204.84 4220.36 4235.1 4248.6 4258.33 4257.75 4241.95 4213.42 4177.58 4139.23 4080.9 3969.98 3816.88 3623.99 3408.22 3364.46 3075.26 2895.79 2603.79 2586.79 2577.29 2568.32 2560.01 2552.32 2545.35 2539.05 2533.51 2528.69 2524.65 2521.34 2518.8 2358.58 2083.24 1853.05 1846.81 1827.82 1809.51 1794.86 1768.71 1764.93 1755.87 1709.62 1704.15 1686.09 1676.97 1504.96 1453.85 1402.74 1402.02 1233.75 1175.99 1077.39 686.063 164.33 -497.235 -867.165 -672.895 -642.347 -623.39 -619.887 -623.269 -643.19 -658.064 -659.174
4104.89 4120.06 4157.81 4172.3 4177.35 4185.04 4194.76 4203.12 4202.77 4188.31 4162.61 4132.1 4110.83 4050.54 3907.27 3742.61 3545.2 3329.79 3297.85 3072.2 2794.39 2593.74 2583.28 2573.33 2564.04 2555.36 2547.43 2540.2 2533.76 2528.06 2523.18 2519.07 2515.79 2513.28 2291.6 2024.88 1859.03 1831.11 1800.5 1781.09 1772.29 1740.68 1713.11 1694.91 1629.53 1606.31 1634.57 1618.9 1575.25 1448.61 1322.34 1213.54 1101.02 1145.7 1159.09 782.774 244.269 -400.858 -747.152 -666.27 -619.254 -605.507 -617.342 -626.642 -648.932 -646.44 -664.348
4153.43 4121.46 4136.85 4130.57 4128.71 4132.06 4139.68 4148.4 4152.27 4142.1 4124.04 4105.36 4077.41 3990.51 3824 3648.05 3444.98 3309.38 3190.44 2970.43 2664.54 2590.24 2579.23 2568.86 2559.11 2550.12 2541.83 2534.4 2527.72 2521.91 2516.92 2512.8 2509.51 2480.35 2220.32 1963.58 1842.45 1824.41 1799.52 1746.99 1739.64 1658.67 1689.63 1632.51 1580.58 1418.96 1536.85 1455.76 1487.74 1389.07 1333.96 1212.14 1237.28 1304.03 1342.94 847.683 310.5 -300.556 -710.009 -661.592 -623.637 -603.704 -606.484 -621.302 -632.579 -638.642 -726.399
4196.89 4124.79 4130.84 4113.6 4110 4111.66 4118.18 4126.73 4132.81 4124.38 4109.47 4096.37 4055.58 3955.26 3777.58 3596.29 3389.9 3289.19 3087.32 2902.57 2598.36 2586.2 2574.66 2563.74 2553.59 2544.15 2535.58 2527.79 2520.96 2514.96 2509.9 2505.72 2502.48 2393.59 2145.73 1900.25 1824.3 1797.92 1754.35 1638.18 1657.23 1584.06 1556.43 1536.28 1486.13 1309.9 1413.7 1318.83 1358.21 1370.57 1303.16 1422.39 1420.59 1439.62 1448.45 912.592 376.731 -200.253 -727.498 -645.608 -591.26 -586.694 -600.739 -609.321 -615.866 -643.886 -939.917
4205.92 4145.49 4134.23 4106.68 4097.1 4096.89 4098.68 4101.58 4104.8 4096.48 4080.4 4048.27 3986.64 3863.52 3664.53 3471.55 3255.63 3225.04 3061.42 2734.49 2594.47 2581.68 2569.46 2558.03 2547.32 2537.5 2528.49 2520.46 2513.35 2507.22 2502.03 2497.84 2494.61 2303.51 2068.77 1848.13 1758.47 1771.31 1682.2 1582.52 1578.13 1513.12 1394.25 1423.13 1444.14 1222.28 1280.41 1326.44 1129.3 1206.41 1310.46 1519.8 1518.98 1511.35 1451.73 915.94 380.147 -195.08 -745.042 -656.662 -582.134 -596.06 -595.945 -618.744 -622.177 -680.347 -794.893
4148.25 4158.64 4153.3 4154.3 4149.95 4149.04 4139.4 4118.92 4083.62 4053.73 4015.13 3961.85 3884.07 3745.76 3530.73 3325.25 3210.98 3081.26 2987.38 2604.28 2590.12 2576.5 2563.67 2551.55 2540.34 2529.97 2520.62 2512.19 2504.85 2498.53 2493.27 2489.04 2434.09 2211.05 1990.13 1770.6 1729.29 1654.5 1627.91 1502.87 1503.34 1315.51 1287.21 1219.92 1271.52 1223.22 1101.18 1172.64 1233.73 1315.83 1472.27 1552.15 1570.79 1570.24 1451.73 915.939 380.146 -195.08 -791.487 -743.976 -585.044 -580.201 -592.645 -600.534 -710.205 -719.638 -817.964
4044.37 4116 4119.66 4198.58 4210.62 4211.33 4180.5 4117.19 4017.62 3953.32 3895.38 3829.51 3743.9 3599.37 3375.7 3157.79 3107.18 3036.19 2764.38 2600.25 2585.15 2570.75 2557.09 2544.35 2532.46 2521.63 2511.75 2503.03 2495.35 2488.9 2483.51 2479.29 2325.66 2116.46 1910.1 1715.97 1601.85 1507.82 1428.35 1407.1 1313.38 1295.45 1133.49 1126.1 1208.65 1135.68 1258.62 1281.75 1322.47 1512.24 1556.47 1524.04 1517.74 1568.26 1451.08 916.078 381.071 -194.263 -791.235 -648.325 -566.353 -560.032 -577.147 -590.412 -641.711 -738.128 -884.965
3948.75 3983.36 4073.28 3985 4110.34 4171.49 4112.45 3999.24 3850.31 3769.92 3709.51 3645.94 3563.78 3423.43 3201.25 3111.16 3085.5 2801.59 2612.36 2595.63 2579.57 2564.22 2549.8 2536.23 2523.73 2512.24 2501.95 2492.76 2484.86 2478.11 2472.71 2415.77 2214.19 2019.03 1828.47 1714.18 1689.05 1391.17 1361.66 1381.66 1272.8 1197.56 1146.33 1179.96 1291.37 1340.42 1326.89 1397.82 1511.03 1559.77 1553.2 1453.15 1394.55 1478.44 1405.12 925.881 446.639 -136.318 -645.452 -552.789 -557.77 -557.446 -570.894 -618.407 -682.006 -787.263 -865.858
3839.43 3835.49 3865.46 3961.61 3877.56 3883.52 3806.82 3710.13 3569.73 3511.97 3475.27 3429.68 3359.79 3231.96 3111.71 3095.46 2919.46 2626.76 2608.28 2590.45 2573.25 2556.98 2541.56 2527.23 2513.93 2501.87 2490.97 2481.43 2473.14 2466.26 2460.72 2350.55 2145.5 1941.99 1825.12 1768.36 1758.27 1610.82 1491.8 1422.53 1282.65 1293.44 1332.63 1423.36 1450.05 1522.47 1452.69 1511.71 1557.18 1590.77 1498.86 1523.25 1467.68 1516.71 1359.16 935.684 512.206 -78.3723 -623.996 -542.501 -549.719 -565.837 -632.613 -682.695 -705.547 -789.286 -856.614
3752.87 3746.38 3740.22 3736.95 3685.27 3635.8 3560.26 3471.16 3376.57 3311.55 3267.47 3236.78 3232.82 3124 3106.48 3089.65 2833.11 2623.44 2603.68 2584.56 2566.24 2548.8 2532.44 2517.12 2503.08 2490.25 2478.85 2468.77 2460.22 2453.05 2447.44 2330.63 2123.45 1918.02 1867.76 1848.17 1778.77 1703.47 1550.14 1411.89 1474.61 1546.83 1546.67 1508.03 1518.09 1573.39 1525.88 1517.12 1558.43 1638.65 1547.47 1511.03 1496.87 1552.46 1293.69 926.9 560.111 -32.3284 -542.743 -535.168 -540.427 -568.904 -688.136 -616.894 -816.701 -862.238 -814.447
3693.94 3656.68 3612.34 3560.41 3491 3413.94 3327.43 3237.52 3153.97 3090.09 3046.35 3017.12 2995.65 2955.52 2939.62 2945.45 2708.91 2619.66 2598.43 2577.95 2558.31 2539.73 2522.19 2505.95 2490.94 2477.43 2465.31 2454.82 2445.83 2438.52 2432.75 2265.06 2099.63 1911.32 1886.5 1881.44 1855.19 1788.61 1651.57 1597.81 1652.31 1650.4 1593.19 1542.26 1582.36 1604.67 1639.43 1590.81 1621.03 1636.78 1646.08 1540.41 1390.49 1240.58 1003.21 703.763 404.321 -123.549 -518.074 -522.996 -560.406 -616.479 -595.027 -632.59 -774.713 -759.565 -828.825
3648.58 3574.54 3491.52 3401.84 3303.92 3201.92 3097.66 2997.81 2911.46 2848.66 2810.59 2789.8 2777.09 2762.83 2751.04 2728.98 2650.6 2615.29 2592.53 2570.5 2549.51 2529.54 2510.86 2493.43 2477.54 2463.1 2450.38 2439.27 2429.98 2422.37 2166.89 2047.51 1954.14 1917.73 1903.11 1883.25 1811.43 1798.19 1703.72 1673.66 1692.81 1657.41 1587.08 1640.53 1625.65 1621.12 1618.62 1670.68 1566.97 1437.79 1308.62 1176.08 1040.43 904.78 712.719 480.626 248.531 -214.771 -510.709 -592.039 -645.765 -670.527 -617.457 -714.546 -703.873 -694.603 -731.107
3616.21 3500.61 3378.07 3250.77 3121.54 2991.57 2863.94 2744.22 2645.69 2582.28 2557.71 2554.26 2560.18 2567.61 2572.74 2568.82 2549.21 2539.61 2541.56 2562.22 2539.61 2518.26 2498.16 2479.61 2462.57 2447.3 2433.74 2422.18 2412.45 2355.17 1963.98 1803.93 1783.68 1833.43 1814.96 1834.34 1813.23 1758.81 1678.27 1663.66 1728.62 1736.27 1713.79 1647.63 1638.53 1688.77 1559.9 1431.03 1293.9 1146.8 999.699 868.145 750.982 633.82 483.555 309.797 136.04 -259.653 -542.732 -583.645 -691.681 -655.369 -626.038 -636.584 -663.293 -727.516 -802.294
3594.86 3434.54 3268.41 3102.49 2939.08 2779.54 2621.73 2469.84 2344.49 2277.29 2283.51 2309.48 2341.67 2374.76 2403.46 2424.37 2437.82 2452.37 2471.86 2498.5 2528.65 2505.63 2484.15 2464.18 2446.09 2429.78 2415.43 2403.15 2392.98 2070.6 1750.88 1671.39 1700.87 1834.65 1869.91 1852.48 1829.75 1812.46 1763.31 1704.43 1711.7 1740.78 1715.84 1744.08 1621.82 1513.75 1453.82 1393.89 1294.49 1147.53 1000.56 891.543 817.659 743.774 614.631 446.273 277.915 -32.3066 -418.723 -637.008 -692.624 -635.024 -645.913 -668.511 -740.135 -830.452 -882.419
3584.15 3373.14 3159.54 2950.69 2753.55 2565.09 2374.1 2168.53 1985.4 1898.65 1989.73 2058.38 2122.34 2186.23 2242.02 2287.35 2325.33 2360.18 2395.04 2431.27 2466.61 2491.69 2468.59 2447.2 2427.72 2410.29 2395.04 2382.06 2371.43 1856.01 1816.93 1771.56 1791.85 1862.12 1889.16 1877.83 1864.24 1820.9 1757.58 1715.51 1735.14 1735.6 1716.93 1570.8 1424.67 1338.72 1347.74 1356.76 1295.09 1148.26 1001.43 914.943 884.336 853.729 745.709 582.749 419.79 195.04 -62.8989 -320.838 -557.47 -602.969 -666.275 -714.878 -853.485 -966.852 -985.662
3583.46 3315.47 3044.77 2788.15 2558.48 2353.8 2140.58 1845.1 1529.77 1342.32 1718.3 1812.05 1903.01 2005.86 2090.99 2157.73 2215.98 2267.98 2316.85 2364.93 2414.84 2476.21 2451.3 2428.28 2407.36 2388.69 2372.43 2358.69 2347.55 1929.19 1902.74 1899.3 1896.03 1892.89 1905.69 1893.51 1858.52 1877.68 1868.78 1833.98 1815.2 1816.81 1630.32 1484.28 1338.23 1269.25 1321.88 1374.51 1339.53 1199 1058.48 992.283 994.923 997.563 910.398 759.501 608.604 454.807 299.452 144.098 -69.5369 -306.258 -542.98 -814.885 -840.151 -933.722 -962.907
3597.23 3259.26 2916.94 2597.71 2339.08 2150.57 1989.58 1541.37 1217.14 1237.08 1259.14 1335.64 1671.8 1843.21 1958.36 2036.58 2112.88 2178.9 2239.44 2296.77 2351.61 2402.48 2432.15 2407.33 2384.8 2364.75 2347.36 2332.77 2321.09 2045.8 1937.65 1926.57 1908.94 1924.61 1908.91 1909.09 1905.96 1899.7 1880.76 1875.23 1861.23 1846.16 1844.77 1782.9 1665.45 1594.17 1595.76 1597.36 1547.8 1436.63 1325.45 1271.17 1269.58 1267.98 1200.68 1086.74 972.797 835.711 686.194 536.677 318.85 73.9624 -170.924 -604.911 -958.246 -1010.4 -908.162
3631.78 3208.49 2765 2347.4 2049.02 1920.07 1473.63 1411.06 1272.66 1126.99 1413.84 1414.49 1587.35 1736.82 1862.63 1917.37 2020.04 2095.32 2165.25 2231.1 2292.34 2349.94 2410.98 2384.15 2359.81 2338.21 2319.55 2304.01 2291.72 2282.76 2205.82 2008.96 1933.35 1932.32 1917.17 1913.68 1907.46 1898.13 1890.71 1879.96 1866.75 1859.62 1843.6 1826.42 1816.64 1757.74 1782.26 1744.03 1756.08 1674.25 1592.42 1550.06 1544.23 1538.4 1490.96 1413.97 1336.99 1216.62 1072.94 929.255 707.236 454.184 201.131 -273.444 -809.797 -1050.18 -1022.78
3703.48 3176.84 2587.95 1977.31 1589.78 1457.84 1276.95 1264.41 1163.79 1094.29 1180.34 1352.43 1329.43 1532.51 1686.64 1750.21 1954.62 2017.09 2095.13 2170.05 2236.71 2293.94 2339.72 2358.52 2332.14 2308.78 2288.67 2272.05 2259.08 2249.87 2244.42 2242.68 2068.87 1950.5 1920.33 1912.26 1909.49 1892.5 1890.8 1884.36 1871.12 1850.72 1844.92 1839.18 1814.47 1786.35 1813.26 1808.34 1799.41 1778.15 1774.15 1769.48 1751.52 1741.44 1724.08 1629.01 1661.47 1561.29 1432.3 1303.31 1089.35 841.726 594.106 90.7849 -483.846 -946.593 -1088.67
3837.72 3208.25 2432 1384.41 1519.48 1466.33 1381.62 1176.96 1021.33 1167.6 1046.04 1137.17 1353.89 1495 1480.54 1667.76 1811.6 1923.29 2028.13 2117.27 2190.51 2249.41 2295.45 2330.22 2301.53 2276.14 2254.37 2236.5 2222.76 2213.26 2208.06 2207.06 2210.11 2216.9 2216.03 2043.67 1881.75 1871.59 1871.52 1859.51 1875.97 1870.59 1865.31 1845.64 1837.03 1826.75 1820.15 1811.99 1797.45 1787.95 1761.76 1754.86 1755.46 1723.78 1720.18 1708.47 1642.44 1575.8 1507.24 1431.58 1319.47 1248.39 1041.73 540.6 -42.6499 -625.899 -738.077
4068.03 3385.71 2547.79 1433.96 1283.45 1132.05 1266.45 1256.5 1335.24 1244.14 1184.1 1061.11 1070.53 1181.06 1347.06 1505.92 1626.75 1836.32 1976.82 2080.39 2158.64 2217.73 2262.46 2299.01 2267.66 2239.93 2216.22 2196.89 2182.24 2172.43 2167.54 2167.48 2172.01 2180.8 2193.39 2209.26 2034.01 1842.77 1769.62 1772.58 1765.78 1758.81 1749.64 1741.23 1733.44 1723.26 1712.73 1699.45 1686.81 1659.28 1637.68 1613.01 1551.9 1548.4 1588.24 1496.89 1447.84 1372.81 1155.34 1131.05 1138.82 1267.42 1302.82 990.416 398.547 -193.322 -359.221
