data/map/socalcrmdepth.asc
ncols         217
nrows         146
xllcorner     6.39591e+006
yllcorner     1.68973e+006
cellsize      1135.85
NODATA_value  -99999
[rows 84 to 111 of 146, columns 130 to 194 of 217]
-32.81 -32.81 -34.3521 -36.091 -36.11 -39.372 -42.782 -45.934 -49.215 -52.496 -55.777 -55.777 -61.1979 -65.62 -67.1621 -67.1621 -69.8511 -71.1645 -77.8894 -82.025 -83.691 -88.587 -91.868 -95.149 -96.123 -99.9721 -103.987 -107.369 -111.129 -112.767 -117.799 -120.9 -124.678 -127.959 -134.419 -134.521 -141.083 -142.685 -147.645 -150.926 -154.403 -158.007 -161.389 -164.05 -169.31 -175.925 -177.174 -180.455 -183.736 -225.54 -193.758 -188.559 -187.017 -190.298 -192.902 -197.772 -208.245 -221.971 -235.683 -246.684 -262.358 -285.185 -318.963 -384.687 -418.287
-29.529 -30.8532 -32.81 -34.2235 -36.091 -39.372 -39.372 -42.8045 -49.215 -52.496 -55.777 -59.058 -62.339 -62.339 -59.4091 -66.778 -68.901 -72.7796 -75.463 -79.4308 -82.7564 -85.306 -88.587 -91.868 -95.149 -97.8089 -99.429 -104.992 -107.823 -111.161 -114.835 -118.116 -121.397 -124.678 -131.24 -134.47 -137.802 -141.083 -144.578 -150.926 -151.343 -155.938 -159.276 -164.05 -164.873 -169.29 -173.893 -177.669 -180.995 -187.126 -178.796 -183.736 -189.375 -190.298 -190.298 -194.431 -205.465 -217.111 -229.67 -241.861 -257.535 -274.903 -297.773 -320.084 -335.277
-29.529 -29.529 -32.81 -32.81 -36.091 -36.1489 -39.372 -39.372 -44.2561 -49.215 -52.7611 -54.2796 -52.4571 -61.3899 -62.339 -65.62 -66.8795 -72.182 -73.6447 -78.744 -82.025 -83.3637 -85.306 -88.587 -91.868 -95.149 -98.43 -102.681 -104.992 -108.273 -111.554 -115.971 -121.397 -124.678 -127.959 -131.24 -134.532 -141.083 -144.364 -147.645 -150.926 -154.419 -160.769 -160.769 -164.05 -167.331 -171.639 -177.174 -177.676 -180.998 -176.91 -181.364 -183.736 -187.017 -183.736 -190.298 -202.184 -209.984 -228.635 -241.861 -257.535 -268.312 -284.818 -304.606 -321.113
-26.248 -29.529 -29.529 -32.7487 -32.81 -36.091 -36.091 -35.876 -42.653 -45.934 -50.452 -52.496 -55.777 -59.058 -61.9408 -62.339 -63.5985 -70.2622 -73.6447 -77.6746 -78.744 -78.744 -82.025 -85.306 -89.3683 -95.149 -97.8037 -101.711 -104.992 -104.992 -111.554 -114.835 -121.15 -124.384 -124.438 -127.959 -134.532 -139.151 -149.475 -146.408 -148.062 -152.486 -154.441 -157.488 -160.769 -164.399 -169.208 -174.318 -177.174 -164.826 -164.59 -177.621 -180.455 -181.692 -181.601 -192.239 -202.184 -212.128 -228.635 -238.58 -254.254 -267.857 -281.537 -300.997 -315.788
-26.248 -26.248 -28.2872 -29.5078 -32.81 -32.9519 -36.091 -39.372 -42.8076 -45.934 -46.1589 -49.215 -51.6559 -55.777 -60.8841 -60.9506 -63.5985 -68.901 -72.182 -74.3404 -73.3173 -75.463 -80.6132 -83.9958 -88.587 -94.0419 -95.149 -98.43 -101.711 -104.992 -109.201 -114.338 -118.116 -118.116 -121.205 -127.959 -136.67 -141.083 -141.305 -145.499 -144.508 -150.926 -152.467 -155.342 -157.488 -161.904 -164.405 -167.721 -170.612 -171.287 -160.769 -168.262 -175.028 -176.165 -181.658 -192.239 -203.948 -215.409 -228.635 -239.513 -254.254 -267.581 -281.537 -297.699 -311.27
-26.248 -26.248 -29.529 -29.529 -32.81 -32.9519 -36.091 -39.372 -39.8187 -42.653 -45.934 -49.215 -49.215 -52.496 -55.777 -62.339 -63.5985 -68.901 -72.182 -72.182 -72.182 -75.463 -78.744 -83.9958 -88.587 -91.868 -95.149 -98.43 -101.711 -104.992 -108.273 -111.554 -114.835 -118.116 -121.205 -127.959 -132.281 -139.973 -137.802 -141.083 -144.364 -147.645 -150.926 -154.207 -154.207 -160.769 -161.803 -164.05 -167.331 -167.033 -162.202 -169.416 -170.009 -163.541 -186.836 -197.768 -210.993 -219.469 -231.208 -239.513 -251.805 -265.834 -279.29 -298.044 -311.695
-26.248 -26.248 -29.4124 -29.529 -29.529 -32.9519 -36.091 -39.372 -36.5377 -42.653 -42.8376 -45.934 -49.215 -50.1698 -55.777 -60.216 -63.5985 -65.62 -68.901 -68.901 -70.9892 -74.3794 -80.0823 -85.306 -88.587 -91.868 -95.149 -98.43 -101.711 -104.992 -108.273 -111.554 -114.835 -118.116 -121.397 -127.868 -127.962 -131.272 -134.582 -138.734 -142.515 -151.453 -149.021 -150.926 -152.447 -157.488 -156.753 -161.897 -164.05 -162.718 -149.864 -170.612 -165.92 -174.699 -188.857 -198.801 -212.027 -222.785 -234.265 -244.21 -256.604 -268.312 -281.987 -298.044 -309.225
-26.248 -26.248 -26.248 -29.529 -29.529 -32.81 -36.091 -36.091 -36.091 -39.372 -40.2022 -42.653 -45.934 -49.9282 -55.777 -59.058 -60.829 -64.186 -65.62 -61.0568 -72.182 -75.463 -80.6132 -82.5237 -85.306 -89.137 -94.398 -97.5262 -99.2602 -102.364 -107.826 -111.554 -114.835 -111.628 -121.397 -124.678 -127.959 -127.959 -131.24 -134.521 -137.802 -143.594 -154.744 -145.733 -147.645 -151.16 -154.207 -158.318 -157.488 -159.313 -161.599 -161.599 -165.686 -175.631 -189.933 -202.082 -212.027 -225.252 -235.459 -245.142 -260.197 -268.312 -278.256 -291.482 -301.534
-23.6955 -26.248 -26.248 -26.248 -29.529 -29.6709 -32.81 -36.091 -30.4223 -36.8195 -39.372 -40.1236 -46.7871 -52.496 -54.0463 -55.5199 -56.5055 -59.7865 -57.9682 -65.4679 -72.182 -75.463 -78.744 -82.025 -82.4851 -86.0345 -91.0858 -95.149 -97.806 -98.43 -104.992 -108.273 -112.195 -106.472 -118.116 -121.397 -122.134 -124.678 -128.125 -131.555 -134.521 -137.802 -141.083 -142.373 -144.364 -147.645 -148.373 -151.177 -151.199 -156.87 -160.769 -160.769 -166.966 -173.55 -186.304 -198.801 -212.027 -221.971 -235.197 -245.142 -254.439 -270.497 -274.975 -288.318 -301.427
-19.686 -26.1469 -26.248 -26.248 -26.248 -29.6709 -32.81 -32.81 -34.8375 -35.4642 -36.1141 -39.3532 -45.934 -49.215 -51.8692 -56.3082 -59.058 -60.4192 -65.2727 -70.4655 -72.182 -75.463 -76.0898 -80.9651 -78.1622 -82.2365 -85.9328 -88.3099 -94.5001 -95.7758 -98.4578 -104.992 -100.63 -111.498 -114.835 -115.462 -121.397 -121.509 -127.959 -131.3 -131.787 -134.521 -137.802 -141.083 -144.364 -144.991 -144.991 -150.926 -149.267 -154.207 -154.207 -152.461 -165.686 -172.35 -185.576 -195.52 -208.746 -218.69 -229.67 -239.513 -251.805 -262.48 -271.694 -284.92 -278.885
-22.967 -25.9835 -26.248 -26.248 -29.529 -29.6709 -29.529 -32.81 -35.6374 -36.091 -39.372 -42.653 -45.934 -49.215 -52.496 -55.777 -57.0365 -60.7265 -65.62 -68.901 -72.182 -72.182 -70.1546 -75.7784 -81.4999 -85.306 -87.5816 -91.3429 -95.149 -97.3164 -101.186 -104.495 -104.992 -108.798 -111.554 -114.835 -118.116 -118.134 -122.102 -125.468 -127.959 -131.24 -134.521 -137.918 -141.083 -141.083 -141.247 -144.889 -144.889 -147.858 -150.926 -154.207 -160.769 -169.069 -183.736 -192.239 -203.749 -212.653 -225.52 -235.824 -247.826 -258.497 -265.657 -278.883 -284.565
-22.967 -22.967 -26.248 -26.248 -26.2532 -26.3899 -29.9524 -32.81 -32.81 -32.3324 -37.0804 -42.653 -43.0764 -45.934 -49.215 -53.654 -54.68 -59.058 -62.339 -65.62 -65.835 -63.9113 -72.4232 -78.9983 -80.8164 -85.306 -88.587 -90.9641 -95.149 -97.8198 -101.711 -102.134 -104.992 -108.273 -111.554 -111.554 -115.268 -118.116 -121.397 -124.678 -127.536 -131.24 -131.24 -134.521 -135.662 -146.296 -140.792 -137.989 -137.988 -135.738 -145.374 -155.742 -163.838 -169.069 -179.014 -188.958 -200.405 -210.261 -219.215 -229.16 -238.789 -249.356 -261.851 -259.661 -272.746
-22.967 -22.967 -23.2727 -26.248 -26.248 -26.248 -29.529 -29.529 -29.8069 -32.2617 -33.5236 -39.4457 -42.653 -45.934 -49.215 -52.496 -52.496 -59.058 -59.3797 -64.2089 -62.1806 -70.6686 -72.182 -77.5623 -80.8164 -85.306 -85.5291 -88.587 -91.868 -95.149 -95.4707 -98.43 -101.994 -104.992 -105.295 -108.273 -105.626 -115.258 -118.116 -121.397 -124.678 -127.491 -125.559 -131.24 -134.931 -136.924 -150.825 -131.24 -131.24 -141.083 -149.078 -155.742 -165.526 -172.18 -180.314 -188.958 -197.06 -205.566 -215.511 -226.389 -237.931 -259.679 -245.125 -258.994 -265.761
-22.6255 -22.967 -22.967 -26.1908 -26.248 -26.248 -26.248 -26.2711 -29.529 -32.2984 -29.749 -33.7312 -39.592 -45.934 -49.215 -52.496 -52.5805 -59.058 -55.997 -63.7204 -65.5117 -68.901 -72.182 -77.4338 -82.025 -82.025 -85.306 -87.7438 -88.587 -91.868 -95.149 -95.3356 -98.65 -101.437 -104.812 -104.992 -111.113 -111.562 -114.835 -118.116 -118.336 -120.913 -121.397 -125.572 -127.959 -127.959 -128.028 -131.24 -132.387 -141.083 -149.078 -157.488 -165.686 -172.35 -182.171 -188.828 -196.86 -205.566 -215.511 -225.456 -235.4 -243.265 -248.77 -249.761 -256.138
-19.686 -19.686 -22.967 -22.967 -22.967 -23.2221 -26.248 -26.248 -29.9596 -32.81 -36.091 -39.372 -42.653 -45.934 -49.215 -50.4496 -50.5474 -52.6143 -58.8741 -62.3954 -65.62 -68.901 -72.182 -75.463 -75.5377 -78.744 -82.025 -85.306 -88.587 -88.587 -91.868 -95.149 -95.149 -98.4406 -98.5483 -101.711 -104.992 -105.104 -108.487 -111.565 -114.835 -115.553 -121.397 -121.397 -122.309 -124.678 -127.959 -129.246 -139.779 -137.85 -145.797 -152.524 -162.465 -170.675 -180.455 -187.017 -195.666 -205.566 -214.513 -223.193 -227.397 -238.783 -239.609 -239.612 -248.946
-19.3218 -19.686 -22.967 -23.028 -22.967 -22.967 -26.248 -26.5931 -29.529 -32.81 -36.091 -39.372 -40.2251 -45.934 -49.215 -49.215 -50.4848 -55.777 -57.249 -59.058 -60.7321 -65.62 -68.901 -72.182 -72.1925 -77.6369 -81.0196 -82.025 -82.0416 -88.6036 -88.587 -91.868 -91.868 -95.149 -95.149 -95.1656 -98.4466 -101.728 -104.993 -108.275 -95.1988 -114.807 -114.848 -120.287 -121.397 -129.366 -123.651 -133.579 -145.621 -143.023 -157.832 -150.926 -157.505 -170.604 -180.455 -185.684 -185.007 -194.609 -207.727 -209.996 -223.095 -232.968 -226.406 -232.968 -236.249
-19.686 -19.686 -19.686 -23.0505 -23.0511 -22.967 -26.248 -26.248 -29.4555 -32.1908 -32.81 -36.091 -40.203 -45.934 -45.934 -50.343 -52.496 -54.366 -55.7298 -55.777 -59.058 -62.2997 -65.5834 -68.901 -72.182 -75.4343 -77.6796 -81.0595 -82.025 -82.025 -85.306 -88.5019 -88.587 -91.7829 -91.868 -95.149 -95.1594 -101.629 -104.912 -104.992 -108.754 -111.554 -114.92 -115.538 -114.835 -118.993 -115.777 -121.397 -129.189 -139.134 -142.516 -149.225 -159.124 -169.069 -171.921 -175.32 -187.102 -203.337 -205.668 -213.241 -215.714 -217.276 -216.546 -219.827 -222.683
-19.686 -19.686 -19.686 -19.686 -22.8458 -27.0959 -26.248 -29.529 -29.529 -29.529 -29.529 -36.091 -39.372 -42.5206 -53.1997 -49.215 -49.215 -50.4987 -57.1565 -55.777 -57.443 -60.725 -64.1018 -65.62 -68.901 -72.182 -74.3281 -75.463 -75.463 -78.744 -82.025 -84.6501 -85.306 -88.5702 -91.4997 -91.868 -95.149 -98.43 -101.711 -104.992 -105.409 -111.367 -110.782 -108.273 -111.367 -108.407 -115.862 -122.525 -129.189 -135.666 -142.516 -149.18 -160.209 -156.316 -170.717 -180.455 -190.228 -195.601 -200.082 -206.516 -206.516 -219.64 -209.797 -210.481 -212.677
-16.405 -16.405 -19.6717 -19.686 -19.6052 -19.8154 -26.248 -26.248 -26.248 -29.529 -30.1217 -33.5616 -36.166 -39.372 -43.6164 -45.7473 -45.934 -48.9265 -56.8226 -55.4885 -57.2965 -73.7178 -61.0513 -65.62 -65.62 -68.901 -72.182 -72.182 -74.4429 -75.463 -78.6913 -81.9812 -82.025 -85.306 -88.5701 -91.4965 -94.8614 -95.149 -98.644 -104.416 -104.74 -104.992 -104.992 -105.65 -107.45 -105.836 -115.016 -117.539 -127.779 -129.579 -142.39 -148.756 -152.562 -159.226 -170.323 -175.546 -183.736 -190.198 -193.488 -196.572 -196.571 -199.853 -199.853 -199.853 -199.853
-16.405 -16.405 -16.405 -19.686 -19.6456 -19.686 -22.967 -26.248 -26.248 -29.529 -29.529 -32.81 -36.091 -37.0458 -39.372 -42.653 -44.6745 -45.934 -47.3967 -49.215 -52.496 -57.5446 -74.0512 -72.182 -66.8286 -69.9679 -73.1874 -72.182 -72.182 -72.182 -75.463 -87.0948 -82.8164 -98.1358 -92.0605 -94.9671 -98.4407 -91.868 -92.0819 -95.4645 -101.711 -101.711 -102.331 -104.602 -104.992 -107.883 -111.554 -118.116 -122.481 -131.008 -135.954 -141.266 -149.281 -157.305 -164.05 -169.272 -178.827 -180.455 -185.592 -189.908 -189.908 -195.436 -186.865 -189.518 -186.966
-16.405 -16.405 -16.405 -19.6247 -16.3242 -19.2154 -22.967 -22.967 -26.6947 -29.529 -32.3181 -32.81 -35.727 -36.091 -39.372 -40.3564 -40.6315 -42.653 -45.934 -48.9577 -50.6312 -52.496 -57.366 -65.1281 -60.0854 -67.3021 -66.4747 -70.0179 -72.182 -72.182 -72.182 -72.182 -81.4738 -78.744 -81.8325 -88.0951 -81.0445 -85.4183 -89.2607 -95.149 -95.5036 -98.0159 -101.219 -97.3244 -104.132 -104.639 -107.935 -112.682 -118.116 -126.01 -134.244 -141.083 -149.281 -154.207 -160.553 -165.7 -170.426 -173.401 -179.083 -180.455 -183.244 -183.354 -180.455 -181.36 -180.947
-16.405 -16.405 -16.405 -16.405 -16.3315 -19.686 -22.967 -23.3121 -25.7352 -29.7274 -29.529 -30.2806 -33.6631 -36.091 -36.091 -39.372 -40.4037 -42.653 -45.934 -45.934 -41.9654 -50.6628 -52.496 -55.777 -59.058 -59.058 -62.339 -65.4565 -68.7559 -68.901 -68.901 -69.812 -72.182 -75.4098 -78.744 -82.025 -78.1612 -85.306 -88.7622 -91.868 -91.868 -95.149 -95.149 -95.149 -97.9854 -101.117 -104.992 -109.401 -118.116 -125.769 -131.24 -137.486 -153.605 -151.799 -154.207 -159.078 -163.456 -167.125 -170.425 -173.724 -174.574 -166.007 -173.299 -185.332 -181.013
-13.124 -16.1965 -16.405 -16.405 -16.3646 -16.5469 -19.686 -21.1006 -26.248 -28.9499 -29.529 -29.529 -32.81 -35.3957 -36.091 -37.0036 -39.1051 -39.0835 -38.6767 -40.6049 -45.5918 -47.327 -49.215 -50.7682 -54.1292 -55.0817 -57.5704 -59.058 -61.6437 -61.6437 -64.9247 -63.4263 -72.0981 -72.182 -75.463 -78.0487 -81.332 -82.025 -85.4746 -85.5546 -88.587 -91.1727 -91.3042 -94.4537 -95.149 -97.9308 -102.738 -109.401 -115.804 -120.984 -129.088 -134.151 -142.024 -149.535 -148.399 -152.456 -157.226 -160.074 -163.831 -166.636 -166.636 -163.32 -161.264 -161.353 -160.769
-13.124 -16.405 -16.405 -16.405 -16.3646 -16.5124 -17.8417 -22.967 -25.5595 -26.248 -29.529 -29.529 -29.529 -32.81 -35.294 -36.091 -34.6464 -35.294 -33.9174 -36.888 -38.9462 -41.3148 -49.215 -46.2523 -51.2874 -53.0241 -52.496 -54.2957 -56.574 -56.574 -59.7095 -62.339 -68.901 -72.1105 -75.463 -75.463 -75.4737 -78.829 -82.025 -85.306 -85.6218 -85.432 -89.8536 -91.071 -91.868 -95.149 -102.738 -108.273 -114.337 -118.116 -125.763 -131.24 -135.76 -140.286 -145.407 -158.632 -152.473 -154.207 -156.453 -159.836 -160.769 -156.027 -164.05 -170.612 -170.612
-13.124 -13.124 -16.3604 -16.405 -16.2252 -16.4439 -19.6193 -19.9366 -22.967 -26.248 -26.248 -27.6924 -41.6245 -30.4277 -32.81 -31.9113 -31.5505 -29.529 -30.8283 -38.1256 -43.8627 -45.934 -47.2912 -49.215 -49.215 -54.0745 -55.777 -55.777 -55.777 -58.8661 -61.0055 -62.2028 -65.62 -68.901 -71.3361 -72.182 -74.5643 -75.463 -78.8994 -82.025 -85.1917 -84.5494 -85.306 -85.306 -88.587 -95.8207 -100.812 -104.402 -109.166 -114.835 -120.891 -125.792 -130.341 -131.24 -135.857 -142.126 -147.645 -147.645 -150.027 -167.169 -164.882 -153.413 -164.807 -159.87 -159.87
-9.843 -9.843 -12.1236 -16.405 -16.405 -16.405 -16.405 -19.686 -19.686 -22.967 -25.2476 -26.248 -26.841 -30.1927 -28.4727 -28.8582 -32.81 -36.091 -37.5537 -39.372 -42.653 -42.653 -43.9523 -45.934 -48.8465 -49.215 -50.7968 -52.496 -52.496 -55.5634 -55.777 -55.777 -62.339 -65.62 -67.7668 -71.1816 -71.1849 -72.182 -75.463 -78.744 -76.0074 -82.025 -82.4561 -85.306 -85.306 -89.2301 -94.4616 -98.558 -104.367 -107.679 -115.268 -120.397 -122.534 -124.678 -130.801 -133.521 -136.802 -136.802 -138.101 -143.364 -146.645 -144.364 -144.801 -140.083 -136.931
-6.562 -6.562 -9.843 -13.124 -16.405 -16.405 -16.405 -16.7501 -19.686 -19.686 -19.686 -22.967 -22.967 -26.248 -27.3043 -29.529 -30.7885 -36.091 -36.091 -39.372 -39.372 -39.372 -39.372 -42.653 -45.934 -45.934 -48.2096 -49.215 -49.215 -52.496 -52.496 -55.777 -61.9433 -65.62 -65.62 -65.62 -68.901 -68.901 -72.182 -75.7761 -79.5438 -77.6419 -77.6419 -77.6419 -78.744 -84.5147 -87.8298 -91.8943 -97.3279 -101.056 -107.652 -110.967 -117.014 -120.295 -123.576 -126.857 -127.959 -127.959 -128.629 -133.419 -134.521 -139.981 -138.219 -133.419 -130.138
-6.562 -9.843 -9.843 -13.124 -13.1644 -16.405 -16.405 -16.405 -16.405 -16.405 -16.405 -19.686 -19.686 -22.967 -26.248 -32.0311 -31.5505 -31.0952 -32.81 -36.091 -36.091 -30.1775 -39.372 -41.9299 -42.653 -42.653 -45.934 -45.934 -49.215 -49.215 -49.215 -51.2922 -59.058 -61.1352 -62.339 -64.3586 -65.62 -68.901 -71.0567 -72.182 -72.182 -72.5104 -73.8666 -72.6391 -75.463 -81.1607 -84.1022 -87.7972 -91.1155 -95.149 -101.033 -105.964 -110.35 -113.631 -117.587 -120.685 -121.397 -123.474 -126.1 -129.754 -132.139 -131.24 -131.24 -128.293 -124.678
