data/map/socalcrmdepth.asc
ncols         217
nrows         146
xllcorner     6.39591e+006
yllcorner     1.68973e+006
cellsize      1135.85
NODATA_value  -99999
[rows 112 to 139 of 146, columns 0 to 64 of 217]
2321.33 2350.98 2361.02 2361.72 2364.96 2362.18 2358.87 2349.22 2338.57 2334.93 2334.53 2336.3 2339.7 2346.37 2356.16 2359.09 2352.9 2338.68 2313.8 2310.72 2323.09 2306.13 2282.53 2220.32 2014.94 1665.37 1385.44 1289.48 849.376 802.022 418.458 261.305 160.642 139.055 63.7175 44.6903 32.9888 22.4148 11.6049 -95.0947 -11.0689 8.53021 13.287 14.9481 13.132 9.36733 -11.8597 -80.3923 0.3281 -38.7076 -202.698 -316.638 -415.21 -566.14 -692.285 -958.985 -1047.89 -1026.12 -868.62 -762.821 -517.824 -421.65 -366.463 -293.141 -253.581
2391.42 2372.44 2373.09 2370.06 2372.44 2376.53 2376.4 2364.4 2353.44 2343.47 2349.43 2352.9 2358.09 2371.32 2385.05 2390.38 2401.84 2418.33 2414.15 2402.03 2399.76 2399.62 2382.98 2348.9 2298.08 2050.19 1595.29 1354.91 1154.34 893.693 822.635 380.362 248.01 159.384 138.942 123.733 52.9457 45.9113 33.0287 31.1588 31.2842 32.5328 32.8361 32.1067 29.8575 26.1856 22.1252 15.2238 8.33932 1.78439 -63.289 -258.374 -322.372 -447.755 -613.154 -737.003 -912.393 -897.837 -844.546 -716.534 -548.928 -413.985 -359.812 -279.476 -244.977
2429.82 2387.79 2381.59 2375.42 2377.47 2383.47 2385.26 2379.92 2369.58 2364.5 2368.39 2384.01 2403.65 2405.16 2413.47 2432.66 2442.43 2438.8 2446.67 2451.16 2451.56 2446.47 2443.1 2430.84 2393.19 2283.68 2014.83 1507.81 1417.59 1072.05 916.162 490.447 349.79 231.702 162.837 148.959 133.147 127.304 129.054 174.952 176.077 149.169 144.052 138.518 112.127 83.5333 78.1365 48.3835 24.5163 15.0299 6.41195 -176.592 -241.66 -326.236 -435.223 -604.854 -752.508 -788.248 -739.682 -746.709 -670.766 -502.67 -353.349 -309.323 -239.036
2446.1 2407.46 2400.6 2385.75 2385.26 2384.15 2386.48 2387.14 2387.48 2392.41 2403.21 2410.62 2416.37 2424.7 2430.49 2441.96 2453.91 2464.97 2483.13 2485.59 2489.37 2491.33 2491.85 2486.77 2475.65 2412.4 2312.65 2169.61 1801.43 1286.08 1024.85 830.96 477.385 406.111 263.093 202.338 164.687 184.276 201.572 191.649 188.039 173.465 148.867 143.801 133.483 113.523 85.4324 74.9181 71.6928 41.1287 20.7179 7.64727 -173.912 -221.699 -246.77 -338.725 -540.206 -542.724 -503.497 -497.22 -567.525 -569.029 -422.062 -381.515 -279.339
2456.56 2426.92 2404.82 2395.39 2389.33 2391.43 2391.01 2395.2 2397.47 2407.96 2419.15 2431.13 2437.08 2439.89 2446.23 2461.09 2471.48 2483.14 2491.09 2492.8 2508.35 2514.98 2516.7 2512.73 2508.51 2490.53 2428.37 2309.67 2182.12 2004.57 1427.95 997.356 877.787 538.603 441.597 386.109 331.185 267.821 214.835 199.246 190.388 185.147 167.731 152.692 143.052 120.24 114.702 77.8298 74.5715 73.214 58.2121 20.579 6.38452 -17.7682 -95.0786 -253.068 -348.649 -304.014 -334.598 -370.429 -416.499 -485.692 -462.672 -362.821 -301.76
2461.34 2442.92 2425.9 2414.32 2405.05 2404.05 2404.68 2406.01 2413.8 2423.22 2434.66 2462.04 2466.9 2466.36 2469.11 2472.14 2485.71 2499.82 2507.69 2516.29 2525.94 2528.77 2527.58 2520.9 2524.62 2519.67 2492.71 2411.68 2304.12 2139.13 2015.09 1271.89 1046.45 965.915 722.661 497.679 434.784 380.258 304.366 246.869 213.817 199.427 182.163 170.115 157.214 145.008 119.838 104.747 99.9584 97.2153 85.3762 77.2794 30.165 20.7188 11.4425 4.71724 -68.6978 -199.716 -186.419 -234.763 -337.713 -364.492 -385.803 -419.503 -286.055
2539.84 2530.74 2453.81 2434.67 2431.84 2425.91 2427.7 2459.92 2458.88 2466.6 2470.28 2484.97 2487.65 2484.35 2487.12 2496.5 2500.12 2504.1 2517.31 2523.64 2535.22 2535.54 2534.71 2530.98 2532.45 2545.42 2529.42 2462.1 2424.4 2308.73 2192.8 2058.02 1690.42 1046.88 997.314 926.076 879.791 499.338 441.483 386.311 326.287 277.415 224.751 204.13 182.407 169.366 165.638 163.189 139.273 108.173 105.84 102.697 100.201 89.9342 55.6183 23.7998 14.6634 7.85136 -59.4717 -123.386 -195.656 -257.132 -330.558 -345.414 -306.683
2558.57 2557.73 2544.07 2468 2464.11 2484.43 2498.77 2493.61 2489.38 2485.02 2488.61 2499.17 2499.92 2499.9 2506.18 2509.99 2517.06 2523.51 2531.07 2534.12 2559.46 2571.19 2579.95 2577.03 2579.26 2579.26 2574.88 2532.01 2452.61 2435.02 2363.02 2241.12 2140.51 2004.64 1393.89 1243.46 936.382 870.504 807.92 665.671 454.67 393.516 342.122 304.823 267.936 218.513 183.73 170.279 167.651 159.053 134.174 103.757 100.246 96.6498 84.1182 77.1035 68.6354 22.0225 14.2301 7.05238 -29.6888 -153.209 -186.487 -280.481 -288.436
2583.72 2582.43 2574.2 2568.41 2551.57 2541.77 2544.66 2524.93 2514.47 2507.08 2502.92 2511.09 2510.57 2519.95 2519.96 2523.11 2529.46 2551.22 2574.37 2583.85 2600.25 2611.65 2611.24 2614.97 2618.1 2617.1 2606.65 2581.54 2555.61 2466.56 2443.58 2408.61 2320.1 2184.08 2054.94 1588.08 1371.58 1293.07 1265.31 1252.04 739.673 490.565 415.152 378.578 341.005 299.369 245.61 191.714 173.028 162.104 155.999 125.942 103.455 98.1482 96.2213 83.1746 75.9675 69.8547 57.0346 21.7401 14.4217 -5.28472 -4.68519 -123.073 -145.167
2592.74 2599.41 2595.97 2589.72 2575.74 2577.33 2581.74 2544.19 2529.12 2522.75 2516.23 2515.39 2524.03 2523.53 2524.62 2527.94 2572.14 2602.02 2610.45 2613.97 2613.8 2616.29 2624.76 2630.53 2633.09 2634.66 2631.34 2614.03 2588.99 2555.78 2471.2 2439.81 2418.39 2299.06 2188.13 1998.22 1627.39 1524.54 1459.88 1316.81 1249.3 1183.94 669.858 564.331 570.933 555.314 464.512 297.285 232.212 180.197 167.731 153.182 130.25 107.375 101.411 96.9105 87.7577 75.7727 68.2348 67.646 62.8215 28.7068 16.5334 12.0346 5.41622
2608.65 2612.02 2629.4 2614.33 2613.69 2612.68 2600.99 2600.98 2600.74 2588.76 2566.34 2524.46 2527.8 2537.68 2534.21 2541.43 2606.01 2609.62 2621.56 2627.07 2630.07 2637.89 2641.64 2640.9 2642.98 2642.03 2644.42 2646.51 2633.67 2603.42 2573.42 2513.39 2450.45 2416.53 2308.6 2170.74 1869.4 1817.16 1584.3 1522.49 1417.56 1322.4 1245.06 745.568 639.621 609.577 630.135 404.885 357.446 272.293 204.546 172.449 163.103 149.931 119.325 108.697 100.999 88.8833 83.6665 81.2905 71.713 71.8336 71.4104 57.6406 23.8506
2611.51 2625.45 2642.71 2642.57 2628.28 2620.8 2614.44 2612.38 2612.28 2611.4 2607.07 2594.64 2590.83 2589.04 2594.38 2606.98 2613.97 2624.04 2632.23 2633.74 2637.23 2643.14 2646.3 2651.68 2648.19 2649.68 2650.55 2652.74 2651.56 2646.74 2623.38 2592.45 2557.4 2460.13 2419.15 2254.41 2164.54 1996.63 1869.27 1701.73 1614.47 1576.16 1494.18 1436.54 1079.91 704.192 679.732 721.27 456.464 402.909 320.264 210.301 176.344 170.51 158.738 133.245 115.225 100.887 94.0641 86.9732 87.6819 84.8133 73.7507 70.0742 69.2869
2637.05 2644.65 2647.08 2646.17 2636.1 2630.46 2614.29 2617.09 2612.47 2610.94 2615.67 2611.9 2608.98 2605.24 2607.58 2617.05 2628.56 2633.88 2635.57 2635.71 2640.51 2645.5 2657.7 2663.93 2662.46 2663.85 2659.91 2657.85 2663.7 2661.53 2653.69 2627.8 2600.55 2553.62 2446.8 2362.3 2214.68 2121.55 1957.77 1756.37 1671.44 1664.47 1623.84 1569.52 1414.35 1349.21 1313.96 1190.72 920.528 912.838 493.066 378.092 273.335 189.125 174.583 169.291 160.215 158.472 137.152 106.821 94.5825 88.9978 80.5393 75.6681 70.1419
2646.45 2646.13 2650.8 2647.76 2644.88 2641.89 2628.16 2624.54 2624.27 2623.88 2623.82 2621.26 2617.78 2613.32 2614.63 2630.96 2632.56 2633.99 2637.73 2638.24 2646.49 2650.14 2662.31 2665.73 2675.92 2686.56 2685.54 2683.5 2680.49 2676.28 2677.19 2669.08 2649.66 2608.81 2564.93 2489.65 2290.2 2204.06 2025 1817.61 1727.65 1732.89 1708.52 1655.55 1588.62 1531.78 1491.3 1438.28 1404.62 1364.94 1339.34 1199.3 460.835 337.296 235.137 187.418 176.652 173.448 158.685 155.848 149.101 110.705 91.1669 83.9765 76.5717
2674.4 2676.03 2657.76 2648.61 2651.2 2643.71 2631 2626.53 2624.14 2626.06 2625.64 2627.43 2626.69 2625.58 2640.16 2642.09 2638.96 2637.58 2639.07 2650.3 2655.14 2659.96 2673.21 2687.76 2690.88 2695.65 2714.95 2714.67 2707.19 2693.46 2690.81 2684.56 2683.78 2665.11 2627.03 2568.49 2517.91 2250.91 2252.72 1999.04 1822.77 1804.23 1739.84 1674.7 1625.54 1624.49 1624.68 1592.86 1564.43 1531.53 1472.13 1424.41 1337.05 512.075 402.905 278.416 192.587 184.266 181.42 173.314 167.279 161.663 150.023 138.018 122.436
2702.57 2692.2 2681.05 2679.34 2665.91 2652.64 2644.98 2640.7 2629.33 2627.14 2628.09 2633.24 2634.33 2638 2642.65 2647.12 2645.83 2646.08 2649.28 2656.74 2664.04 2697.98 2710.65 2711.83 2714.44 2727.33 2730.27 2729.57 2730.1 2725.29 2719.69 2710.26 2696.88 2689.27 2683.08 2621.66 2570.63 2519.32 2251.95 2257.15 1991.46 1897.92 1823.87 1708.48 1666.92 1658.06 1649.36 1627.73 1627.97 1586.58 1565.4 1526.04 1489.8 1355.9 523.099 399.722 301.521 212.158 191.157 181.393 182.823 174.041 165.638 157.323 147.046
2703.98 2694.19 2686.92 2685.04 2681.14 2669.63 2668.11 2662.61 2642.59 2633.35 2633.12 2636.02 2644.85 2643.06 2652.46 2653.53 2660.44 2661.47 2662.86 2667.48 2707.39 2713.76 2715.85 2716.92 2725.42 2736.64 2739.09 2738.53 2737.91 2735.33 2731.14 2722.02 2709.64 2694.43 2695.06 2673.29 2635.86 2576.18 2520.33 2432.29 2222.42 1959.38 1917.51 1842.06 1867.03 1841.92 1869.71 1651.74 1655.82 1634.96 1625.22 1623.16 1607.35 1570.85 1429.23 545.405 445.142 336.667 243.685 201.468 185.612 184.44 175.662 170.169 153.416
2703.93 2698.36 2688.42 2688.45 2683.92 2680.55 2676.64 2676.08 2670.98 2643.76 2639.98 2640.97 2652.5 2653.44 2653.91 2667.6 2671.9 2674.79 2683.13 2724.55 2725.56 2731.2 2728.91 2728.02 2745.28 2745.78 2745.62 2744.59 2744.58 2744.89 2743.47 2733.39 2722.54 2706.28 2694.57 2689.74 2679.92 2643.59 2593.99 2538.57 2465.44 2178.9 2138.15 2087.72 2043.9 2034.42 2020.31 2008.37 2002.99 1958.21 1922.42 1671.85 1661.96 1633.9 1589.08 1451.79 868.948 466.953 371.859 276.46 211.165 194.062 177.572 173.303 157.787
2715.85 2707.45 2693.74 2690.38 2688.45 2685.11 2686.92 2682.78 2679.94 2674.01 2672.2 2656.01 2673.34 2673.22 2673.35 2673.01 2675.88 2691.05 2736.54 2742.59 2748.23 2749.31 2756.72 2756.58 2754.31 2752.84 2747.78 2746.9 2749.44 2751.64 2751.33 2746.33 2741.25 2721.5 2707.62 2697.77 2687.01 2665.19 2646.39 2601.41 2533.29 2478.09 2237.78 2210.38 2142.34 2114.45 2084.36 2074.76 2052.95 2023.58 2004.65 1920.48 1704.67 1708.85 1669.13 1577.27 1456.35 839.649 456.924 371.854 265.937 212.611 190.086 177.589 164.504
2715.23 2720.24 2720.27 2693.03 2689.42 2690.41 2692.4 2693.06 2685.39 2682.5 2685.18 2680.25 2680.57 2685.7 2683.93 2688.75 2700.06 2753.9 2756.44 2760.1 2759.47 2761.59 2765.49 2765.59 2764.51 2759.46 2755.6 2752.5 2753.68 2756.94 2757.61 2754 2756.69 2754.28 2751.26 2701.95 2673.54 2661.23 2643.73 2625.27 2572.26 2520.73 2314.85 2262.5 2225.09 2188.01 2135.93 2097.39 2074.79 2058.63 2047.94 1943.59 1800.38 1796.86 1761.14 1695.32 1611.58 1478.69 852.974 498.396 382.058 295.447 215.49 195.429 172.471
2723.02 2726.84 2725.53 2726.48 2695.19 2692.44 2693.1 2694.36 2693.05 2692 2697.65 2698.7 2698.33 2698.04 2701.18 2707.97 2756.25 2759.14 2766.98 2768.41 2767.6 2767.27 2770.44 2769.21 2767.68 2768.19 2761.14 2758.17 2757.9 2760.23 2760.63 2759.98 2761.96 2764.93 2761.94 2744.83 2665.48 2656.95 2634.24 2633.75 2601.37 2565.21 2497.82 2405.94 2343.18 2255.11 2201.31 2132.66 2099.46 2096.24 2107.37 1943.53 1827.7 1823.48 1831.53 1770.51 1703.9 1623.26 1493.76 1379.3 514.313 408.077 297.666 222.828 189.61
2719.11 2728.09 2727.05 2726.32 2710.76 2703.07 2697.89 2700.77 2701.15 2705.9 2716.67 2717.39 2714.55 2709.16 2751.13 2762.43 2763.86 2770.16 2774.57 2776.3 2776.5 2775.92 2793.07 2794.84 2776.51 2773.69 2768.59 2763.99 2762.05 2760.77 2760.12 2760.91 2759.6 2760.88 2763.07 2753.94 2733.02 2642.16 2628.23 2621.55 2611.27 2591.89 2539.36 2494.13 2411.11 2389.58 2251.91 2224.26 2149.93 2166.35 2161.52 1929.57 1867.82 1830.47 1835.06 1795.9 1749.59 1689.52 1644.69 1512.06 945.317 502.493 377.802 295.426 208.273
2702.26 2729.78 2735.56 2728.59 2736.29 2741.94 2714.78 2711.68 2712.39 2714.8 2724.27 2723.71 2738.21 2756.15 2762.07 2771.11 2771.79 2773.01 2776.95 2783.03 2795.6 2796.07 2795.05 2800.3 2801.08 2792.03 2777.21 2771.38 2765.65 2759.32 2760.29 2760.9 2760.26 2759.32 2760.28 2756.19 2738.29 2644.82 2628.43 2618.13 2617.15 2599.1 2568.05 2531.08 2492.56 2429.41 2363.98 2260.83 2247.56 2255.87 2218.69 1973.68 1911.04 1890.22 1886.75 1844.78 1866.09 1833.53 1776.28 1666.68 1528.8 898.289 499.506 405.256 291.161
2712.35 2749.95 2747.11 2737.93 2748.84 2771.14 2767.22 2765.76 2745.63 2743.07 2743.71 2748.36 2753.2 2762.67 2764.89 2782.17 2783.74 2781.53 2779.14 2788.18 2795.71 2796.26 2798.65 2801.43 2804.38 2802.9 2806.68 2806.82 2774.29 2762.23 2758.67 2760.57 2760.2 2758.71 2759.95 2758.69 2745.88 2723.01 2632.17 2623.88 2625.02 2613.94 2607.47 2589.08 2569.91 2553.87 2533.54 2382.45 2352.09 2347.66 2341.85 2288.32 2002.31 1939.51 1919.39 1915.71 1929.47 1912.94 1877.84 1785.01 1667.79 1543.23 1176.04 603.937 397.659
2733.55 2766.49 2775.07 2781.54 2781.17 2781.81 2778.19 2774.89 2768.18 2760.99 2771.03 2758.82 2763.19 2767.75 2787.65 2826.58 2818.67 2796.73 2795.98 2793.86 2799.62 2804.25 2805.35 2806.55 2809.79 2812.24 2812.57 2812.61 2808.93 2781.61 2757.66 2758.48 2759.26 2758.73 2759.28 2759.01 2752.39 2730.56 2712.15 2631.88 2636.14 2626.2 2638.34 2630.45 2615.94 2602.61 2588.41 2571.15 2542.69 2513.24 2452.03 2425.25 2386.75 2182.27 2030.06 1981.63 1979.21 1978.12 1955.68 1889.36 1780.3 1666.27 1517.81 1286.53 528.96
2750.67 2777.03 2786.47 2789.5 2791.1 2791.33 2794.19 2799.67 2798.77 2800.21 2814.16 2818.17 2827.18 2830.75 2838.98 2842.61 2846.71 2838.78 2836.31 2835.21 2834.38 2834.97 2821.08 2817.71 2816.08 2814.82 2812.59 2813.74 2810.33 2803.47 2765 2764.71 2759.77 2757.47 2757.77 2763.65 2762.97 2749.55 2729.22 2680.82 2646.74 2658.98 2654.01 2647.11 2645.87 2637.41 2620.66 2601.25 2580.18 2551.78 2518.69 2483.29 2444.41 2393.2 2346.74 2090.22 2040.85 2066.67 1988.36 1925.15 1868.64 1787.44 1613.44 1463.23 1272.35
2780.52 2788.95 2793.76 2794.59 2795.04 2800.7 2804.02 2804.38 2806.58 2816.68 2824.6 2828.67 2836.11 2845.15 2844.87 2846.41 2849.6 2845.37 2844.25 2843.55 2842.96 2845.9 2847.94 2849.06 2860.97 2863.3 2823.3 2816.58 2809.91 2797.47 2787.98 2785.29 2785.34 2766.41 2768.16 2781.47 2778.4 2762.94 2739.22 2695.66 2679.47 2672.25 2669.98 2656.92 2648.96 2635.49 2626.25 2622.15 2601.78 2556.89 2539.27 2518.94 2497.44 2453.47 2417.78 2331.56 2258.71 2153.85 2107.18 2027.37 1933.16 1877.13 1660.82 1623.38 1521.04
2798.24 2799.6 2798.02 2794.53 2795.65 2803.83 2808.73 2811.55 2809.19 2818.42 2823.03 2829.8 2842.14 2844.17 2854.74 2853.21 2851 2850.4 2849.58 2847.47 2847.47 2851.3 2850.5 2853.88 2860.81 2864.58 2866.89 2860.04 2810.94 2795.01 2787.73 2786.19 2786.61 2787.21 2792.67 2793.68 2791.2 2782.41 2775.32 2744.05 2704.53 2701.57 2700.2 2662.32 2649.15 2634.92 2629.46 2619.56 2608.88 2542.27 2528.26 2523.79 2518.53 2481.79 2444.19 2356.21 2291.19 2266.24 2219.09 2129.68 1968.54 1920.47 1881.72 1687.94 1652.82
