data/map/socalcrmdepth.asc
ncols         217
nrows         146
xllcorner     6.39591e+006
yllcorner     1.68973e+006
cellsize      1135.85
NODATA_value  -99999
[rows 56 to 83 of 146, columns 130 to 194 of 217]
-98.1035 -100.332 -95.149 -95.149 -95.149 -97.5113 -101.711 -101.711 -105.294 -119.588 -146.314 -173.224 -170.624 -164.494 -197.916 -193.694 -222.123 -254.088 -262.879 -283.562 -311.583 -236.245 -240.453 -202.56 -219.582 -279.305 -331.886 -278.829 -271.348 -265.683 -256.598 -257.922 -275.732 -284.923 -312.394 -319.318 -329.139 -321.464 -320.502 -330.588 -339.706 -340.16 -345.467 -356.799 -354.911 -324.454 -347.457 -358.644 -323.524 -370.571 -363.242 -373.489 -379.543 -394.307 -397.155 -399.385 -403.608 -412.582 -438.817 -427.069 -482.011 -579.933 -736.691 -770.072 -638.203
-91.868 -92.7936 -91.918 -91.868 -95.1614 -83.0619 -99.6056 -101.366 -98.43 -126.708 -155.056 -162.552 -156.742 -165.955 -173.415 -196.423 -231.06 -263.252 -254.111 -311.5 -292.616 -208.718 -200.715 -219.84 -261.241 -324.41 -392.723 -404.017 -422.698 -347.37 -398.962 -404.635 -362.267 -338.893 -330.247 -321.748 -322.534 -321.65 -323.486 -313.866 -334.328 -341.743 -342.04 -339.171 -342.231 -316.637 -331.754 -331.074 -332.469 -370.354 -342.36 -351.18 -365.189 -375.101 -364.953 -393.69 -394.727 -400.152 -407.187 -427.771 -514.343 -553.171 -571.803 -699.297 -775.563
-91.868 -88.587 -88.587 -91.8236 -85.2768 -87.0771 -92.0023 -93.583 -98.4182 -129.412 -145.448 -149.999 -139.481 -143.485 -177.524 -211.981 -228.501 -259.523 -280.152 -274.811 -203.377 -186.382 -271.168 -452.002 -405.04 -400.357 -505.281 -494.854 -466.162 -386.271 -419.548 -425.46 -375.035 -331.873 -319.6 -319.228 -303.67 -315.993 -291.377 -321.035 -329.005 -335.567 -332.4 -323.364 -327.616 -326.664 -305.801 -302.446 -317.788 -350.533 -362.468 -372.499 -364.191 -351.067 -375.874 -381.197 -387.158 -386.15 -415.652 -425.597 -456.059 -525.669 -516.374 -534.998 -602.769
-86.1094 -85.306 -85.306 -85.306 -85.306 -88.6942 -91.0646 -96.71 -117.759 -124.812 -132.043 -139.173 -115.352 -161.572 -159.64 -165.849 -194.945 -219.098 -247.731 -226.128 -178.807 -233.291 -412.025 -510.207 -456.714 -535.703 -539.12 -502.619 -544.669 -431.796 -439.357 -375.419 -311.79 -396.155 -300.388 -292.469 -282.07 -302.683 -270.107 -302.655 -324.016 -324.977 -324.016 -319.687 -340.555 -333.244 -320.005 -330.838 -347.978 -315.436 -351.485 -356.702 -349.429 -351.179 -361.713 -367.411 -375.641 -374.13 -402.55 -406.356 -413.367 -432.617 -473.479 -484.41 -562.591
-86.7398 -82.025 -82.025 -82.025 -82.025 -82.0857 -89.4801 -96.1959 -110.028 -118.664 -118.255 -122.85 -128.792 -135.924 -162.398 -179.281 -192.571 -212.498 -175.576 -160.943 -182.528 -291.96 -447.552 -440.291 -387.447 -468.351 -424.567 -448.093 -408.002 -472.302 -412.007 -355.585 -350.379 -366.502 -280.598 -275.903 -309.163 -312.81 -331.213 -327.462 -337.244 -326.741 -340.643 -317.38 -351.534 -355.344 -303.236 -335.549 -294.086 -365.328 -353.469 -334.99 -341.574 -344.877 -348.488 -357.277 -366.499 -360.533 -387.443 -375.33 -384.579 -402.648 -424.477 -447.154 -459.298
-79.344 -78.7924 -78.744 -81.9749 -78.711 -75.8692 -76.262 -83.5702 -96.1957 -102.859 -111.554 -104.717 -116.541 -138.757 -151.982 -157.488 -167.829 -175.813 -152.744 -146.081 -170.765 -338.96 -438.322 -330.386 -407.312 -432.519 -381.288 -335.534 -362.886 -370.764 -325.88 -259.276 -336.594 -311.937 -295.952 -235.458 -281.892 -275.128 -300.761 -305.537 -313.119 -283.852 -288.173 -419.837 -462.832 -420.123 -298.571 -281.3 -315.625 -318.822 -313.728 -319.457 -330.037 -338.261 -341.56 -345.105 -353.936 -339.793 -368.672 -373.701 -362.406 -371.556 -384.081 -395.544 -423.329
-75.5186 -75.463 -78.6059 -79.233 -75.463 -72.182 -64.9892 -76.3064 -85.3738 -92.9147 -101.559 -91.2427 -110.478 -125.113 -144.862 -148.143 -158.939 -145.931 -130.222 -144.15 -183.741 -302.616 -332.265 -313.026 -302.975 -331.278 -316.373 -292.252 -348.348 -323.731 -268.131 -292.073 -298.646 -272.212 -290.223 -300.321 -262.234 -246.741 -288.844 -327.247 -290.556 -321.927 -462.876 -496.431 -407.239 -427.9 -294.309 -279.71 -305.098 -300.401 -305.351 -311.928 -322.036 -331.645 -335.16 -338.441 -332.566 -329.569 -357.648 -364.689 -360.538 -351.832 -363.432 -373.638 -396
-75.463 -75.463 -75.463 -75.8596 -75.4226 -68.901 -68.901 -56.0379 -75.463 -75.8596 -82.9929 -95.2398 -108.936 -119.352 -131.637 -136.332 -129.972 -112.115 -121.397 -173.496 -217.189 -260.988 -241.5 -257.086 -291.923 -304.515 -281.774 -297.124 -285.826 -283.897 -279.808 -242.324 -220.463 -249.053 -285.651 -282.552 -243.362 -305.375 -301.878 -241.518 -294.692 -453.934 -487.891 -459.748 -374.127 -383.337 -284.889 -279.418 -285.844 -288.889 -293.839 -305.319 -313.53 -320.392 -328.497 -323.509 -326.862 -333.663 -340.314 -350.643 -344.567 -350.23 -340.119 -361.243 -377.338
-72.182 -72.182 -72.182 -72.4715 -72.182 -71.7578 -68.3626 -47.2023 -65.915 -72.182 -78.744 -86.6476 -104.697 -112.804 -121.692 -115.234 -108.365 -101.884 -117.334 -156.207 -174.679 -213.455 -229.143 -221.856 -277.53 -238.671 -244.179 -252.995 -262.117 -223.919 -232.951 -198.783 -239.855 -274.667 -299.559 -244.455 -260.536 -257.661 -236.768 -346.417 -416.589 -435.909 -363.114 -365.102 -337.009 -256.798 -260.226 -269.337 -272.434 -275.899 -283.765 -292.304 -300.65 -308.709 -310.678 -311.815 -309.076 -306.501 -319.359 -337.389 -333.265 -341.224 -338.477 -341.24 -349.806
-69.0727 -66.0622 -69.0847 -69.0943 -72.182 -68.7591 -65.3766 -47.3145 -65.62 -66.3294 -68.4827 -76.9661 -92.9144 -101.904 -108.529 -105.185 -97.2447 -99.7912 -110.757 -137.843 -165.719 -200.141 -207.183 -234.392 -226.94 -203.45 -223.526 -225.302 -227.162 -191.917 -203.471 -235.676 -246.825 -246.47 -272.12 -269.172 -269.067 -207.456 -320.251 -344.103 -345.22 -312.751 -327.888 -295.057 -251.108 -245.936 -253.796 -260.327 -262.48 -267.093 -273.756 -285.447 -292.009 -298.571 -298.571 -301.852 -301.852 -296.298 -318.433 -331.381 -320.706 -331.574 -300.316 -323.668 -389.792
-65.62 -65.62 -65.62 -65.7099 -68.901 -65.7076 -62.1024 -46.2984 -62.7347 -62.9636 -65.62 -68.262 -65.9425 -70.1955 -84.4745 -94.1419 -88.735 -94.6441 -102.24 -124.813 -139.651 -159.495 -197.147 -216.884 -195.398 -168.82 -192.708 -192.884 -200.324 -164.645 -205.613 -225.5 -194.565 -241.099 -252.066 -245.982 -235.01 -286.694 -277.175 -273.28 -261.87 -246.47 -226.996 -226.572 -223.862 -237.157 -246.167 -249.448 -252.671 -259.291 -265.801 -272.323 -288.728 -288.63 -285.539 -287.517 -290.127 -292.037 -317.193 -319.282 -312.459 -324.911 -288.035 -350.275 -385.809
-62.339 -62.339 -62.3385 -65.5587 -65.62 -62.339 -59.058 -32.29 -59.058 -62.339 -62.339 -59.058 -62.3315 -65.62 -67.7326 -72.1618 -79.9934 -82.025 -94.7643 -100.126 -124.699 -146.076 -136.314 -139.69 -154.473 -160.675 -163.989 -154.473 -139.517 -190.29 -197.66 -180.308 -219.787 -229.631 -242.773 -249.234 -180.486 -225.748 -193.549 -190.573 -196.415 -197.359 -200.759 -210.706 -223.093 -232.941 -233.968 -236.225 -239.513 -247.396 -249.345 -267.296 -277.235 -272.313 -272.323 -277.535 -270.264 -275.481 -307.379 -304.649 -306.743 -314.956 -272.329 -308.931 -317.288
-59.058 -59.058 -59.058 -65.5587 -62.339 -62.1971 -58.8146 -29.3542 -56.2237 -59.058 -59.058 -59.058 -62.339 -65.62 -68.901 -67.743 -72.182 -78.744 -78.744 -83.5894 -86.972 -91.868 -95.149 -98.43 -101.711 -108.273 -113.83 -114.835 -124.678 -136.623 -158.972 -163.553 -175.195 -188.533 -183.736 -173.802 -180.455 -177.062 -170.612 -170.612 -178.008 -183.736 -190.918 -204.144 -214.088 -219.747 -226.312 -229.558 -232.951 -234.125 -252.306 -262.269 -272.164 -262.48 -268.993 -286.094 -261.549 -289.473 -298.277 -282.988 -299.124 -288.924 -262.864 -266.116 -304.567
-55.777 -55.777 -59.0474 -59.058 -58.8445 -55.777 -55.777 -28.8325 -56.1946 -58.8802 -50.7282 -61.4228 -63.1366 -63.9964 -68.901 -72.182 -75.463 -78.744 -78.744 -82.025 -85.306 -88.8005 -95.149 -98.3447 -101.711 -104.992 -104.992 -114.931 -114.996 -117.461 -121.397 -130.743 -137.802 -144.558 -154.207 -160.684 -170.612 -170.406 -167.331 -170.419 -174.283 -183.556 -188.217 -199.975 -207.473 -214.13 -219.613 -220.742 -226.176 -230.915 -243.54 -266.984 -264.223 -265.974 -260.854 -279.04 -260.612 -279.638 -268.005 -299.349 -281.699 -276.485 -252.982 -275.915 -295.109
-52.496 -52.496 -55.777 -55.4677 -55.4253 -52.496 -52.496 -30.5312 -52.496 -53.3069 -55.777 -59.1302 -62.339 -62.339 -69.6421 -72.182 -73.4415 -78.744 -78.744 -82.025 -85.306 -90.3546 -95.0134 -94.8338 -101.396 -103.463 -106.83 -113.388 -125.183 -118.364 -121.712 -127.911 -134.521 -143.783 -150.908 -157.479 -163.735 -163.735 -164.05 -164.05 -167.748 -176.909 -181.636 -190.951 -200.141 -207.539 -209.885 -209.984 -218.888 -219.209 -237.665 -263.889 -237.396 -243.902 -250.25 -239.198 -241.436 -251.843 -283.161 -265.178 -252.322 -250.016 -254.406 -273.552 -311.799
-49.215 -49.215 -51.9369 -52.0791 -49.215 -49.215 -49.0294 -52.1229 -52.8859 -55.777 -55.777 -59.058 -60.2196 -62.339 -66.5421 -68.901 -73.4415 -76.6513 -80.2067 -83.5894 -85.306 -82.4742 -84.0736 -95.149 -95.4123 -99.8133 -107.268 -109.479 -114.835 -112.299 -113.895 -125.049 -133.759 -137.802 -144.364 -150.926 -154.207 -157.071 -160.352 -160.809 -161.186 -170.612 -177.715 -186.692 -193.267 -199.724 -201.037 -204.407 -209.723 -218.047 -234.149 -231.837 -225.972 -225.751 -229.253 -226.559 -232.951 -232.951 -239.513 -239.513 -242.794 -246.075 -252.008 -255.391 -258.774
-49.215 -48.6964 -48.6964 -49.215 -49.215 -48.5769 -38.5051 -52.0319 -49.7336 -50.282 -55.6743 -59.8096 -62.339 -62.339 -65.62 -68.901 -69.6419 -75.6782 -81.219 -78.2254 -79.2197 -82.3044 -82.5436 -95.149 -98.43 -101.711 -105.352 -111.554 -114.835 -118.116 -124.174 -122.356 -127.501 -134.002 -143.165 -143.831 -146.609 -150.926 -154.387 -157.069 -164.116 -170.612 -174.513 -181.063 -187.017 -193.06 -194.443 -200.141 -204.457 -210.895 -211.417 -213.265 -216.026 -219.827 -222.88 -223.108 -232.951 -232.951 -239.513 -242.794 -246.075 -248.626 -252.008 -255.918 -258.774
-45.934 -45.934 -45.934 -45.934 -45.9264 -30.0937 -49.215 -52.496 -55.777 -56.842 -59.058 -62.339 -63.6511 -65.62 -68.901 -70.4604 -67.4998 -75.7204 -78.744 -82.6453 -86.2413 -86.6594 -92.2214 -95.149 -100.731 -104.992 -108.273 -113.931 -117.466 -120.696 -124.678 -127.959 -134.2 -135.38 -141.083 -144.364 -150.926 -154.207 -157.528 -164.05 -167.41 -173.893 -177.174 -181.177 -184.559 -190.298 -193.579 -196.86 -201.371 -203.422 -208.136 -211.519 -213.265 -218.284 -223.108 -223.108 -228.666 -232.029 -239.317 -241.861 -246.075 -248.764 -252.637 -255.491 -258.774
-42.653 -42.653 -42.653 -42.7008 -31.7669 -46.0759 -49.215 -52.496 -55.777 -56.3254 -62.339 -62.339 -65.62 -68.901 -70.4469 -72.182 -75.463 -78.744 -78.744 -87.3686 -86.6054 -94.7466 -105.014 -93.4051 -101.711 -104.992 -108.273 -113.931 -117.939 -120.696 -124.678 -130.852 -134.521 -137.802 -144.172 -147.645 -150.937 -155.017 -160.816 -164.365 -171.029 -174.412 -177.174 -180.455 -181.819 -187.739 -190.298 -194.301 -200.141 -200.863 -204.855 -209.984 -213.265 -216.546 -221.262 -223.108 -229.67 -232.951 -238.706 -242.066 -246.075 -241.222 -246.075 -250.294 -251.241
-39.372 -42.653 -39.5348 -42.5304 -45.934 -46.0759 -49.215 -52.496 -55.777 -55.777 -59.7079 -62.339 -65.62 -68.901 -72.182 -75.463 -76.7225 -78.744 -82.025 -83.5894 -85.306 -90.3546 -100.299 -98.43 -101.711 -101.711 -103.987 -113.362 -111.554 -114.835 -118.116 -143.369 -134.917 -141.083 -150.926 -150.926 -150.915 -150.926 -164.05 -176.543 -182.902 -177.174 -177.174 -184.919 -186.193 -199.317 -196.86 -196.86 -198.09 -200.475 -204.855 -209.984 -212.852 -216.546 -219.827 -223.108 -226.389 -229.67 -239.513 -239.513 -239.513 -239.513 -255.289 -260.023 -262.48
-39.4752 -35.9688 -39.372 -42.653 -45.934 -46.0759 -49.215 -49.215 -52.496 -53.0443 -55.777 -59.058 -62.339 -65.62 -69.9573 -76.2944 -79.6483 -82.025 -82.025 -85.306 -87.4275 -90.7814 -95.149 -100.786 -104.124 -104.992 -108.273 -117.212 -117.314 -120.696 -127.36 -131.24 -137.802 -141.083 -147.453 -150.9 -154.207 -157.488 -160.923 -167.646 -174.307 -171.131 -174.513 -180.455 -181.278 -187.017 -192.654 -193.579 -200.141 -200.517 -204.855 -209.984 -213.265 -216.546 -219.827 -221.336 -226.965 -230.275 -239.513 -235.405 -242.197 -248.832 -256.666 -262.48 -264.636
-39.372 -39.372 -39.372 -42.653 -44.9195 -45.934 -45.934 -46.1711 -49.5218 -52.496 -55.777 -59.058 -62.339 -65.62 -68.901 -71.5174 -76.7225 -82.025 -85.306 -89.0767 -91.868 -95.149 -99.0152 -101.711 -104.992 -108.954 -114.144 -115.862 -118.892 -124.197 -127.959 -131.24 -137.678 -141.083 -140.116 -146.555 -150.926 -154.207 -157.702 -161.084 -164.05 -169.747 -173.893 -177.174 -181.021 -187.017 -187.722 -192.905 -196.86 -201.473 -203.422 -209.984 -213.265 -216.546 -219.827 -216.546 -222.159 -225.362 -229.87 -229.029 -242.989 -251.907 -260.625 -278.158 -299.908
-31.2199 -41.3507 -39.372 -42.6319 -41.5242 -41.5242 -43.6764 -42.4266 -49.3687 -52.496 -55.777 -59.058 -62.339 -65.62 -68.901 -72.182 -76.7225 -78.9764 -85.306 -88.4844 -91.868 -95.149 -99.6561 -103.682 -105.705 -111.554 -114.835 -124.678 -121.397 -124.437 -127.753 -131.24 -134.521 -134.714 -141.083 -147.554 -150.926 -154.207 -157.488 -160.976 -164.194 -168.8 -173.893 -177.174 -180.455 -184.054 -187.017 -190.298 -193.579 -200.141 -203.422 -208.238 -213.265 -214.875 -219.194 -218.698 -217.358 -216.546 -225.103 -239.708 -256.034 -280.811 -301.002 -329.59 -343.733
-39.372 -39.372 -39.372 -35.3477 -42.653 -39.4252 -42.653 -47.3802 -52.496 -52.496 -55.777 -59.8096 -62.339 -65.62 -69.2972 -72.182 -76.7225 -77.5442 -82.025 -88.587 -91.868 -95.149 -97.9005 -101.711 -104.992 -110.323 -112.976 -115.982 -123.648 -120.166 -124.678 -129.699 -129.762 -135.457 -143.013 -147.554 -150.926 -154.207 -157.488 -160.769 -164.467 -170.612 -173.893 -177.174 -179.533 -184.314 -187.017 -190.298 -193.579 -200.141 -203.422 -208.238 -209.984 -208.753 -203.422 -219.827 -219.827 -228.533 -260.41 -299.533 -370.799 -320.808 -408.163 -427.703 -452.353
-36.091 -36.091 -36.091 -40.6793 -42.653 -45.934 -45.934 -49.215 -49.6617 -55.777 -56.0409 -60.8366 -62.339 -65.62 -69.5284 -72.182 -75.463 -78.744 -83.4877 -87.2548 -91.868 -95.149 -97.8568 -99.6006 -101.711 -103.66 -100.379 -112.519 -118.116 -123.977 -124.678 -127.959 -134.125 -137.683 -141.083 -144.364 -150.926 -151.038 -157.488 -160.769 -162.887 -167.331 -170.612 -174.322 -177.174 -181.005 -184.346 -188.145 -193.579 -198.983 -202.672 -207.615 -208.652 -203.422 -193.083 -213.874 -219.324 -238.306 -324.795 -327.252 -340.652 -464.024 -478.827 -569.973 -603.505
-35.7249 -36.091 -39.2803 -39.372 -42.653 -42.7329 -45.934 -49.215 -52.496 -55.777 -59.7079 -62.339 -65.62 -66.0373 -70.9295 -72.182 -75.463 -78.744 -82.025 -85.306 -91.868 -94.4876 -93.7151 -97.1198 -101.031 -104.992 -110.549 -114.835 -118.116 -118.116 -124.079 -127.959 -136.82 -134.521 -139.541 -144.324 -147.645 -150.926 -154.207 -157.488 -160.769 -164.05 -167.68 -172.459 -174.716 -180.455 -183.736 -187.017 -190.99 -201.473 -200.141 -202.751 -201.067 -196.464 -204.856 -209.984 -214.131 -217.102 -235.257 -271.896 -331.638 -407.778 -442.561 -564.964 -708.515
-32.81 -36.091 -36.091 -39.372 -39.372 -42.653 -45.934 -49.215 -52.496 -56.3253 -62.339 -62.339 -62.339 -65.62 -72.182 -72.182 -75.463 -78.744 -82.025 -82.025 -86.972 -91.868 -91.868 -97.1198 -101.711 -104.992 -108.273 -111.554 -114.835 -118.116 -121.397 -124.678 -131.636 -134.521 -134.521 -141.083 -144.364 -147.645 -150.926 -154.207 -157.905 -164.05 -166.086 -169.414 -173.893 -177.174 -180.455 -187.017 -189.338 -202.385 -198.918 -187.733 -195.324 -203.422 -203.422 -201.886 -202.633 -214.269 -232.967 -261.862 -305.011 -413.027 -499.495 -602.844 -556.542
-32.81 -36.091 -36.091 -36.091 -39.372 -39.372 -42.653 -45.934 -50.8587 -54.1397 -56.1026 -57.7958 -59.058 -63.2938 -68.901 -71.1226 -72.182 -75.463 -78.744 -77.881 -79.6009 -82.907 -91.868 -95.149 -98.43 -102.8 -104.992 -108.273 -111.554 -114.835 -119.46 -122.792 -127.762 -132.736 -134.521 -134.521 -142.732 -146.064 -149.396 -154.207 -157.488 -160.769 -164.05 -167.331 -171.025 -177.174 -180.455 -182.662 -184.966 -203.734 -193.282 -181.778 -190.29 -196.769 -198.504 -198.801 -210.383 -219.827 -236.322 -251.242 -279.26 -324.66 -435.226 -492.049 -473.379
