data/map/socalcrmdepth.asc
ncols         217
nrows         146
xllcorner     6.39591e+006
yllcorner     1.68973e+006
cellsize      1135.85
NODATA_value  -99999
[rows 56 to 83 of 146, columns 0 to 64 of 217]
213.68 208.389 205.464 201.146 200.797 200.353 195.209 194.764 190.105 189.111 180.072 169.449 167.82 167.031 155.342 151.218 148.534 146.531 138.969 131.652 116.908 90.9268 90.1787 74.1981 72.9637 64.2284 56.1746 50.6998 41.3406 33.7675 32.1261 10.871 -56.6059 -159.646 -122.439 -113.909 -107.111 -124.791 -160.035 -111.299 -103.189 -113.904 -100.615 -92.9765 -92.9765 -90.2517 -92.8039 -97.3924 -85.306 -82.8467 -105.07 -76.0835 -70.0498 -62.8908 -60.0721 -57.2068 -52.496 -50.4414 -45.934 -45.934 -49.215 -49.215 -47.0425 -57.6617 -78.1001
212.92 207.221 203.09 201.822 200.797 200.399 195.184 193.492 192.598 189.824 188.167 180.354 168.187 167.901 160.81 157.126 150.854 149.944 145.464 135.886 131.144 106.158 89.6139 75.0874 73.9127 64.5378 54.7953 50.6769 43.2715 33.3836 31.3398 31.157 -2.90446 -116.543 -133.994 -124.678 -101.711 -101.69 -154.207 -98.6541 -100.54 -117.703 -100.286 -91.868 -87.8274 -91.612 -90.5297 -90.142 -85.306 -78.744 -81.9488 -80.4092 -70.6359 -62.339 -60.0648 -55.777 -52.496 -52.496 -45.934 -42.967 -45.934 -45.934 -45.934 -46.9408 -54.3517
210.776 205.08 201.807 201.446 200.708 195.543 194.119 192.468 191.762 190.175 189.44 186.023 179.633 174.291 165.925 159.991 157.233 151.368 149.286 139.544 133.393 110.542 90.8359 85.0747 74.4996 63.9795 56.1051 50.6335 47.3132 33.4905 31.7691 31.6925 4.50286 -71.8744 -145.423 -102.522 -106.168 -126.169 -130.545 -124.936 -91.3024 -126.856 -104.463 -87.0511 -82.2271 -85.306 -92.5457 -88.4865 -87.6819 -78.744 -77.4013 -72.5805 -64.5004 -59.058 -56.1995 -54.4365 -52.496 -50.4414 -44.3726 -41.6299 -45.934 -45.934 -45.934 -45.934 -49.215
210.732 204.666 201.559 201.438 200.797 195.224 193.283 191.932 191.187 189.849 188.916 186.238 182.041 177.782 173.651 161.069 159.556 158.331 150.77 147.682 134.213 120.22 94.2861 90.8977 80.5664 63.9849 56.7908 51.7571 48.3074 35.8458 32.2916 31.4317 26.3512 -15.7367 -143.594 -102.739 -122.119 -96.0038 -129.993 -145.64 -118.029 -99.1288 -82.0402 -90.8428 -84.611 -83.4584 -88.0128 -95.296 -81.6891 -75.463 -94.2588 -69.3507 -62.7638 -59.058 -55.777 -53.9258 -52.496 -49.215 -42.9284 -41.6299 -45.7084 -45.934 -47.8694 -49.0641 -49.215
210.381 204.976 199.788 200.797 195.219 194.961 191.939 191.61 189.356 188.39 188.502 188.667 184.048 178.281 177.594 172.126 161.309 161.224 155.621 151.22 140.746 132.554 111.97 92.736 86.1632 68.0381 61.4757 52.7868 50.8555 38.0487 32.5906 31.4976 30.6218 4.89608 -106.832 -173.087 -102.825 -136.39 -116.029 -159.659 -121.416 -98.8425 -91.5058 -103.836 -86.5769 -86.0844 -87.6511 -74.4254 -72.182 -72.182 -72.182 -67.8494 -62.339 -59.058 -55.777 -52.496 -52.496 -47.1604 -37.677 -40.9282 -42.6304 -45.934 -49.215 -49.215 -49.215
213.216 203.798 199.157 195.623 195.219 193 191.869 189.055 187.972 187.673 187.683 188.115 184.126 183.934 178.754 176.588 162.575 161.425 159.422 153.52 147.995 135.825 113.195 97.1979 90.3938 82.0025 66.1275 57.67 50.229 43.6264 36.7472 32.023 30.5621 11.073 -69.0878 -165.485 -91.1819 -133.044 -101.619 -120.076 -146.357 -109.483 -89.6194 -101.596 -87.2559 -72.6295 -71.675 -75.2732 -72.182 -65.62 -66.5745 -62.339 -62.339 -57.4102 -55.777 -52.496 -50.5431 -41.3725 -52.496 -51.06 -49.215 -49.215 -49.215 -51.896 -51.896
209.955 200.412 197.528 194.883 193.748 189.642 188.755 187.719 187.673 187.673 187.673 187.673 188.658 184.478 184.772 180.541 172.879 164.248 164.843 156.93 152.148 136.618 125.182 108.447 96.9157 84.8303 77.3135 64.575 56.273 44.7415 37.9616 32.1423 31.4754 29.7305 -12.6534 -126.964 -93.4802 -110.355 -138.61 -96.6618 -160.413 -142.008 -79.2423 -94.8423 -76.3484 -72.182 -68.901 -65.7776 -74.9647 -64.0692 -62.339 -59.058 -56.0405 -55.777 -52.496 -49.215 -47.5587 -52.6653 -52.496 -52.496 -52.1376 -52.496 -55.168 -55.777 -52.496
214.23 199.7 196.897 194.876 193.091 189.358 187.438 187.673 187.642 187.593 187.673 187.673 188.339 189.001 186.83 186.361 183.568 172.721 166.63 164.175 155.526 147.343 136.871 112.087 100.086 89.2442 82.9629 75.1272 62.4797 55.3792 45.2068 34.919 34.6773 29.2921 5.99194 -62.089 -125.328 -173.454 -152.072 -130.568 -151.777 -128.546 -109.933 -76.7246 -95.9946 -75.0664 -71.8985 -71.7854 -68.5044 -74.8629 -65.2234 -55.777 -55.777 -52.496 -49.4001 -44.3066 -37.4191 -52.496 -52.496 -52.496 -49.215 -49.215 -49.215 -49.6116 -49.215
218.931 202.024 196.837 194.226 190.597 189.314 187.63 187.047 186.417 186.361 187.019 187.673 188.376 189.534 189.606 191.294 186.117 185.48 172.331 168.329 160.129 153.681 144.637 128.477 112.348 95.4249 90.8443 79.1599 77.6158 61.4184 54.6951 44.3199 35.5415 33.1802 10.5565 -12.5303 -128.04 -170.674 -163.928 -121.397 -137.571 -172.884 -124.147 -75.8147 -89.8337 -80.9708 -70.0478 -73.4213 -75.168 -62.4506 -66.2636 -60.4345 -55.777 -52.496 -49.215 -42.653 -32.6344 -49.3253 -49.215 -49.215 -49.215 -46.229 -45.934 -49.215 -49.215
218.517 202.501 197.238 196.112 191.263 189.637 188.995 186.974 186.98 186.984 187.726 188.129 189.29 189.294 189.622 192.471 193.231 189.7 185.474 170.793 164.05 160.058 148.397 143.848 121.201 104.901 92.5504 81.6348 78.4018 72.4212 58.0708 53.3433 38.0172 34.858 14.5843 4.67952 -85.8937 -112.37 -193.027 -112.828 -156.825 -135.225 -157.159 -99.2386 -116.544 -90.8405 -77.6148 -80.8552 -86.1849 -65.5469 -62.4181 -73.3942 -57.232 -52.3989 -45.934 -45.934 -35.388 -38.3389 -46.0003 -45.934 -42.8463 -45.1626 -45.934 -45.934 -45.934
219.649 206.477 197.528 195.277 192.261 190.298 189.642 188.279 187.95 187.336 187.395 189.104 190.476 190.286 189.923 192.48 193.592 197.471 196.717 183.916 175.25 164.965 161.608 149.276 146.162 120.156 101.891 89.3993 80.4966 78.0347 73.3613 56.1955 52.0594 37.7223 36.4988 10.5367 -26.3728 -95.0486 -129.073 -209.289 -146.902 -176.972 -141.145 -151.134 -109.708 -109.886 -90.8143 -87.3812 -92.719 -93.2828 -76.7141 -69.1503 -62.3822 -55.6708 -49.215 -45.934 -49.215 -29.7242 -39.495 -39.4006 -39.3977 -42.653 -42.653 -40.0627 -39.4636
225.461 221.835 206.803 203.389 199.179 193.908 192.568 191.282 189.609 188.939 188.113 189.314 189.391 191.256 194.238 194.673 198.642 201.762 203.454 198.695 191.781 175.024 164.899 163.255 160.702 146.544 130.584 97.6858 87.1877 78.667 74.952 67.3551 55.4539 41.7293 40.6513 14.9858 2.37273 -78.7967 -72.9053 -164.624 -227.082 -168.613 -159.604 -144.491 -116.3 -115.613 -98.4473 -87.3881 -111.291 -98.4276 -80.6924 -74.0287 -67.3698 -68.8922 -54.043 -49.2194 -49.215 -43.8959 -41.5216 -26.2884 -37.4945 -34.4418 -39.372 -39.3701 -39.372
235.349 232.001 229.479 224.911 224.443 204.744 201.169 202.473 198.514 193.326 193.677 192.552 195.135 194.592 194.209 199.739 203.397 208.675 208.605 206.881 202.641 182.608 179.224 166.999 161.878 149.286 145.897 102.555 90.9435 82.5633 78.6602 73.2232 62.0868 54.9008 39.2615 16.761 7.02622 -36.0241 -78.4086 -151.734 -200.01 -141.498 -157.321 -162.11 -101.661 -119.59 -107.369 -92.982 -101.115 -110.452 -98.6078 -98.4166 -77.3688 -72.182 -67.2633 -59.1067 -53.8907 -49.145 -46.0458 -49.215 -40.4856 -40.1917 -28.5767 -36.7073 -36.1085
237.247 236.91 236.276 234.38 233.343 226.419 213.404 205.963 204.008 200.277 200.797 199.386 195.564 195.511 197.149 202.757 211.42 220.035 219.789 215.952 215.221 210.621 183.937 179.185 165.361 162.027 148.904 133.928 100.295 86.8684 78.1941 74.882 67.4069 55.4687 49.7783 42.3432 11.5875 -3.08284 -75.7236 -55.8298 -179.948 -170.881 -112.692 -160.347 -112.949 -121.556 -108.944 -103.954 -99.6345 -119.011 -98.4688 -101.284 -82.2385 -75.463 -78.4167 -65.713 -62.339 -53.8561 -55.777 -53.666 -49.8293 -49.215 -40.3035 -25.4583 -29.5625
239.234 237.544 237.544 236.934 235.941 227.994 226.064 210.364 204.043 201.439 201.075 200.797 199.685 198.035 203.948 214.258 227.875 238.63 236.308 230.105 220.629 220.007 218.733 212.857 181.833 167.579 149.831 144.087 109.08 92.9313 81.8108 76.6226 67.6753 58.1803 55.129 42.653 14.5845 5.92546 -35.5926 -35.7949 -112.5 -187.397 -147.802 -156.973 -100.418 -128.718 -124.723 -103.639 -103.962 -117.828 -100.835 -91.868 -88.587 -75.463 -75.463 -68.901 -66.9481 -60.2844 -58.0413 -59.3732 -56.9251 -52.8112 -46.8982 -30.7306 -30.3588
243.204 242.46 238.116 237.544 237.263 235.612 227.453 220.636 209.211 203.915 202.78 201.039 201.851 204.82 219.555 300.511 297.634 271.283 254.289 237.169 226.239 228.098 227.701 221.449 211.428 196.683 174.995 150.479 142.648 103.623 90.2379 77.2571 75.7911 66.2762 56.162 43.6573 42.3654 9.27523 -13.2463 -82.2841 -78.8375 -160.855 -189.221 -138.032 -106.029 -115.98 -130.263 -113.323 -102.128 -104.316 -109.464 -93.4712 -88.7758 -78.5346 -75.2407 -68.4841 -62.339 -59.4749 -64.2212 -70.341 -63.5602 -59.8777 -53.5397 -52.496 -40.2058
243.45 241.703 242.085 242.283 237.548 236.879 234.492 226.429 214.68 213.568 210.298 206.89 211.361 230.622 309.57 315.978 313.664 293.12 276.787 246.122 231.504 234.151 230.603 228.515 220.611 211.332 203.22 174.859 155.272 110.406 95.5922 80.3016 76.6327 66.4821 55.6415 49.7604 42.8453 12.2873 -5.75825 -33.5298 -69.5394 -106.654 -177.559 -164.533 -140.817 -110.023 -88.1869 -137.682 -104.992 -103.471 -100.428 -99.0655 -87.3151 -78.744 -75.463 -67.5684 -66.1386 -62.339 -63.0296 -72.0062 -72.21 -65.7057 -59.058 -55.777 -50.1669
243.881 243.122 243.148 242.825 242.794 236.287 234.858 227.436 223.192 215.313 212.656 216.573 237.681 323.597 321.577 318.231 317.24 305.999 300.888 251.098 239.935 237.84 238.263 237.101 232.142 226.579 219.599 210.266 191.087 129.627 107.595 87.83 80.3441 69.469 61.564 52.1128 44.1725 13.8286 3.72726 -21.3185 -55.8007 -86.4266 -172.208 -164.671 -160.702 -139.776 -90.4694 -109.896 -103.585 -102.717 -101.482 -96.5642 -83.7599 -78.744 -75.463 -72.182 -65.8711 -62.339 -58.6504 -65.1931 -59.8052 -75.1531 -62.339 -59.054 -59.5726
246.469 243.715 243.194 243.122 243.371 240.297 236.307 230.426 223.051 221.486 241.609 336.559 343.705 352.876 358.479 359.918 349.205 333.448 315.305 256.222 243.329 244.341 240.717 240.169 238.18 236.275 229.153 224.557 218.769 198.063 126.486 102.36 86.3315 69.1646 63.1589 52.7411 48.631 16.211 7.06609 -13.7469 -30.1804 -76.993 -143.199 -189.794 -160.036 -139.359 -120.924 -100.761 -101.24 -105.265 -96.4666 -92.2722 -86.4098 -80.7398 -75.8 -73.6118 -68.901 -61.8869 -57.5521 -60.0811 -59.058 -69.1813 -59.776 -55.9126 -55.777
248.723 248.254 245.082 243.493 243.044 238.608 235.742 241.706 276.149 338.358 347.353 349.576 357.87 364.53 373.176 377.247 378.239 371.836 360.27 264.593 250.88 248.86 246.541 245.044 244.763 243.658 241.046 236.472 228.986 215.538 192.917 121.309 99.526 74.867 62.321 51.3234 48.895 46.4479 10.1447 -7.98873 -27.7998 -63.9414 -115.704 -172.863 -142.108 -108.416 -71.3649 -106.672 -100.572 -106.65 -101.897 -95.9727 -95.5845 -84.4819 -78.744 -72.182 -65.62 -63.5654 -51.187 -49.9813 -52.496 -60.6996 -61.6955 -59.058 -55.777
253.234 252.337 250.168 249.36 253.371 258.545 289.121 344.742 344.939 353.036 354.482 368.721 371.947 375.599 380.957 385.74 383.373 383.516 370.904 268.367 257.217 249.833 247.364 246.062 246.403 246.403 246.008 242.606 236.97 222.649 198.946 164.248 135.769 94.0868 69.746 56.1779 50.7435 50.8338 14.3894 1.00144 -13.3578 -39.3192 -63.3972 -142.167 -138.888 -103.778 -116.608 -111.202 -100.893 -104.101 -93.1721 -112.087 -104.992 -99.3554 -83.5565 -77.4149 -72.182 -69.8264 -65.62 -57.7255 -52.7559 -54.1376 -58.3351 -56.2195 -55.777
260.238 264.088 267.42 322.208 327.144 333.149 345.042 344.057 351.459 368.619 372.944 379.12 380.746 381.367 383.074 386.761 387.772 392.452 386.613 278.558 262.245 257.366 250.96 249.167 252.084 252.046 252.084 249.092 243.658 227.204 255.378 356.361 351.692 131.763 86.6057 58.8772 55.3374 54.1123 52.1305 9.39945 -7.30076 -28.5234 -67.5397 -134.213 -100.628 -139.899 -83.05 -88.0835 -98.43 -96.5504 -102.888 -107.821 -87.135 -90.2348 -101.929 -92.8765 -72.182 -72.182 -67.4198 -63.3661 -59.3464 -47.982 -51.778 -55.777 -52.8495
284.014 327.612 337.159 339.297 348.926 361.286 362.58 361.291 359.104 372.041 385.306 381.874 382.469 388.402 388.215 392.139 399.845 406.852 397.032 338.955 272.921 264.146 260.389 257.441 252.245 253.748 255.737 252.946 249.757 259.474 319.185 397.464 379.637 187.199 119.055 62.6131 56.7856 57.4189 55.079 9.18515 -3.58962 -24.5209 -74.8633 -123.878 -112.226 -152.713 -78.6829 -90.5853 -94.0097 -89.0713 -99.3197 -108.291 -82.3285 -88.6495 -112.318 -85.306 -77.463 -68.901 -72.182 -72.182 -75.3576 -57.2398 -47.6134 -55.777 -52.496
337.067 333.243 342.753 344.444 353.564 362.992 378.458 377.782 379.041 388.182 397.516 394.63 400.498 415.494 422.081 421.689 417.576 413.301 407.885 358.079 276.891 275.464 262.82 259.62 257.286 255.788 256.287 256.498 254.833 281.803 402.645 405.242 409.381 385.527 147.187 79.416 64.1325 56.7612 56.7082 23.6771 0.240236 -5.02216 -68.2133 -103.998 -120.896 -149.355 -107.337 -96.8598 -103.887 -96.3795 -113.848 -105.531 -99.1987 -92.0687 -90.3365 -86.7358 -78.744 -77.46 -75.463 -73.2051 -70.1315 -68.3887 -53.8814 -49.8313 -47.9845
352.444 344.842 363.168 369.753 371.033 387.971 389.464 386.552 390.624 394.081 399.041 403.594 413.523 427.433 423.876 423.503 421.939 415.17 419.472 414.797 294.993 277.651 271.285 264.683 261.558 260.579 260.382 259.595 260.571 319.159 417.639 419.706 410.749 417.57 199.602 127.824 82.2693 64.2754 60.6129 29.3105 18.7724 -2.52896 -73.0135 -89.522 -122.928 -137.026 -108.685 -104.992 -107.271 -101.802 -106.324 -107.07 -107.029 -96.7909 -91.1577 -85.306 -94.5323 -99.376 -93.8683 -88.6844 -76.3844 -66.9522 -58.9256 -40.6076 -45.934
387.942 371.642 379.141 379.774 385.701 388.744 394.129 398.651 398.047 403.233 413.085 414.998 444.552 439.333 435.951 434.501 436.446 442.725 432.249 437.767 320.523 292.771 276.362 269.355 263.304 261.046 260.949 260.385 287.802 344.521 392.57 450.095 458.367 444.372 424.057 176.579 135.156 85.3548 65.1622 32.1277 23.5659 0.797031 -78.3307 -97.5453 -126.525 -158.322 -111.554 -102.749 -104.284 -98.43 -91.2812 -97.238 -101.711 -96.0685 -89.6696 -85.306 -91.868 -96.5829 -93.7934 -91.9018 -87.6613 -74.0773 -65.6109 -52.2284 -40.5587
429.222 414.255 403.296 397.257 393.697 412.011 439.154 421.085 413.7 425.373 456.38 459.777 463.166 462.548 463.41 441.528 443.613 450.892 454.422 445.108 407.576 321.521 296.722 280.271 271.151 265.969 264.449 271.883 338.094 366.311 438.094 463.123 467.159 429.212 409.968 174.921 138.729 81.5703 66.8583 32.5234 24.6425 -0.328526 -81.7435 -106.523 -160.091 -144.287 -107.757 -102.616 -104.596 -94.5682 -83.7704 -86.1919 -88.7969 -82.8938 -80.4935 -90.7411 -103.247 -95.723 -93.0648 -85.306 -88.9209 -76.2827 -69.283 -58.2567 -50.7506
545.114 533.887 495.849 498.117 449.539 448.344 470.353 475.38 462.364 465.892 469.945 464.986 465.854 464.175 464.29 462.186 461.995 476.159 470.33 458.19 443.567 365.683 327.195 313.271 296.509 290.124 312.745 357.015 419.342 436.103 555.91 540.885 540.951 435.702 228.041 160.976 116.955 70.0126 58.3774 37.3506 22.707 -4.48743 -87.2148 -117.239 -141.26 -139.497 -153.977 -97.3061 -98.4364 -90.0053 -83.9633 -89.5136 -86.0775 -79.5379 -78.744 -87.3646 -95.149 -90.8427 -85.306 -86.4372 -78.4897 -68.901 -65.62 -59.9831 -56.0338
